brand_name,brand_form,modifier_group,modifier,keyword,kwp_measured,average_monthly_searches
家庭教師のトライ,トライ,評判・第三者評価,口コミ,トライ 口コミ,値あり,320
家庭教師のトライ,トライ,評判・第三者評価,評判,トライ 評判,値あり,140
家庭教師のトライ,トライ,評判・第三者評価,レビュー,トライ レビュー,値あり,
家庭教師のトライ,トライ,評判・第三者評価,体験談,トライ 体験談,値あり,10
家庭教師のトライ,トライ,評判・第三者評価,感想,トライ 感想,値あり,
家庭教師のトライ,トライ,評判・第三者評価,評価,トライ 評価,値あり,30
家庭教師のトライ,トライ,料金・契約,料金,トライ 料金,値あり,1600
家庭教師のトライ,トライ,料金・契約,費用,トライ 費用,値あり,70
家庭教師のトライ,トライ,料金・契約,月謝,トライ 月謝,値あり,170
家庭教師のトライ,トライ,料金・契約,値段,トライ 値段,値あり,260
家庭教師のトライ,トライ,料金・契約,価格,トライ 価格,値あり,20
家庭教師のトライ,トライ,料金・契約,入会金,トライ 入会金,値あり,40
家庭教師のトライ,トライ,料金・契約,教材費,トライ 教材費,値あり,10
家庭教師のトライ,トライ,料金・契約,高い,トライ 高い,値あり,90
家庭教師のトライ,トライ,料金・契約,安い,トライ 安い,値あり,
家庭教師のトライ,トライ,比較・選択,比較,トライ 比較,値あり,10
家庭教師のトライ,トライ,比較・選択,違い,トライ 違い,値あり,
家庭教師のトライ,トライ,比較・選択,どっち,トライ どっち,値あり,
家庭教師のトライ,トライ,比較・選択,おすすめ,トライ おすすめ,値あり,
家庭教師のトライ,トライ,比較・選択,他社,トライ 他社,値あり,
家庭教師のトライ,トライ,比較・選択,ランキング,トライ ランキング,値あり,10
家庭教師のトライ,トライ,不安・ネガティブ確認,デメリット,トライ デメリット,値あり,
家庭教師のトライ,トライ,不安・ネガティブ確認,メリット,トライ メリット,値あり,
家庭教師のトライ,トライ,不安・ネガティブ確認,怪しい,トライ 怪しい,値あり,
家庭教師のトライ,トライ,不安・ネガティブ確認,最悪,トライ 最悪,値あり,10
家庭教師のトライ,トライ,不安・ネガティブ確認,失敗,トライ 失敗,値あり,10
家庭教師のトライ,トライ,不安・ネガティブ確認,後悔,トライ 後悔,値あり,
家庭教師のトライ,トライ,不安・ネガティブ確認,合わない,トライ 合わない,値あり,
家庭教師のトライ,トライ,不安・ネガティブ確認,向いてない,トライ 向いてない,値あり,
家庭教師のトライ,トライ,不安・ネガティブ確認,やめたい,トライ やめたい,値あり,20
家庭教師のトライ,トライ,不安・ネガティブ確認,辞めたい,トライ 辞めたい,値あり,20
家庭教師のトライ,トライ,不安・ネガティブ確認,退会,トライ 退会,値あり,140
家庭教師のトライ,トライ,不安・ネガティブ確認,解約,トライ 解約,値あり,170
家庭教師のトライ,トライ,申込直前,無料体験,トライ 無料体験,値あり,50
家庭教師のトライ,トライ,申込直前,体験,トライ 体験,値あり,50
家庭教師のトライ,トライ,申込直前,体験授業,トライ 体験授業,値あり,110
家庭教師のトライ,トライ,申込直前,無料相談,トライ 無料相談,値あり,
家庭教師のトライ,トライ,申込直前,資料請求,トライ 資料請求,値あり,30
家庭教師のトライ,トライ,申込直前,申し込み,トライ 申し込み,値あり,10
家庭教師のトライ,トライ,申込直前,入会,トライ 入会,値あり,
家庭教師のトライ,トライ,発達特性との相性,発達障害,トライ 発達障害,値あり,
家庭教師のトライ,トライ,発達特性との相性,発達障がい,トライ 発達障がい,値あり,
家庭教師のトライ,トライ,発達特性との相性,グレーゾーン,トライ グレーゾーン,値あり,
家庭教師のトライ,トライ,発達特性との相性,ADHD,トライ ADHD,値あり,
家庭教師のトライ,トライ,発達特性との相性,ASD,トライ ASD,値あり,
家庭教師のトライ,トライ,発達特性との相性,自閉症,トライ 自閉症,値あり,
家庭教師のトライ,トライ,発達特性との相性,LD,トライ LD,値あり,
家庭教師のトライ,トライ,発達特性との相性,学習障害,トライ 学習障害,値あり,
家庭教師のトライ,トライ,発達特性との相性,境界知能,トライ 境界知能,値あり,
家庭教師のトライ,トライ,発達特性との相性,不登校,トライ 不登校,値あり,140
家庭教師のトライ,トライ,対象・用途,小学生,トライ 小学生,値あり,70
家庭教師のトライ,トライ,対象・用途,中学生,トライ 中学生,値あり,90
家庭教師のトライ,トライ,対象・用途,高校生,トライ 高校生,値あり,70
家庭教師のトライ,トライ,対象・用途,高校受験,トライ 高校受験,値あり,40
家庭教師のトライ,トライ,対象・用途,中学受験,トライ 中学受験,値あり,110
家庭教師のトライ,トライ,対象・用途,大学受験,トライ 大学受験,値あり,320
家庭教師のトライ,トライ,追加：SERP・サジェスト由来,評判 悪い,トライ 評判 悪い,値あり,20
家庭教師のトライ,トライ,追加：SERP・サジェスト由来,やばい,トライ やばい,値あり,50
家庭教師のトライ,トライ,追加：SERP・サジェスト由来,知恵袋,トライ 知恵袋,値あり,40
家庭教師のトライ,トライ,追加：SERP・サジェスト由来,2ch,トライ 2ch,値あり,10
家庭教師のトライ,トライ,追加：SERP・サジェスト由来,料金表,トライ 料金表,値あり,260
家庭教師のトライ,トライ,追加：SERP・サジェスト由来,授業料,トライ 授業料,値あり,480
家庭教師のトライ,トライ,追加：SERP・サジェスト由来,夏期講習,トライ 夏期講習,値あり,480
家庭教師のトライ,トライ,追加：SERP・サジェスト由来,意味ない,トライ 意味ない,値あり,
家庭教師のトライ,トライ,追加：SERP・サジェスト由来,バイト,トライ バイト,値あり,1600
家庭教師のトライ,トライ,追加：SERP・サジェスト由来,求人,トライ 求人,値あり,260
家庭教師のトライ,トライ,追加：KWP KeywordSeed由来,クチコミ,トライ クチコミ,値あり,320
家庭教師のトライ,トライ,追加：KWP KeywordSeed由来,やめとけ,トライ やめとけ,値あり,
家庭教師のトライ,トライ,追加：KWP KeywordSeed由来,合格実績,トライ 合格実績,値あり,90
家庭教師のトライ,トライ,追加：KWP KeywordSeed由来,時間割,トライ 時間割,値あり,90
家庭教師のトライ,トライ,追加：KWP KeywordSeed由来,キャンペーン,トライ キャンペーン,値あり,110
家庭教師のトライ,トライ,追加：KWP KeywordSeed由来,割引,トライ 割引,値あり,
家庭教師のトライ,トライ,追加：KWP KeywordSeed由来,コース,トライ コース,値あり,40
家庭教師のトライ,トライ,追加：KWP KeywordSeed由来,春期講習,トライ 春期講習,値あり,90
家庭教師のトライ,トライ,追加：KWP KeywordSeed由来,冬期講習,トライ 冬期講習,値あり,210
家庭教師のトライ,トライ,追加：KWP KeywordSeed由来,電話番号,トライ 電話番号,値あり,170
家庭教師のトライ,トライ,追加：KWP KeywordSeed由来,ホームページ,トライ ホームページ,値あり,70
家庭教師のトライ,トライ,追加：KWP KeywordSeed由来,株式会社,トライ 株式会社,値あり,320
家庭教師のトライ,トライ,追加：KWP KeywordSeed由来,講師,トライ 講師,値あり,260
家庭教師のトライ,トライ,追加：KWP KeywordSeed由来,とは,トライ とは,値あり,90
家庭教師のトライ,トライ,発達特性×口コミ,発達障害 口コミ,トライ 発達障害 口コミ,値あり,
家庭教師のトライ,トライ,発達特性×口コミ,発達障がい 口コミ,トライ 発達障がい 口コミ,値あり,
家庭教師のトライ,トライ,発達特性×口コミ,グレーゾーン 口コミ,トライ グレーゾーン 口コミ,値あり,
家庭教師のトライ,トライ,発達特性×口コミ,ADHD 口コミ,トライ ADHD 口コミ,値あり,
家庭教師のトライ,トライ,発達特性×口コミ,ASD 口コミ,トライ ASD 口コミ,値あり,
家庭教師のトライ,トライ,発達特性×口コミ,自閉症 口コミ,トライ 自閉症 口コミ,値あり,
家庭教師のトライ,トライ,発達特性×口コミ,LD 口コミ,トライ LD 口コミ,値あり,
家庭教師のトライ,トライ,発達特性×口コミ,学習障害 口コミ,トライ 学習障害 口コミ,値あり,
家庭教師のトライ,トライ,発達特性×口コミ,境界知能 口コミ,トライ 境界知能 口コミ,値あり,
家庭教師のトライ,トライ,発達特性×口コミ,不登校 口コミ,トライ 不登校 口コミ,値あり,
家庭教師のトライ,トライ,発達特性×評判,発達障害 評判,トライ 発達障害 評判,値あり,
家庭教師のトライ,トライ,発達特性×評判,発達障がい 評判,トライ 発達障がい 評判,値あり,
家庭教師のトライ,トライ,発達特性×評判,グレーゾーン 評判,トライ グレーゾーン 評判,値あり,
家庭教師のトライ,トライ,発達特性×評判,ADHD 評判,トライ ADHD 評判,値あり,
家庭教師のトライ,トライ,発達特性×評判,ASD 評判,トライ ASD 評判,値あり,
家庭教師のトライ,トライ,発達特性×評判,自閉症 評判,トライ 自閉症 評判,値あり,
家庭教師のトライ,トライ,発達特性×評判,LD 評判,トライ LD 評判,値あり,
家庭教師のトライ,トライ,発達特性×評判,学習障害 評判,トライ 学習障害 評判,値あり,
家庭教師のトライ,トライ,発達特性×評判,境界知能 評判,トライ 境界知能 評判,値あり,
家庭教師のトライ,トライ,発達特性×評判,不登校 評判,トライ 不登校 評判,値あり,40
家庭教師のトライ,トライ,発達特性×料金,発達障害 料金,トライ 発達障害 料金,値あり,
家庭教師のトライ,トライ,発達特性×料金,発達障がい 料金,トライ 発達障がい 料金,値あり,
家庭教師のトライ,トライ,発達特性×料金,グレーゾーン 料金,トライ グレーゾーン 料金,値あり,
家庭教師のトライ,トライ,発達特性×料金,ADHD 料金,トライ ADHD 料金,値あり,
家庭教師のトライ,トライ,発達特性×料金,ASD 料金,トライ ASD 料金,値あり,
家庭教師のトライ,トライ,発達特性×料金,自閉症 料金,トライ 自閉症 料金,値あり,
家庭教師のトライ,トライ,発達特性×料金,LD 料金,トライ LD 料金,値あり,
家庭教師のトライ,トライ,発達特性×料金,学習障害 料金,トライ 学習障害 料金,値あり,
家庭教師のトライ,トライ,発達特性×料金,境界知能 料金,トライ 境界知能 料金,値あり,
家庭教師のトライ,トライ,発達特性×料金,不登校 料金,トライ 不登校 料金,値あり,30
家庭教師のトライ,家庭教師のトライ,評判・第三者評価,口コミ,家庭教師のトライ 口コミ,値あり,720
家庭教師のトライ,家庭教師のトライ,評判・第三者評価,評判,家庭教師のトライ 評判,値あり,70
家庭教師のトライ,家庭教師のトライ,評判・第三者評価,レビュー,家庭教師のトライ レビュー,値あり,10
家庭教師のトライ,家庭教師のトライ,評判・第三者評価,体験談,家庭教師のトライ 体験談,値あり,10
家庭教師のトライ,家庭教師のトライ,評判・第三者評価,感想,家庭教師のトライ 感想,値あり,
家庭教師のトライ,家庭教師のトライ,評判・第三者評価,評価,家庭教師のトライ 評価,値あり,10
家庭教師のトライ,家庭教師のトライ,料金・契約,料金,家庭教師のトライ 料金,値あり,2900
家庭教師のトライ,家庭教師のトライ,料金・契約,費用,家庭教師のトライ 費用,値あり,40
家庭教師のトライ,家庭教師のトライ,料金・契約,月謝,家庭教師のトライ 月謝,値あり,40
家庭教師のトライ,家庭教師のトライ,料金・契約,値段,家庭教師のトライ 値段,値あり,110
家庭教師のトライ,家庭教師のトライ,料金・契約,価格,家庭教師のトライ 価格,値あり,10
家庭教師のトライ,家庭教師のトライ,料金・契約,入会金,家庭教師のトライ 入会金,値あり,10
家庭教師のトライ,家庭教師のトライ,料金・契約,教材費,家庭教師のトライ 教材費,値あり,10
家庭教師のトライ,家庭教師のトライ,料金・契約,高い,家庭教師のトライ 高い,値あり,30
家庭教師のトライ,家庭教師のトライ,料金・契約,安い,家庭教師のトライ 安い,値あり,
家庭教師のトライ,家庭教師のトライ,比較・選択,比較,家庭教師のトライ 比較,値あり,10
家庭教師のトライ,家庭教師のトライ,比較・選択,違い,家庭教師のトライ 違い,値あり,
家庭教師のトライ,家庭教師のトライ,比較・選択,どっち,家庭教師のトライ どっち,値あり,
家庭教師のトライ,家庭教師のトライ,比較・選択,おすすめ,家庭教師のトライ おすすめ,値あり,
家庭教師のトライ,家庭教師のトライ,比較・選択,他社,家庭教師のトライ 他社,値あり,
家庭教師のトライ,家庭教師のトライ,比較・選択,ランキング,家庭教師のトライ ランキング,値あり,10
家庭教師のトライ,家庭教師のトライ,不安・ネガティブ確認,デメリット,家庭教師のトライ デメリット,値あり,
家庭教師のトライ,家庭教師のトライ,不安・ネガティブ確認,メリット,家庭教師のトライ メリット,値あり,
家庭教師のトライ,家庭教師のトライ,不安・ネガティブ確認,怪しい,家庭教師のトライ 怪しい,値あり,
家庭教師のトライ,家庭教師のトライ,不安・ネガティブ確認,最悪,家庭教師のトライ 最悪,値あり,10
家庭教師のトライ,家庭教師のトライ,不安・ネガティブ確認,失敗,家庭教師のトライ 失敗,値あり,
家庭教師のトライ,家庭教師のトライ,不安・ネガティブ確認,後悔,家庭教師のトライ 後悔,値あり,
家庭教師のトライ,家庭教師のトライ,不安・ネガティブ確認,合わない,家庭教師のトライ 合わない,値あり,
家庭教師のトライ,家庭教師のトライ,不安・ネガティブ確認,向いてない,家庭教師のトライ 向いてない,値あり,
家庭教師のトライ,家庭教師のトライ,不安・ネガティブ確認,やめたい,家庭教師のトライ やめたい,値あり,
家庭教師のトライ,家庭教師のトライ,不安・ネガティブ確認,辞めたい,家庭教師のトライ 辞めたい,値あり,
家庭教師のトライ,家庭教師のトライ,不安・ネガティブ確認,退会,家庭教師のトライ 退会,値あり,20
家庭教師のトライ,家庭教師のトライ,不安・ネガティブ確認,解約,家庭教師のトライ 解約,値あり,40
家庭教師のトライ,家庭教師のトライ,申込直前,無料体験,家庭教師のトライ 無料体験,値あり,10
家庭教師のトライ,家庭教師のトライ,申込直前,体験,家庭教師のトライ 体験,値あり,20
家庭教師のトライ,家庭教師のトライ,申込直前,体験授業,家庭教師のトライ 体験授業,値あり,
家庭教師のトライ,家庭教師のトライ,申込直前,無料相談,家庭教師のトライ 無料相談,値あり,
家庭教師のトライ,家庭教師のトライ,申込直前,資料請求,家庭教師のトライ 資料請求,値あり,10
家庭教師のトライ,家庭教師のトライ,申込直前,申し込み,家庭教師のトライ 申し込み,値あり,
家庭教師のトライ,家庭教師のトライ,申込直前,入会,家庭教師のトライ 入会,値あり,
家庭教師のトライ,家庭教師のトライ,発達特性との相性,発達障害,家庭教師のトライ 発達障害,値あり,90
家庭教師のトライ,家庭教師のトライ,発達特性との相性,発達障がい,家庭教師のトライ 発達障がい,値あり,
家庭教師のトライ,家庭教師のトライ,発達特性との相性,グレーゾーン,家庭教師のトライ グレーゾーン,値あり,
家庭教師のトライ,家庭教師のトライ,発達特性との相性,ADHD,家庭教師のトライ ADHD,値あり,
家庭教師のトライ,家庭教師のトライ,発達特性との相性,ASD,家庭教師のトライ ASD,値あり,
家庭教師のトライ,家庭教師のトライ,発達特性との相性,自閉症,家庭教師のトライ 自閉症,値あり,
家庭教師のトライ,家庭教師のトライ,発達特性との相性,LD,家庭教師のトライ LD,値あり,
家庭教師のトライ,家庭教師のトライ,発達特性との相性,学習障害,家庭教師のトライ 学習障害,値あり,
家庭教師のトライ,家庭教師のトライ,発達特性との相性,境界知能,家庭教師のトライ 境界知能,値あり,
家庭教師のトライ,家庭教師のトライ,発達特性との相性,不登校,家庭教師のトライ 不登校,値あり,70
家庭教師のトライ,家庭教師のトライ,対象・用途,小学生,家庭教師のトライ 小学生,値あり,20
家庭教師のトライ,家庭教師のトライ,対象・用途,中学生,家庭教師のトライ 中学生,値あり,20
家庭教師のトライ,家庭教師のトライ,対象・用途,高校生,家庭教師のトライ 高校生,値あり,40
家庭教師のトライ,家庭教師のトライ,対象・用途,高校受験,家庭教師のトライ 高校受験,値あり,10
家庭教師のトライ,家庭教師のトライ,対象・用途,中学受験,家庭教師のトライ 中学受験,値あり,40
家庭教師のトライ,家庭教師のトライ,対象・用途,大学受験,家庭教師のトライ 大学受験,値あり,20
家庭教師のトライ,家庭教師のトライ,追加：SERP・サジェスト由来,評判 悪い,家庭教師のトライ 評判 悪い,値あり,50
家庭教師のトライ,家庭教師のトライ,追加：SERP・サジェスト由来,やばい,家庭教師のトライ やばい,値あり,720
家庭教師のトライ,家庭教師のトライ,追加：SERP・サジェスト由来,知恵袋,家庭教師のトライ 知恵袋,値あり,20
家庭教師のトライ,家庭教師のトライ,追加：SERP・サジェスト由来,2ch,家庭教師のトライ 2ch,値あり,10
家庭教師のトライ,家庭教師のトライ,追加：SERP・サジェスト由来,料金表,家庭教師のトライ 料金表,値あり,320
家庭教師のトライ,家庭教師のトライ,追加：SERP・サジェスト由来,授業料,家庭教師のトライ 授業料,値あり,40
家庭教師のトライ,家庭教師のトライ,追加：SERP・サジェスト由来,夏期講習,家庭教師のトライ 夏期講習,値あり,50
家庭教師のトライ,家庭教師のトライ,追加：SERP・サジェスト由来,意味ない,家庭教師のトライ 意味ない,値あり,
家庭教師のトライ,家庭教師のトライ,追加：SERP・サジェスト由来,バイト,家庭教師のトライ バイト,値あり,1600
家庭教師のトライ,家庭教師のトライ,追加：SERP・サジェスト由来,求人,家庭教師のトライ 求人,値あり,140
家庭教師のトライ,家庭教師のトライ,追加：KWP KeywordSeed由来,クチコミ,家庭教師のトライ クチコミ,値あり,720
家庭教師のトライ,家庭教師のトライ,追加：KWP KeywordSeed由来,やめとけ,家庭教師のトライ やめとけ,値あり,
家庭教師のトライ,家庭教師のトライ,追加：KWP KeywordSeed由来,合格実績,家庭教師のトライ 合格実績,値あり,10
家庭教師のトライ,家庭教師のトライ,追加：KWP KeywordSeed由来,時間割,家庭教師のトライ 時間割,値あり,10
家庭教師のトライ,家庭教師のトライ,追加：KWP KeywordSeed由来,キャンペーン,家庭教師のトライ キャンペーン,値あり,40
家庭教師のトライ,家庭教師のトライ,追加：KWP KeywordSeed由来,割引,家庭教師のトライ 割引,値あり,
家庭教師のトライ,家庭教師のトライ,追加：KWP KeywordSeed由来,コース,家庭教師のトライ コース,値あり,10
家庭教師のトライ,家庭教師のトライ,追加：KWP KeywordSeed由来,春期講習,家庭教師のトライ 春期講習,値あり,10
家庭教師のトライ,家庭教師のトライ,追加：KWP KeywordSeed由来,冬期講習,家庭教師のトライ 冬期講習,値あり,20
家庭教師のトライ,家庭教師のトライ,追加：KWP KeywordSeed由来,電話番号,家庭教師のトライ 電話番号,値あり,110
家庭教師のトライ,家庭教師のトライ,追加：KWP KeywordSeed由来,ホームページ,家庭教師のトライ ホームページ,値あり,10
家庭教師のトライ,家庭教師のトライ,追加：KWP KeywordSeed由来,株式会社,家庭教師のトライ 株式会社,値あり,10
家庭教師のトライ,家庭教師のトライ,追加：KWP KeywordSeed由来,講師,家庭教師のトライ 講師,値あり,30
家庭教師のトライ,家庭教師のトライ,追加：KWP KeywordSeed由来,とは,家庭教師のトライ とは,値あり,
個別教室のトライ,個別教室のトライ,評判・第三者評価,口コミ,個別教室のトライ 口コミ,値あり,720
個別教室のトライ,個別教室のトライ,評判・第三者評価,評判,個別教室のトライ 評判,値あり,70
個別教室のトライ,個別教室のトライ,評判・第三者評価,レビュー,個別教室のトライ レビュー,値あり,
個別教室のトライ,個別教室のトライ,評判・第三者評価,体験談,個別教室のトライ 体験談,値あり,
個別教室のトライ,個別教室のトライ,評判・第三者評価,感想,個別教室のトライ 感想,値あり,
個別教室のトライ,個別教室のトライ,評判・第三者評価,評価,個別教室のトライ 評価,値あり,10
個別教室のトライ,個別教室のトライ,料金・契約,料金,個別教室のトライ 料金,値あり,4400
個別教室のトライ,個別教室のトライ,料金・契約,費用,個別教室のトライ 費用,値あり,30
個別教室のトライ,個別教室のトライ,料金・契約,月謝,個別教室のトライ 月謝,値あり,40
個別教室のトライ,個別教室のトライ,料金・契約,値段,個別教室のトライ 値段,値あり,70
個別教室のトライ,個別教室のトライ,料金・契約,価格,個別教室のトライ 価格,値あり,10
個別教室のトライ,個別教室のトライ,料金・契約,入会金,個別教室のトライ 入会金,値あり,10
個別教室のトライ,個別教室のトライ,料金・契約,教材費,個別教室のトライ 教材費,値あり,
個別教室のトライ,個別教室のトライ,料金・契約,高い,個別教室のトライ 高い,値あり,40
個別教室のトライ,個別教室のトライ,料金・契約,安い,個別教室のトライ 安い,値あり,
個別教室のトライ,個別教室のトライ,比較・選択,比較,個別教室のトライ 比較,値あり,
個別教室のトライ,個別教室のトライ,比較・選択,違い,個別教室のトライ 違い,値あり,
個別教室のトライ,個別教室のトライ,比較・選択,どっち,個別教室のトライ どっち,値あり,
個別教室のトライ,個別教室のトライ,比較・選択,おすすめ,個別教室のトライ おすすめ,値あり,
個別教室のトライ,個別教室のトライ,比較・選択,他社,個別教室のトライ 他社,値あり,
個別教室のトライ,個別教室のトライ,比較・選択,ランキング,個別教室のトライ ランキング,値あり,10
個別教室のトライ,個別教室のトライ,不安・ネガティブ確認,デメリット,個別教室のトライ デメリット,値あり,40
個別教室のトライ,個別教室のトライ,不安・ネガティブ確認,メリット,個別教室のトライ メリット,値あり,
個別教室のトライ,個別教室のトライ,不安・ネガティブ確認,怪しい,個別教室のトライ 怪しい,値あり,
個別教室のトライ,個別教室のトライ,不安・ネガティブ確認,最悪,個別教室のトライ 最悪,値あり,10
個別教室のトライ,個別教室のトライ,不安・ネガティブ確認,失敗,個別教室のトライ 失敗,値あり,
個別教室のトライ,個別教室のトライ,不安・ネガティブ確認,後悔,個別教室のトライ 後悔,値あり,
個別教室のトライ,個別教室のトライ,不安・ネガティブ確認,合わない,個別教室のトライ 合わない,値あり,
個別教室のトライ,個別教室のトライ,不安・ネガティブ確認,向いてない,個別教室のトライ 向いてない,値あり,
個別教室のトライ,個別教室のトライ,不安・ネガティブ確認,やめたい,個別教室のトライ やめたい,値あり,
個別教室のトライ,個別教室のトライ,不安・ネガティブ確認,辞めたい,個別教室のトライ 辞めたい,値あり,
個別教室のトライ,個別教室のトライ,不安・ネガティブ確認,退会,個別教室のトライ 退会,値あり,30
個別教室のトライ,個別教室のトライ,不安・ネガティブ確認,解約,個別教室のトライ 解約,値あり,40
個別教室のトライ,個別教室のトライ,申込直前,無料体験,個別教室のトライ 無料体験,値あり,30
個別教室のトライ,個別教室のトライ,申込直前,体験,個別教室のトライ 体験,値あり,20
個別教室のトライ,個別教室のトライ,申込直前,体験授業,個別教室のトライ 体験授業,値あり,40
個別教室のトライ,個別教室のトライ,申込直前,無料相談,個別教室のトライ 無料相談,値あり,
個別教室のトライ,個別教室のトライ,申込直前,資料請求,個別教室のトライ 資料請求,値あり,30
個別教室のトライ,個別教室のトライ,申込直前,申し込み,個別教室のトライ 申し込み,値あり,
個別教室のトライ,個別教室のトライ,申込直前,入会,個別教室のトライ 入会,値あり,
個別教室のトライ,個別教室のトライ,発達特性との相性,発達障害,個別教室のトライ 発達障害,値あり,40
個別教室のトライ,個別教室のトライ,発達特性との相性,発達障がい,個別教室のトライ 発達障がい,値あり,
個別教室のトライ,個別教室のトライ,発達特性との相性,グレーゾーン,個別教室のトライ グレーゾーン,値あり,
個別教室のトライ,個別教室のトライ,発達特性との相性,ADHD,個別教室のトライ ADHD,値あり,
個別教室のトライ,個別教室のトライ,発達特性との相性,ASD,個別教室のトライ ASD,値あり,
個別教室のトライ,個別教室のトライ,発達特性との相性,自閉症,個別教室のトライ 自閉症,値あり,
個別教室のトライ,個別教室のトライ,発達特性との相性,LD,個別教室のトライ LD,値あり,
個別教室のトライ,個別教室のトライ,発達特性との相性,学習障害,個別教室のトライ 学習障害,値あり,
個別教室のトライ,個別教室のトライ,発達特性との相性,境界知能,個別教室のトライ 境界知能,値あり,
個別教室のトライ,個別教室のトライ,発達特性との相性,不登校,個別教室のトライ 不登校,値あり,50
個別教室のトライ,個別教室のトライ,対象・用途,小学生,個別教室のトライ 小学生,値あり,30
個別教室のトライ,個別教室のトライ,対象・用途,中学生,個別教室のトライ 中学生,値あり,10
個別教室のトライ,個別教室のトライ,対象・用途,高校生,個別教室のトライ 高校生,値あり,40
個別教室のトライ,個別教室のトライ,対象・用途,高校受験,個別教室のトライ 高校受験,値あり,10
個別教室のトライ,個別教室のトライ,対象・用途,中学受験,個別教室のトライ 中学受験,値あり,30
個別教室のトライ,個別教室のトライ,対象・用途,大学受験,個別教室のトライ 大学受験,値あり,50
個別教室のトライ,個別教室のトライ,追加：SERP・サジェスト由来,評判 悪い,個別教室のトライ 評判 悪い,値あり,140
個別教室のトライ,個別教室のトライ,追加：SERP・サジェスト由来,やばい,個別教室のトライ やばい,値あり,2400
個別教室のトライ,個別教室のトライ,追加：SERP・サジェスト由来,知恵袋,個別教室のトライ 知恵袋,値あり,50
個別教室のトライ,個別教室のトライ,追加：SERP・サジェスト由来,2ch,個別教室のトライ 2ch,値あり,10
個別教室のトライ,個別教室のトライ,追加：SERP・サジェスト由来,料金表,個別教室のトライ 料金表,値あり,590
個別教室のトライ,個別教室のトライ,追加：SERP・サジェスト由来,授業料,個別教室のトライ 授業料,値あり,70
個別教室のトライ,個別教室のトライ,追加：SERP・サジェスト由来,夏期講習,個別教室のトライ 夏期講習,値あり,110
個別教室のトライ,個別教室のトライ,追加：SERP・サジェスト由来,意味ない,個別教室のトライ 意味ない,値あり,
個別教室のトライ,個別教室のトライ,追加：SERP・サジェスト由来,バイト,個別教室のトライ バイト,値あり,880
個別教室のトライ,個別教室のトライ,追加：SERP・サジェスト由来,求人,個別教室のトライ 求人,値あり,50
個別教室のトライ,個別教室のトライ,追加：KWP KeywordSeed由来,クチコミ,個別教室のトライ クチコミ,値あり,720
個別教室のトライ,個別教室のトライ,追加：KWP KeywordSeed由来,やめとけ,個別教室のトライ やめとけ,値あり,
個別教室のトライ,個別教室のトライ,追加：KWP KeywordSeed由来,合格実績,個別教室のトライ 合格実績,値あり,70
個別教室のトライ,個別教室のトライ,追加：KWP KeywordSeed由来,時間割,個別教室のトライ 時間割,値あり,70
個別教室のトライ,個別教室のトライ,追加：KWP KeywordSeed由来,キャンペーン,個別教室のトライ キャンペーン,値あり,170
個別教室のトライ,個別教室のトライ,追加：KWP KeywordSeed由来,割引,個別教室のトライ 割引,値あり,
個別教室のトライ,個別教室のトライ,追加：KWP KeywordSeed由来,コース,個別教室のトライ コース,値あり,10
個別教室のトライ,個別教室のトライ,追加：KWP KeywordSeed由来,春期講習,個別教室のトライ 春期講習,値あり,20
個別教室のトライ,個別教室のトライ,追加：KWP KeywordSeed由来,冬期講習,個別教室のトライ 冬期講習,値あり,50
個別教室のトライ,個別教室のトライ,追加：KWP KeywordSeed由来,電話番号,個別教室のトライ 電話番号,値あり,70
個別教室のトライ,個別教室のトライ,追加：KWP KeywordSeed由来,ホームページ,個別教室のトライ ホームページ,値あり,10
個別教室のトライ,個別教室のトライ,追加：KWP KeywordSeed由来,株式会社,個別教室のトライ 株式会社,値あり,
個別教室のトライ,個別教室のトライ,追加：KWP KeywordSeed由来,講師,個別教室のトライ 講師,値あり,110
個別教室のトライ,個別教室のトライ,追加：KWP KeywordSeed由来,とは,個別教室のトライ とは,値あり,
個別教室のトライ,個別教室のトライ,発達特性×口コミ,発達障害 口コミ,個別教室のトライ 発達障害 口コミ,値あり,
個別教室のトライ,個別教室のトライ,発達特性×口コミ,発達障がい 口コミ,個別教室のトライ 発達障がい 口コミ,値あり,
個別教室のトライ,個別教室のトライ,発達特性×口コミ,グレーゾーン 口コミ,個別教室のトライ グレーゾーン 口コミ,値あり,
個別教室のトライ,個別教室のトライ,発達特性×口コミ,ADHD 口コミ,個別教室のトライ ADHD 口コミ,値あり,
個別教室のトライ,個別教室のトライ,発達特性×口コミ,ASD 口コミ,個別教室のトライ ASD 口コミ,値あり,
個別教室のトライ,個別教室のトライ,発達特性×口コミ,自閉症 口コミ,個別教室のトライ 自閉症 口コミ,値あり,
個別教室のトライ,個別教室のトライ,発達特性×口コミ,LD 口コミ,個別教室のトライ LD 口コミ,値あり,
個別教室のトライ,個別教室のトライ,発達特性×口コミ,学習障害 口コミ,個別教室のトライ 学習障害 口コミ,値あり,
個別教室のトライ,個別教室のトライ,発達特性×口コミ,境界知能 口コミ,個別教室のトライ 境界知能 口コミ,値あり,
個別教室のトライ,個別教室のトライ,発達特性×口コミ,不登校 口コミ,個別教室のトライ 不登校 口コミ,値あり,
個別教室のトライ,個別教室のトライ,発達特性×評判,発達障害 評判,個別教室のトライ 発達障害 評判,値あり,
個別教室のトライ,個別教室のトライ,発達特性×評判,発達障がい 評判,個別教室のトライ 発達障がい 評判,値あり,
個別教室のトライ,個別教室のトライ,発達特性×評判,グレーゾーン 評判,個別教室のトライ グレーゾーン 評判,値あり,
個別教室のトライ,個別教室のトライ,発達特性×評判,ADHD 評判,個別教室のトライ ADHD 評判,値あり,
個別教室のトライ,個別教室のトライ,発達特性×評判,ASD 評判,個別教室のトライ ASD 評判,値あり,
個別教室のトライ,個別教室のトライ,発達特性×評判,自閉症 評判,個別教室のトライ 自閉症 評判,値あり,
個別教室のトライ,個別教室のトライ,発達特性×評判,LD 評判,個別教室のトライ LD 評判,値あり,
個別教室のトライ,個別教室のトライ,発達特性×評判,学習障害 評判,個別教室のトライ 学習障害 評判,値あり,
個別教室のトライ,個別教室のトライ,発達特性×評判,境界知能 評判,個別教室のトライ 境界知能 評判,値あり,
個別教室のトライ,個別教室のトライ,発達特性×評判,不登校 評判,個別教室のトライ 不登校 評判,値あり,
個別教室のトライ,個別教室のトライ,発達特性×料金,発達障害 料金,個別教室のトライ 発達障害 料金,値あり,
個別教室のトライ,個別教室のトライ,発達特性×料金,発達障がい 料金,個別教室のトライ 発達障がい 料金,値あり,
個別教室のトライ,個別教室のトライ,発達特性×料金,グレーゾーン 料金,個別教室のトライ グレーゾーン 料金,値あり,
個別教室のトライ,個別教室のトライ,発達特性×料金,ADHD 料金,個別教室のトライ ADHD 料金,値あり,
個別教室のトライ,個別教室のトライ,発達特性×料金,ASD 料金,個別教室のトライ ASD 料金,値あり,
個別教室のトライ,個別教室のトライ,発達特性×料金,自閉症 料金,個別教室のトライ 自閉症 料金,値あり,
個別教室のトライ,個別教室のトライ,発達特性×料金,LD 料金,個別教室のトライ LD 料金,値あり,
個別教室のトライ,個別教室のトライ,発達特性×料金,学習障害 料金,個別教室のトライ 学習障害 料金,値あり,
個別教室のトライ,個別教室のトライ,発達特性×料金,境界知能 料金,個別教室のトライ 境界知能 料金,値あり,
個別教室のトライ,個別教室のトライ,発達特性×料金,不登校 料金,個別教室のトライ 不登校 料金,値あり,
個別教室のトライ,トライ 個別,評判・第三者評価,口コミ,トライ 個別 口コミ,値あり,110
個別教室のトライ,トライ 個別,評判・第三者評価,評判,トライ 個別 評判,値あり,20
個別教室のトライ,トライ 個別,評判・第三者評価,レビュー,トライ 個別 レビュー,値あり,
個別教室のトライ,トライ 個別,評判・第三者評価,体験談,トライ 個別 体験談,値あり,
個別教室のトライ,トライ 個別,評判・第三者評価,感想,トライ 個別 感想,値あり,
個別教室のトライ,トライ 個別,評判・第三者評価,評価,トライ 個別 評価,値あり,
個別教室のトライ,トライ 個別,料金・契約,料金,トライ 個別 料金,値あり,1000
個別教室のトライ,トライ 個別,料金・契約,費用,トライ 個別 費用,値あり,10
個別教室のトライ,トライ 個別,料金・契約,月謝,トライ 個別 月謝,値あり,10
個別教室のトライ,トライ 個別,料金・契約,値段,トライ 個別 値段,値あり,20
個別教室のトライ,トライ 個別,料金・契約,価格,トライ 個別 価格,値あり,10
個別教室のトライ,トライ 個別,料金・契約,入会金,トライ 個別 入会金,値あり,
個別教室のトライ,トライ 個別,料金・契約,教材費,トライ 個別 教材費,値あり,
個別教室のトライ,トライ 個別,料金・契約,高い,トライ 個別 高い,値あり,10
個別教室のトライ,トライ 個別,料金・契約,安い,トライ 個別 安い,値あり,
個別教室のトライ,トライ 個別,比較・選択,比較,トライ 個別 比較,値あり,
個別教室のトライ,トライ 個別,比較・選択,違い,トライ 個別 違い,値あり,
個別教室のトライ,トライ 個別,比較・選択,どっち,トライ 個別 どっち,値あり,
個別教室のトライ,トライ 個別,比較・選択,おすすめ,トライ 個別 おすすめ,値あり,
個別教室のトライ,トライ 個別,比較・選択,他社,トライ 個別 他社,値あり,
個別教室のトライ,トライ 個別,比較・選択,ランキング,トライ 個別 ランキング,値あり,
個別教室のトライ,トライ 個別,不安・ネガティブ確認,デメリット,トライ 個別 デメリット,値あり,
個別教室のトライ,トライ 個別,不安・ネガティブ確認,メリット,トライ 個別 メリット,値あり,
個別教室のトライ,トライ 個別,不安・ネガティブ確認,怪しい,トライ 個別 怪しい,値あり,
個別教室のトライ,トライ 個別,不安・ネガティブ確認,最悪,トライ 個別 最悪,値あり,
個別教室のトライ,トライ 個別,不安・ネガティブ確認,失敗,トライ 個別 失敗,値あり,
個別教室のトライ,トライ 個別,不安・ネガティブ確認,後悔,トライ 個別 後悔,値あり,
個別教室のトライ,トライ 個別,不安・ネガティブ確認,合わない,トライ 個別 合わない,値あり,
個別教室のトライ,トライ 個別,不安・ネガティブ確認,向いてない,トライ 個別 向いてない,値あり,
個別教室のトライ,トライ 個別,不安・ネガティブ確認,やめたい,トライ 個別 やめたい,値あり,
個別教室のトライ,トライ 個別,不安・ネガティブ確認,辞めたい,トライ 個別 辞めたい,値あり,
個別教室のトライ,トライ 個別,不安・ネガティブ確認,退会,トライ 個別 退会,値あり,20
個別教室のトライ,トライ 個別,不安・ネガティブ確認,解約,トライ 個別 解約,値あり,
個別教室のトライ,トライ 個別,申込直前,無料体験,トライ 個別 無料体験,値あり,10
個別教室のトライ,トライ 個別,申込直前,体験,トライ 個別 体験,値あり,10
個別教室のトライ,トライ 個別,申込直前,体験授業,トライ 個別 体験授業,値あり,
個別教室のトライ,トライ 個別,申込直前,無料相談,トライ 個別 無料相談,値あり,
個別教室のトライ,トライ 個別,申込直前,資料請求,トライ 個別 資料請求,値あり,
個別教室のトライ,トライ 個別,申込直前,申し込み,トライ 個別 申し込み,値あり,
個別教室のトライ,トライ 個別,申込直前,入会,トライ 個別 入会,値あり,
個別教室のトライ,トライ 個別,発達特性との相性,発達障害,トライ 個別 発達障害,値あり,
個別教室のトライ,トライ 個別,発達特性との相性,発達障がい,トライ 個別 発達障がい,値あり,
個別教室のトライ,トライ 個別,発達特性との相性,グレーゾーン,トライ 個別 グレーゾーン,値あり,
個別教室のトライ,トライ 個別,発達特性との相性,ADHD,トライ 個別 ADHD,値あり,
個別教室のトライ,トライ 個別,発達特性との相性,ASD,トライ 個別 ASD,値あり,
個別教室のトライ,トライ 個別,発達特性との相性,自閉症,トライ 個別 自閉症,値あり,
個別教室のトライ,トライ 個別,発達特性との相性,LD,トライ 個別 LD,値あり,
個別教室のトライ,トライ 個別,発達特性との相性,学習障害,トライ 個別 学習障害,値あり,
個別教室のトライ,トライ 個別,発達特性との相性,境界知能,トライ 個別 境界知能,値あり,
個別教室のトライ,トライ 個別,発達特性との相性,不登校,トライ 個別 不登校,値あり,
個別教室のトライ,トライ 個別,対象・用途,小学生,トライ 個別 小学生,値あり,
個別教室のトライ,トライ 個別,対象・用途,中学生,トライ 個別 中学生,値あり,
個別教室のトライ,トライ 個別,対象・用途,高校生,トライ 個別 高校生,値あり,
個別教室のトライ,トライ 個別,対象・用途,高校受験,トライ 個別 高校受験,値あり,
個別教室のトライ,トライ 個別,対象・用途,中学受験,トライ 個別 中学受験,値あり,10
個別教室のトライ,トライ 個別,対象・用途,大学受験,トライ 個別 大学受験,値あり,10
個別教室のトライ,トライ 個別,追加：SERP・サジェスト由来,評判 悪い,トライ 個別 評判 悪い,値あり,
個別教室のトライ,トライ 個別,追加：SERP・サジェスト由来,やばい,トライ 個別 やばい,値あり,
個別教室のトライ,トライ 個別,追加：SERP・サジェスト由来,知恵袋,トライ 個別 知恵袋,値あり,
個別教室のトライ,トライ 個別,追加：SERP・サジェスト由来,2ch,トライ 個別 2ch,値あり,
個別教室のトライ,トライ 個別,追加：SERP・サジェスト由来,料金表,トライ 個別 料金表,値あり,50
個別教室のトライ,トライ 個別,追加：SERP・サジェスト由来,授業料,トライ 個別 授業料,値あり,30
個別教室のトライ,トライ 個別,追加：SERP・サジェスト由来,夏期講習,トライ 個別 夏期講習,値あり,30
個別教室のトライ,トライ 個別,追加：SERP・サジェスト由来,意味ない,トライ 個別 意味ない,値あり,
個別教室のトライ,トライ 個別,追加：SERP・サジェスト由来,バイト,トライ 個別 バイト,値あり,110
個別教室のトライ,トライ 個別,追加：SERP・サジェスト由来,求人,トライ 個別 求人,値あり,
個別教室のトライ,トライ 個別,追加：KWP KeywordSeed由来,クチコミ,トライ 個別 クチコミ,値あり,
個別教室のトライ,トライ 個別,追加：KWP KeywordSeed由来,やめとけ,トライ 個別 やめとけ,値あり,
個別教室のトライ,トライ 個別,追加：KWP KeywordSeed由来,合格実績,トライ 個別 合格実績,値あり,
個別教室のトライ,トライ 個別,追加：KWP KeywordSeed由来,時間割,トライ 個別 時間割,値あり,10
個別教室のトライ,トライ 個別,追加：KWP KeywordSeed由来,キャンペーン,トライ 個別 キャンペーン,値あり,10
個別教室のトライ,トライ 個別,追加：KWP KeywordSeed由来,割引,トライ 個別 割引,値あり,
個別教室のトライ,トライ 個別,追加：KWP KeywordSeed由来,コース,トライ 個別 コース,値あり,
個別教室のトライ,トライ 個別,追加：KWP KeywordSeed由来,春期講習,トライ 個別 春期講習,値あり,10
個別教室のトライ,トライ 個別,追加：KWP KeywordSeed由来,冬期講習,トライ 個別 冬期講習,値あり,10
個別教室のトライ,トライ 個別,追加：KWP KeywordSeed由来,電話番号,トライ 個別 電話番号,値あり,
個別教室のトライ,トライ 個別,追加：KWP KeywordSeed由来,ホームページ,トライ 個別 ホームページ,値あり,
個別教室のトライ,トライ 個別,追加：KWP KeywordSeed由来,株式会社,トライ 個別 株式会社,値あり,
個別教室のトライ,トライ 個別,追加：KWP KeywordSeed由来,講師,トライ 個別 講師,値あり,10
個別教室のトライ,トライ 個別,追加：KWP KeywordSeed由来,とは,トライ 個別 とは,値あり,
トライのオンライン個別指導塾,トライ オンライン,評判・第三者評価,口コミ,トライ オンライン 口コミ,値あり,390
トライのオンライン個別指導塾,トライ オンライン,評判・第三者評価,評判,トライ オンライン 評判,値あり,10
トライのオンライン個別指導塾,トライ オンライン,評判・第三者評価,レビュー,トライ オンライン レビュー,値あり,
トライのオンライン個別指導塾,トライ オンライン,評判・第三者評価,体験談,トライ オンライン 体験談,値あり,
トライのオンライン個別指導塾,トライ オンライン,評判・第三者評価,感想,トライ オンライン 感想,値あり,
トライのオンライン個別指導塾,トライ オンライン,評判・第三者評価,評価,トライ オンライン 評価,値あり,
トライのオンライン個別指導塾,トライ オンライン,料金・契約,料金,トライ オンライン 料金,値あり,720
トライのオンライン個別指導塾,トライ オンライン,料金・契約,費用,トライ オンライン 費用,値あり,
トライのオンライン個別指導塾,トライ オンライン,料金・契約,月謝,トライ オンライン 月謝,値あり,
トライのオンライン個別指導塾,トライ オンライン,料金・契約,値段,トライ オンライン 値段,値あり,
トライのオンライン個別指導塾,トライ オンライン,料金・契約,価格,トライ オンライン 価格,値あり,
トライのオンライン個別指導塾,トライ オンライン,料金・契約,入会金,トライ オンライン 入会金,値あり,
トライのオンライン個別指導塾,トライ オンライン,料金・契約,教材費,トライ オンライン 教材費,値あり,
トライのオンライン個別指導塾,トライ オンライン,料金・契約,高い,トライ オンライン 高い,値あり,
トライのオンライン個別指導塾,トライ オンライン,料金・契約,安い,トライ オンライン 安い,値あり,
トライのオンライン個別指導塾,トライ オンライン,比較・選択,比較,トライ オンライン 比較,値あり,
トライのオンライン個別指導塾,トライ オンライン,比較・選択,違い,トライ オンライン 違い,値あり,
トライのオンライン個別指導塾,トライ オンライン,比較・選択,どっち,トライ オンライン どっち,値あり,
トライのオンライン個別指導塾,トライ オンライン,比較・選択,おすすめ,トライ オンライン おすすめ,値あり,
トライのオンライン個別指導塾,トライ オンライン,比較・選択,他社,トライ オンライン 他社,値あり,
トライのオンライン個別指導塾,トライ オンライン,比較・選択,ランキング,トライ オンライン ランキング,値あり,
トライのオンライン個別指導塾,トライ オンライン,不安・ネガティブ確認,デメリット,トライ オンライン デメリット,値あり,
トライのオンライン個別指導塾,トライ オンライン,不安・ネガティブ確認,メリット,トライ オンライン メリット,値あり,
トライのオンライン個別指導塾,トライ オンライン,不安・ネガティブ確認,怪しい,トライ オンライン 怪しい,値あり,
トライのオンライン個別指導塾,トライ オンライン,不安・ネガティブ確認,最悪,トライ オンライン 最悪,値あり,
トライのオンライン個別指導塾,トライ オンライン,不安・ネガティブ確認,失敗,トライ オンライン 失敗,値あり,
トライのオンライン個別指導塾,トライ オンライン,不安・ネガティブ確認,後悔,トライ オンライン 後悔,値あり,
トライのオンライン個別指導塾,トライ オンライン,不安・ネガティブ確認,合わない,トライ オンライン 合わない,値あり,
トライのオンライン個別指導塾,トライ オンライン,不安・ネガティブ確認,向いてない,トライ オンライン 向いてない,値あり,
トライのオンライン個別指導塾,トライ オンライン,不安・ネガティブ確認,やめたい,トライ オンライン やめたい,値あり,
トライのオンライン個別指導塾,トライ オンライン,不安・ネガティブ確認,辞めたい,トライ オンライン 辞めたい,値あり,
トライのオンライン個別指導塾,トライ オンライン,不安・ネガティブ確認,退会,トライ オンライン 退会,値あり,10
トライのオンライン個別指導塾,トライ オンライン,不安・ネガティブ確認,解約,トライ オンライン 解約,値あり,40
トライのオンライン個別指導塾,トライ オンライン,申込直前,無料体験,トライ オンライン 無料体験,値あり,
トライのオンライン個別指導塾,トライ オンライン,申込直前,体験,トライ オンライン 体験,値あり,
トライのオンライン個別指導塾,トライ オンライン,申込直前,体験授業,トライ オンライン 体験授業,値あり,
トライのオンライン個別指導塾,トライ オンライン,申込直前,無料相談,トライ オンライン 無料相談,値あり,
トライのオンライン個別指導塾,トライ オンライン,申込直前,資料請求,トライ オンライン 資料請求,値あり,
トライのオンライン個別指導塾,トライ オンライン,申込直前,申し込み,トライ オンライン 申し込み,値あり,
トライのオンライン個別指導塾,トライ オンライン,申込直前,入会,トライ オンライン 入会,値あり,
トライのオンライン個別指導塾,トライ オンライン,発達特性との相性,発達障害,トライ オンライン 発達障害,値あり,
トライのオンライン個別指導塾,トライ オンライン,発達特性との相性,発達障がい,トライ オンライン 発達障がい,値あり,
トライのオンライン個別指導塾,トライ オンライン,発達特性との相性,グレーゾーン,トライ オンライン グレーゾーン,値あり,
トライのオンライン個別指導塾,トライ オンライン,発達特性との相性,ADHD,トライ オンライン ADHD,値あり,
トライのオンライン個別指導塾,トライ オンライン,発達特性との相性,ASD,トライ オンライン ASD,値あり,
トライのオンライン個別指導塾,トライ オンライン,発達特性との相性,自閉症,トライ オンライン 自閉症,値あり,
トライのオンライン個別指導塾,トライ オンライン,発達特性との相性,LD,トライ オンライン LD,値あり,
トライのオンライン個別指導塾,トライ オンライン,発達特性との相性,学習障害,トライ オンライン 学習障害,値あり,
トライのオンライン個別指導塾,トライ オンライン,発達特性との相性,境界知能,トライ オンライン 境界知能,値あり,
トライのオンライン個別指導塾,トライ オンライン,発達特性との相性,不登校,トライ オンライン 不登校,値あり,
トライのオンライン個別指導塾,トライ オンライン,対象・用途,小学生,トライ オンライン 小学生,値あり,20
トライのオンライン個別指導塾,トライ オンライン,対象・用途,中学生,トライ オンライン 中学生,値あり,
トライのオンライン個別指導塾,トライ オンライン,対象・用途,高校生,トライ オンライン 高校生,値あり,10
トライのオンライン個別指導塾,トライ オンライン,対象・用途,高校受験,トライ オンライン 高校受験,値あり,
トライのオンライン個別指導塾,トライ オンライン,対象・用途,中学受験,トライ オンライン 中学受験,値あり,
トライのオンライン個別指導塾,トライ オンライン,対象・用途,大学受験,トライ オンライン 大学受験,値あり,
トライのオンライン個別指導塾,トライ オンライン,追加：SERP・サジェスト由来,評判 悪い,トライ オンライン 評判 悪い,値あり,
トライのオンライン個別指導塾,トライ オンライン,追加：SERP・サジェスト由来,やばい,トライ オンライン やばい,値あり,
トライのオンライン個別指導塾,トライ オンライン,追加：SERP・サジェスト由来,知恵袋,トライ オンライン 知恵袋,値あり,20
トライのオンライン個別指導塾,トライ オンライン,追加：SERP・サジェスト由来,2ch,トライ オンライン 2ch,値あり,
トライのオンライン個別指導塾,トライ オンライン,追加：SERP・サジェスト由来,料金表,トライ オンライン 料金表,値あり,10
トライのオンライン個別指導塾,トライ オンライン,追加：SERP・サジェスト由来,授業料,トライ オンライン 授業料,値あり,10
トライのオンライン個別指導塾,トライ オンライン,追加：SERP・サジェスト由来,夏期講習,トライ オンライン 夏期講習,値あり,10
トライのオンライン個別指導塾,トライ オンライン,追加：SERP・サジェスト由来,意味ない,トライ オンライン 意味ない,値あり,
トライのオンライン個別指導塾,トライ オンライン,追加：SERP・サジェスト由来,バイト,トライ オンライン バイト,値あり,210
トライのオンライン個別指導塾,トライ オンライン,追加：SERP・サジェスト由来,求人,トライ オンライン 求人,値あり,20
トライのオンライン個別指導塾,トライ オンライン,追加：KWP KeywordSeed由来,クチコミ,トライ オンライン クチコミ,値あり,
トライのオンライン個別指導塾,トライ オンライン,追加：KWP KeywordSeed由来,やめとけ,トライ オンライン やめとけ,値あり,
トライのオンライン個別指導塾,トライ オンライン,追加：KWP KeywordSeed由来,合格実績,トライ オンライン 合格実績,値あり,
トライのオンライン個別指導塾,トライ オンライン,追加：KWP KeywordSeed由来,時間割,トライ オンライン 時間割,値あり,
トライのオンライン個別指導塾,トライ オンライン,追加：KWP KeywordSeed由来,キャンペーン,トライ オンライン キャンペーン,値あり,40
トライのオンライン個別指導塾,トライ オンライン,追加：KWP KeywordSeed由来,割引,トライ オンライン 割引,値あり,
トライのオンライン個別指導塾,トライ オンライン,追加：KWP KeywordSeed由来,コース,トライ オンライン コース,値あり,
トライのオンライン個別指導塾,トライ オンライン,追加：KWP KeywordSeed由来,春期講習,トライ オンライン 春期講習,値あり,10
トライのオンライン個別指導塾,トライ オンライン,追加：KWP KeywordSeed由来,冬期講習,トライ オンライン 冬期講習,値あり,10
トライのオンライン個別指導塾,トライ オンライン,追加：KWP KeywordSeed由来,電話番号,トライ オンライン 電話番号,値あり,10
トライのオンライン個別指導塾,トライ オンライン,追加：KWP KeywordSeed由来,ホームページ,トライ オンライン ホームページ,値あり,
トライのオンライン個別指導塾,トライ オンライン,追加：KWP KeywordSeed由来,株式会社,トライ オンライン 株式会社,値あり,
トライのオンライン個別指導塾,トライ オンライン,追加：KWP KeywordSeed由来,講師,トライ オンライン 講師,値あり,90
トライのオンライン個別指導塾,トライ オンライン,追加：KWP KeywordSeed由来,とは,トライ オンライン とは,値あり,
トライのオンライン個別指導塾,トライ オンライン,発達特性×口コミ,発達障害 口コミ,トライ オンライン 発達障害 口コミ,値あり,
トライのオンライン個別指導塾,トライ オンライン,発達特性×口コミ,発達障がい 口コミ,トライ オンライン 発達障がい 口コミ,値あり,
トライのオンライン個別指導塾,トライ オンライン,発達特性×口コミ,グレーゾーン 口コミ,トライ オンライン グレーゾーン 口コミ,値あり,
トライのオンライン個別指導塾,トライ オンライン,発達特性×口コミ,ADHD 口コミ,トライ オンライン ADHD 口コミ,値あり,
トライのオンライン個別指導塾,トライ オンライン,発達特性×口コミ,ASD 口コミ,トライ オンライン ASD 口コミ,値あり,
トライのオンライン個別指導塾,トライ オンライン,発達特性×口コミ,自閉症 口コミ,トライ オンライン 自閉症 口コミ,値あり,
トライのオンライン個別指導塾,トライ オンライン,発達特性×口コミ,LD 口コミ,トライ オンライン LD 口コミ,値あり,
トライのオンライン個別指導塾,トライ オンライン,発達特性×口コミ,学習障害 口コミ,トライ オンライン 学習障害 口コミ,値あり,
トライのオンライン個別指導塾,トライ オンライン,発達特性×口コミ,境界知能 口コミ,トライ オンライン 境界知能 口コミ,値あり,
トライのオンライン個別指導塾,トライ オンライン,発達特性×口コミ,不登校 口コミ,トライ オンライン 不登校 口コミ,値あり,
トライのオンライン個別指導塾,トライ オンライン,発達特性×評判,発達障害 評判,トライ オンライン 発達障害 評判,値あり,
トライのオンライン個別指導塾,トライ オンライン,発達特性×評判,発達障がい 評判,トライ オンライン 発達障がい 評判,値あり,
トライのオンライン個別指導塾,トライ オンライン,発達特性×評判,グレーゾーン 評判,トライ オンライン グレーゾーン 評判,値あり,
トライのオンライン個別指導塾,トライ オンライン,発達特性×評判,ADHD 評判,トライ オンライン ADHD 評判,値あり,
トライのオンライン個別指導塾,トライ オンライン,発達特性×評判,ASD 評判,トライ オンライン ASD 評判,値あり,
トライのオンライン個別指導塾,トライ オンライン,発達特性×評判,自閉症 評判,トライ オンライン 自閉症 評判,値あり,
トライのオンライン個別指導塾,トライ オンライン,発達特性×評判,LD 評判,トライ オンライン LD 評判,値あり,
トライのオンライン個別指導塾,トライ オンライン,発達特性×評判,学習障害 評判,トライ オンライン 学習障害 評判,値あり,
トライのオンライン個別指導塾,トライ オンライン,発達特性×評判,境界知能 評判,トライ オンライン 境界知能 評判,値あり,
トライのオンライン個別指導塾,トライ オンライン,発達特性×評判,不登校 評判,トライ オンライン 不登校 評判,値あり,
トライのオンライン個別指導塾,トライ オンライン,発達特性×料金,発達障害 料金,トライ オンライン 発達障害 料金,値あり,
トライのオンライン個別指導塾,トライ オンライン,発達特性×料金,発達障がい 料金,トライ オンライン 発達障がい 料金,値あり,
トライのオンライン個別指導塾,トライ オンライン,発達特性×料金,グレーゾーン 料金,トライ オンライン グレーゾーン 料金,値あり,
トライのオンライン個別指導塾,トライ オンライン,発達特性×料金,ADHD 料金,トライ オンライン ADHD 料金,値あり,
トライのオンライン個別指導塾,トライ オンライン,発達特性×料金,ASD 料金,トライ オンライン ASD 料金,値あり,
トライのオンライン個別指導塾,トライ オンライン,発達特性×料金,自閉症 料金,トライ オンライン 自閉症 料金,値あり,
トライのオンライン個別指導塾,トライ オンライン,発達特性×料金,LD 料金,トライ オンライン LD 料金,値あり,
トライのオンライン個別指導塾,トライ オンライン,発達特性×料金,学習障害 料金,トライ オンライン 学習障害 料金,値あり,
トライのオンライン個別指導塾,トライ オンライン,発達特性×料金,境界知能 料金,トライ オンライン 境界知能 料金,値あり,
トライのオンライン個別指導塾,トライ オンライン,発達特性×料金,不登校 料金,トライ オンライン 不登校 料金,値あり,
トライのオンライン個別指導塾,トライのオンライン個別指導塾,評判・第三者評価,口コミ,トライのオンライン個別指導塾 口コミ,値あり,110
トライのオンライン個別指導塾,トライのオンライン個別指導塾,評判・第三者評価,評判,トライのオンライン個別指導塾 評判,値あり,10
トライのオンライン個別指導塾,トライのオンライン個別指導塾,評判・第三者評価,レビュー,トライのオンライン個別指導塾 レビュー,値あり,
トライのオンライン個別指導塾,トライのオンライン個別指導塾,評判・第三者評価,体験談,トライのオンライン個別指導塾 体験談,値あり,
トライのオンライン個別指導塾,トライのオンライン個別指導塾,評判・第三者評価,感想,トライのオンライン個別指導塾 感想,値あり,
トライのオンライン個別指導塾,トライのオンライン個別指導塾,評判・第三者評価,評価,トライのオンライン個別指導塾 評価,値あり,
トライのオンライン個別指導塾,トライのオンライン個別指導塾,料金・契約,料金,トライのオンライン個別指導塾 料金,値あり,210
トライのオンライン個別指導塾,トライのオンライン個別指導塾,料金・契約,費用,トライのオンライン個別指導塾 費用,値あり,
トライのオンライン個別指導塾,トライのオンライン個別指導塾,料金・契約,月謝,トライのオンライン個別指導塾 月謝,値あり,
トライのオンライン個別指導塾,トライのオンライン個別指導塾,料金・契約,値段,トライのオンライン個別指導塾 値段,値あり,
トライのオンライン個別指導塾,トライのオンライン個別指導塾,料金・契約,価格,トライのオンライン個別指導塾 価格,値あり,
トライのオンライン個別指導塾,トライのオンライン個別指導塾,料金・契約,入会金,トライのオンライン個別指導塾 入会金,値あり,
トライのオンライン個別指導塾,トライのオンライン個別指導塾,料金・契約,教材費,トライのオンライン個別指導塾 教材費,値あり,
トライのオンライン個別指導塾,トライのオンライン個別指導塾,料金・契約,高い,トライのオンライン個別指導塾 高い,値あり,
トライのオンライン個別指導塾,トライのオンライン個別指導塾,料金・契約,安い,トライのオンライン個別指導塾 安い,値あり,
トライのオンライン個別指導塾,トライのオンライン個別指導塾,比較・選択,比較,トライのオンライン個別指導塾 比較,値あり,
トライのオンライン個別指導塾,トライのオンライン個別指導塾,比較・選択,違い,トライのオンライン個別指導塾 違い,値あり,
トライのオンライン個別指導塾,トライのオンライン個別指導塾,比較・選択,どっち,トライのオンライン個別指導塾 どっち,値あり,
トライのオンライン個別指導塾,トライのオンライン個別指導塾,比較・選択,おすすめ,トライのオンライン個別指導塾 おすすめ,値あり,
トライのオンライン個別指導塾,トライのオンライン個別指導塾,比較・選択,他社,トライのオンライン個別指導塾 他社,値あり,
トライのオンライン個別指導塾,トライのオンライン個別指導塾,比較・選択,ランキング,トライのオンライン個別指導塾 ランキング,値あり,
トライのオンライン個別指導塾,トライのオンライン個別指導塾,不安・ネガティブ確認,デメリット,トライのオンライン個別指導塾 デメリット,値あり,
トライのオンライン個別指導塾,トライのオンライン個別指導塾,不安・ネガティブ確認,メリット,トライのオンライン個別指導塾 メリット,値あり,
トライのオンライン個別指導塾,トライのオンライン個別指導塾,不安・ネガティブ確認,怪しい,トライのオンライン個別指導塾 怪しい,値あり,
トライのオンライン個別指導塾,トライのオンライン個別指導塾,不安・ネガティブ確認,最悪,トライのオンライン個別指導塾 最悪,値あり,
トライのオンライン個別指導塾,トライのオンライン個別指導塾,不安・ネガティブ確認,失敗,トライのオンライン個別指導塾 失敗,値あり,
トライのオンライン個別指導塾,トライのオンライン個別指導塾,不安・ネガティブ確認,後悔,トライのオンライン個別指導塾 後悔,値あり,
トライのオンライン個別指導塾,トライのオンライン個別指導塾,不安・ネガティブ確認,合わない,トライのオンライン個別指導塾 合わない,値あり,
トライのオンライン個別指導塾,トライのオンライン個別指導塾,不安・ネガティブ確認,向いてない,トライのオンライン個別指導塾 向いてない,値あり,
トライのオンライン個別指導塾,トライのオンライン個別指導塾,不安・ネガティブ確認,やめたい,トライのオンライン個別指導塾 やめたい,値あり,
トライのオンライン個別指導塾,トライのオンライン個別指導塾,不安・ネガティブ確認,辞めたい,トライのオンライン個別指導塾 辞めたい,値あり,
トライのオンライン個別指導塾,トライのオンライン個別指導塾,不安・ネガティブ確認,退会,トライのオンライン個別指導塾 退会,値あり,
トライのオンライン個別指導塾,トライのオンライン個別指導塾,不安・ネガティブ確認,解約,トライのオンライン個別指導塾 解約,値あり,
トライのオンライン個別指導塾,トライのオンライン個別指導塾,申込直前,無料体験,トライのオンライン個別指導塾 無料体験,値あり,
トライのオンライン個別指導塾,トライのオンライン個別指導塾,申込直前,体験,トライのオンライン個別指導塾 体験,値あり,
トライのオンライン個別指導塾,トライのオンライン個別指導塾,申込直前,体験授業,トライのオンライン個別指導塾 体験授業,値あり,
トライのオンライン個別指導塾,トライのオンライン個別指導塾,申込直前,無料相談,トライのオンライン個別指導塾 無料相談,値あり,
トライのオンライン個別指導塾,トライのオンライン個別指導塾,申込直前,資料請求,トライのオンライン個別指導塾 資料請求,値あり,
トライのオンライン個別指導塾,トライのオンライン個別指導塾,申込直前,申し込み,トライのオンライン個別指導塾 申し込み,値あり,
トライのオンライン個別指導塾,トライのオンライン個別指導塾,申込直前,入会,トライのオンライン個別指導塾 入会,値あり,
トライのオンライン個別指導塾,トライのオンライン個別指導塾,発達特性との相性,発達障害,トライのオンライン個別指導塾 発達障害,値あり,
トライのオンライン個別指導塾,トライのオンライン個別指導塾,発達特性との相性,発達障がい,トライのオンライン個別指導塾 発達障がい,値あり,
トライのオンライン個別指導塾,トライのオンライン個別指導塾,発達特性との相性,グレーゾーン,トライのオンライン個別指導塾 グレーゾーン,値あり,
トライのオンライン個別指導塾,トライのオンライン個別指導塾,発達特性との相性,ADHD,トライのオンライン個別指導塾 ADHD,値あり,
トライのオンライン個別指導塾,トライのオンライン個別指導塾,発達特性との相性,ASD,トライのオンライン個別指導塾 ASD,値あり,
トライのオンライン個別指導塾,トライのオンライン個別指導塾,発達特性との相性,自閉症,トライのオンライン個別指導塾 自閉症,値あり,
トライのオンライン個別指導塾,トライのオンライン個別指導塾,発達特性との相性,LD,トライのオンライン個別指導塾 LD,値あり,
トライのオンライン個別指導塾,トライのオンライン個別指導塾,発達特性との相性,学習障害,トライのオンライン個別指導塾 学習障害,値あり,
トライのオンライン個別指導塾,トライのオンライン個別指導塾,発達特性との相性,境界知能,トライのオンライン個別指導塾 境界知能,値あり,
トライのオンライン個別指導塾,トライのオンライン個別指導塾,発達特性との相性,不登校,トライのオンライン個別指導塾 不登校,値あり,
トライのオンライン個別指導塾,トライのオンライン個別指導塾,対象・用途,小学生,トライのオンライン個別指導塾 小学生,値あり,
トライのオンライン個別指導塾,トライのオンライン個別指導塾,対象・用途,中学生,トライのオンライン個別指導塾 中学生,値あり,
トライのオンライン個別指導塾,トライのオンライン個別指導塾,対象・用途,高校生,トライのオンライン個別指導塾 高校生,値あり,
トライのオンライン個別指導塾,トライのオンライン個別指導塾,対象・用途,高校受験,トライのオンライン個別指導塾 高校受験,値あり,
トライのオンライン個別指導塾,トライのオンライン個別指導塾,対象・用途,中学受験,トライのオンライン個別指導塾 中学受験,値あり,
トライのオンライン個別指導塾,トライのオンライン個別指導塾,対象・用途,大学受験,トライのオンライン個別指導塾 大学受験,値あり,
トライのオンライン個別指導塾,トライのオンライン個別指導塾,追加：SERP・サジェスト由来,評判 悪い,トライのオンライン個別指導塾 評判 悪い,値あり,
トライのオンライン個別指導塾,トライのオンライン個別指導塾,追加：SERP・サジェスト由来,やばい,トライのオンライン個別指導塾 やばい,値あり,
トライのオンライン個別指導塾,トライのオンライン個別指導塾,追加：SERP・サジェスト由来,知恵袋,トライのオンライン個別指導塾 知恵袋,値あり,
トライのオンライン個別指導塾,トライのオンライン個別指導塾,追加：SERP・サジェスト由来,2ch,トライのオンライン個別指導塾 2ch,値あり,
トライのオンライン個別指導塾,トライのオンライン個別指導塾,追加：SERP・サジェスト由来,料金表,トライのオンライン個別指導塾 料金表,値あり,
トライのオンライン個別指導塾,トライのオンライン個別指導塾,追加：SERP・サジェスト由来,授業料,トライのオンライン個別指導塾 授業料,値あり,
トライのオンライン個別指導塾,トライのオンライン個別指導塾,追加：SERP・サジェスト由来,夏期講習,トライのオンライン個別指導塾 夏期講習,値あり,
トライのオンライン個別指導塾,トライのオンライン個別指導塾,追加：SERP・サジェスト由来,意味ない,トライのオンライン個別指導塾 意味ない,値あり,
トライのオンライン個別指導塾,トライのオンライン個別指導塾,追加：SERP・サジェスト由来,バイト,トライのオンライン個別指導塾 バイト,値あり,50
トライのオンライン個別指導塾,トライのオンライン個別指導塾,追加：SERP・サジェスト由来,求人,トライのオンライン個別指導塾 求人,値あり,
トライのオンライン個別指導塾,トライのオンライン個別指導塾,追加：KWP KeywordSeed由来,クチコミ,トライのオンライン個別指導塾 クチコミ,値あり,
トライのオンライン個別指導塾,トライのオンライン個別指導塾,追加：KWP KeywordSeed由来,やめとけ,トライのオンライン個別指導塾 やめとけ,値あり,
トライのオンライン個別指導塾,トライのオンライン個別指導塾,追加：KWP KeywordSeed由来,合格実績,トライのオンライン個別指導塾 合格実績,値あり,
トライのオンライン個別指導塾,トライのオンライン個別指導塾,追加：KWP KeywordSeed由来,時間割,トライのオンライン個別指導塾 時間割,値あり,
トライのオンライン個別指導塾,トライのオンライン個別指導塾,追加：KWP KeywordSeed由来,キャンペーン,トライのオンライン個別指導塾 キャンペーン,値あり,
トライのオンライン個別指導塾,トライのオンライン個別指導塾,追加：KWP KeywordSeed由来,割引,トライのオンライン個別指導塾 割引,値あり,
トライのオンライン個別指導塾,トライのオンライン個別指導塾,追加：KWP KeywordSeed由来,コース,トライのオンライン個別指導塾 コース,値あり,
トライのオンライン個別指導塾,トライのオンライン個別指導塾,追加：KWP KeywordSeed由来,春期講習,トライのオンライン個別指導塾 春期講習,値あり,
トライのオンライン個別指導塾,トライのオンライン個別指導塾,追加：KWP KeywordSeed由来,冬期講習,トライのオンライン個別指導塾 冬期講習,値あり,
トライのオンライン個別指導塾,トライのオンライン個別指導塾,追加：KWP KeywordSeed由来,電話番号,トライのオンライン個別指導塾 電話番号,値あり,
トライのオンライン個別指導塾,トライのオンライン個別指導塾,追加：KWP KeywordSeed由来,ホームページ,トライのオンライン個別指導塾 ホームページ,値あり,
トライのオンライン個別指導塾,トライのオンライン個別指導塾,追加：KWP KeywordSeed由来,株式会社,トライのオンライン個別指導塾 株式会社,値あり,
トライのオンライン個別指導塾,トライのオンライン個別指導塾,追加：KWP KeywordSeed由来,講師,トライのオンライン個別指導塾 講師,値あり,
トライのオンライン個別指導塾,トライのオンライン個別指導塾,追加：KWP KeywordSeed由来,とは,トライのオンライン個別指導塾 とは,値あり,
トライ式高等学院,トライ式高等学院,評判・第三者評価,口コミ,トライ式高等学院 口コミ,値あり,590
トライ式高等学院,トライ式高等学院,評判・第三者評価,評判,トライ式高等学院 評判,値あり,40
トライ式高等学院,トライ式高等学院,評判・第三者評価,レビュー,トライ式高等学院 レビュー,値あり,50
トライ式高等学院,トライ式高等学院,評判・第三者評価,体験談,トライ式高等学院 体験談,値あり,10
トライ式高等学院,トライ式高等学院,評判・第三者評価,感想,トライ式高等学院 感想,値あり,
トライ式高等学院,トライ式高等学院,評判・第三者評価,評価,トライ式高等学院 評価,値あり,10
トライ式高等学院,トライ式高等学院,料金・契約,料金,トライ式高等学院 料金,値あり,10
トライ式高等学院,トライ式高等学院,料金・契約,費用,トライ式高等学院 費用,値あり,260
トライ式高等学院,トライ式高等学院,料金・契約,月謝,トライ式高等学院 月謝,値あり,
トライ式高等学院,トライ式高等学院,料金・契約,値段,トライ式高等学院 値段,値あり,10
トライ式高等学院,トライ式高等学院,料金・契約,価格,トライ式高等学院 価格,値あり,
トライ式高等学院,トライ式高等学院,料金・契約,入会金,トライ式高等学院 入会金,値あり,
トライ式高等学院,トライ式高等学院,料金・契約,教材費,トライ式高等学院 教材費,値あり,
トライ式高等学院,トライ式高等学院,料金・契約,高い,トライ式高等学院 高い,値あり,20
トライ式高等学院,トライ式高等学院,料金・契約,安い,トライ式高等学院 安い,値あり,
トライ式高等学院,トライ式高等学院,比較・選択,比較,トライ式高等学院 比較,値あり,
トライ式高等学院,トライ式高等学院,比較・選択,違い,トライ式高等学院 違い,値あり,
トライ式高等学院,トライ式高等学院,比較・選択,どっち,トライ式高等学院 どっち,値あり,
トライ式高等学院,トライ式高等学院,比較・選択,おすすめ,トライ式高等学院 おすすめ,値あり,
トライ式高等学院,トライ式高等学院,比較・選択,他社,トライ式高等学院 他社,値あり,
トライ式高等学院,トライ式高等学院,比較・選択,ランキング,トライ式高等学院 ランキング,値あり,
トライ式高等学院,トライ式高等学院,不安・ネガティブ確認,デメリット,トライ式高等学院 デメリット,値あり,260
トライ式高等学院,トライ式高等学院,不安・ネガティブ確認,メリット,トライ式高等学院 メリット,値あり,
トライ式高等学院,トライ式高等学院,不安・ネガティブ確認,怪しい,トライ式高等学院 怪しい,値あり,
トライ式高等学院,トライ式高等学院,不安・ネガティブ確認,最悪,トライ式高等学院 最悪,値あり,
トライ式高等学院,トライ式高等学院,不安・ネガティブ確認,失敗,トライ式高等学院 失敗,値あり,
トライ式高等学院,トライ式高等学院,不安・ネガティブ確認,後悔,トライ式高等学院 後悔,値あり,210
トライ式高等学院,トライ式高等学院,不安・ネガティブ確認,合わない,トライ式高等学院 合わない,値あり,
トライ式高等学院,トライ式高等学院,不安・ネガティブ確認,向いてない,トライ式高等学院 向いてない,値あり,
トライ式高等学院,トライ式高等学院,不安・ネガティブ確認,やめたい,トライ式高等学院 やめたい,値あり,
トライ式高等学院,トライ式高等学院,不安・ネガティブ確認,辞めたい,トライ式高等学院 辞めたい,値あり,590
トライ式高等学院,トライ式高等学院,不安・ネガティブ確認,退会,トライ式高等学院 退会,値あり,
トライ式高等学院,トライ式高等学院,不安・ネガティブ確認,解約,トライ式高等学院 解約,値あり,
トライ式高等学院,トライ式高等学院,申込直前,無料体験,トライ式高等学院 無料体験,値あり,
トライ式高等学院,トライ式高等学院,申込直前,体験,トライ式高等学院 体験,値あり,
トライ式高等学院,トライ式高等学院,申込直前,体験授業,トライ式高等学院 体験授業,値あり,
トライ式高等学院,トライ式高等学院,申込直前,無料相談,トライ式高等学院 無料相談,値あり,
トライ式高等学院,トライ式高等学院,申込直前,資料請求,トライ式高等学院 資料請求,値あり,20
トライ式高等学院,トライ式高等学院,申込直前,申し込み,トライ式高等学院 申し込み,値あり,
トライ式高等学院,トライ式高等学院,申込直前,入会,トライ式高等学院 入会,値あり,
トライ式高等学院,トライ式高等学院,発達特性との相性,発達障害,トライ式高等学院 発達障害,値あり,20
トライ式高等学院,トライ式高等学院,発達特性との相性,発達障がい,トライ式高等学院 発達障がい,値あり,
トライ式高等学院,トライ式高等学院,発達特性との相性,グレーゾーン,トライ式高等学院 グレーゾーン,値あり,
トライ式高等学院,トライ式高等学院,発達特性との相性,ADHD,トライ式高等学院 ADHD,値あり,
トライ式高等学院,トライ式高等学院,発達特性との相性,ASD,トライ式高等学院 ASD,値あり,
トライ式高等学院,トライ式高等学院,発達特性との相性,自閉症,トライ式高等学院 自閉症,値あり,
トライ式高等学院,トライ式高等学院,発達特性との相性,LD,トライ式高等学院 LD,値あり,
トライ式高等学院,トライ式高等学院,発達特性との相性,学習障害,トライ式高等学院 学習障害,値あり,
トライ式高等学院,トライ式高等学院,発達特性との相性,境界知能,トライ式高等学院 境界知能,値あり,
トライ式高等学院,トライ式高等学院,発達特性との相性,不登校,トライ式高等学院 不登校,値あり,20
トライ式高等学院,トライ式高等学院,対象・用途,小学生,トライ式高等学院 小学生,値あり,
トライ式高等学院,トライ式高等学院,対象・用途,中学生,トライ式高等学院 中学生,値あり,
トライ式高等学院,トライ式高等学院,対象・用途,高校生,トライ式高等学院 高校生,値あり,
トライ式高等学院,トライ式高等学院,対象・用途,高校受験,トライ式高等学院 高校受験,値あり,
トライ式高等学院,トライ式高等学院,対象・用途,中学受験,トライ式高等学院 中学受験,値あり,
トライ式高等学院,トライ式高等学院,対象・用途,大学受験,トライ式高等学院 大学受験,値あり,
トライ式高等学院,トライ式高等学院,追加：SERP・サジェスト由来,評判 悪い,トライ式高等学院 評判 悪い,値あり,
トライ式高等学院,トライ式高等学院,追加：SERP・サジェスト由来,やばい,トライ式高等学院 やばい,値あり,1300
トライ式高等学院,トライ式高等学院,追加：SERP・サジェスト由来,知恵袋,トライ式高等学院 知恵袋,値あり,50
トライ式高等学院,トライ式高等学院,追加：SERP・サジェスト由来,2ch,トライ式高等学院 2ch,値あり,20
トライ式高等学院,トライ式高等学院,追加：SERP・サジェスト由来,料金表,トライ式高等学院 料金表,値あり,
トライ式高等学院,トライ式高等学院,追加：SERP・サジェスト由来,授業料,トライ式高等学院 授業料,値あり,30
トライ式高等学院,トライ式高等学院,追加：SERP・サジェスト由来,夏期講習,トライ式高等学院 夏期講習,値あり,
トライ式高等学院,トライ式高等学院,追加：SERP・サジェスト由来,意味ない,トライ式高等学院 意味ない,値あり,
トライ式高等学院,トライ式高等学院,追加：SERP・サジェスト由来,バイト,トライ式高等学院 バイト,値あり,110
トライ式高等学院,トライ式高等学院,追加：SERP・サジェスト由来,求人,トライ式高等学院 求人,値あり,260
トライ式高等学院,トライ式高等学院,追加：KWP KeywordSeed由来,クチコミ,トライ式高等学院 クチコミ,値あり,590
トライ式高等学院,トライ式高等学院,追加：KWP KeywordSeed由来,やめとけ,トライ式高等学院 やめとけ,値あり,
トライ式高等学院,トライ式高等学院,追加：KWP KeywordSeed由来,合格実績,トライ式高等学院 合格実績,値あり,90
トライ式高等学院,トライ式高等学院,追加：KWP KeywordSeed由来,時間割,トライ式高等学院 時間割,値あり,30
トライ式高等学院,トライ式高等学院,追加：KWP KeywordSeed由来,キャンペーン,トライ式高等学院 キャンペーン,値あり,
トライ式高等学院,トライ式高等学院,追加：KWP KeywordSeed由来,割引,トライ式高等学院 割引,値あり,
トライ式高等学院,トライ式高等学院,追加：KWP KeywordSeed由来,コース,トライ式高等学院 コース,値あり,40
トライ式高等学院,トライ式高等学院,追加：KWP KeywordSeed由来,春期講習,トライ式高等学院 春期講習,値あり,
トライ式高等学院,トライ式高等学院,追加：KWP KeywordSeed由来,冬期講習,トライ式高等学院 冬期講習,値あり,
トライ式高等学院,トライ式高等学院,追加：KWP KeywordSeed由来,電話番号,トライ式高等学院 電話番号,値あり,30
トライ式高等学院,トライ式高等学院,追加：KWP KeywordSeed由来,ホームページ,トライ式高等学院 ホームページ,値あり,10
トライ式高等学院,トライ式高等学院,追加：KWP KeywordSeed由来,株式会社,トライ式高等学院 株式会社,値あり,
トライ式高等学院,トライ式高等学院,追加：KWP KeywordSeed由来,講師,トライ式高等学院 講師,値あり,40
トライ式高等学院,トライ式高等学院,追加：KWP KeywordSeed由来,とは,トライ式高等学院 とは,値あり,50
トライ式高等学院,トライ式高等学院,発達特性×口コミ,発達障害 口コミ,トライ式高等学院 発達障害 口コミ,値あり,
トライ式高等学院,トライ式高等学院,発達特性×口コミ,発達障がい 口コミ,トライ式高等学院 発達障がい 口コミ,値あり,
トライ式高等学院,トライ式高等学院,発達特性×口コミ,グレーゾーン 口コミ,トライ式高等学院 グレーゾーン 口コミ,値あり,
トライ式高等学院,トライ式高等学院,発達特性×口コミ,ADHD 口コミ,トライ式高等学院 ADHD 口コミ,値あり,
トライ式高等学院,トライ式高等学院,発達特性×口コミ,ASD 口コミ,トライ式高等学院 ASD 口コミ,値あり,
トライ式高等学院,トライ式高等学院,発達特性×口コミ,自閉症 口コミ,トライ式高等学院 自閉症 口コミ,値あり,
トライ式高等学院,トライ式高等学院,発達特性×口コミ,LD 口コミ,トライ式高等学院 LD 口コミ,値あり,
トライ式高等学院,トライ式高等学院,発達特性×口コミ,学習障害 口コミ,トライ式高等学院 学習障害 口コミ,値あり,
トライ式高等学院,トライ式高等学院,発達特性×口コミ,境界知能 口コミ,トライ式高等学院 境界知能 口コミ,値あり,
トライ式高等学院,トライ式高等学院,発達特性×口コミ,不登校 口コミ,トライ式高等学院 不登校 口コミ,値あり,
トライ式高等学院,トライ式高等学院,発達特性×評判,発達障害 評判,トライ式高等学院 発達障害 評判,値あり,
トライ式高等学院,トライ式高等学院,発達特性×評判,発達障がい 評判,トライ式高等学院 発達障がい 評判,値あり,
トライ式高等学院,トライ式高等学院,発達特性×評判,グレーゾーン 評判,トライ式高等学院 グレーゾーン 評判,値あり,
トライ式高等学院,トライ式高等学院,発達特性×評判,ADHD 評判,トライ式高等学院 ADHD 評判,値あり,
トライ式高等学院,トライ式高等学院,発達特性×評判,ASD 評判,トライ式高等学院 ASD 評判,値あり,
トライ式高等学院,トライ式高等学院,発達特性×評判,自閉症 評判,トライ式高等学院 自閉症 評判,値あり,
トライ式高等学院,トライ式高等学院,発達特性×評判,LD 評判,トライ式高等学院 LD 評判,値あり,
トライ式高等学院,トライ式高等学院,発達特性×評判,学習障害 評判,トライ式高等学院 学習障害 評判,値あり,
トライ式高等学院,トライ式高等学院,発達特性×評判,境界知能 評判,トライ式高等学院 境界知能 評判,値あり,
トライ式高等学院,トライ式高等学院,発達特性×評判,不登校 評判,トライ式高等学院 不登校 評判,値あり,
トライ式高等学院,トライ式高等学院,発達特性×料金,発達障害 料金,トライ式高等学院 発達障害 料金,値あり,
トライ式高等学院,トライ式高等学院,発達特性×料金,発達障がい 料金,トライ式高等学院 発達障がい 料金,値あり,
トライ式高等学院,トライ式高等学院,発達特性×料金,グレーゾーン 料金,トライ式高等学院 グレーゾーン 料金,値あり,
トライ式高等学院,トライ式高等学院,発達特性×料金,ADHD 料金,トライ式高等学院 ADHD 料金,値あり,
トライ式高等学院,トライ式高等学院,発達特性×料金,ASD 料金,トライ式高等学院 ASD 料金,値あり,
トライ式高等学院,トライ式高等学院,発達特性×料金,自閉症 料金,トライ式高等学院 自閉症 料金,値あり,
トライ式高等学院,トライ式高等学院,発達特性×料金,LD 料金,トライ式高等学院 LD 料金,値あり,
トライ式高等学院,トライ式高等学院,発達特性×料金,学習障害 料金,トライ式高等学院 学習障害 料金,値あり,
トライ式高等学院,トライ式高等学院,発達特性×料金,境界知能 料金,トライ式高等学院 境界知能 料金,値あり,
トライ式高等学院,トライ式高等学院,発達特性×料金,不登校 料金,トライ式高等学院 不登校 料金,値あり,
トライ式高等学院,トライ 高等学院,評判・第三者評価,口コミ,トライ 高等学院 口コミ,値あり,50
トライ式高等学院,トライ 高等学院,評判・第三者評価,評判,トライ 高等学院 評判,値あり,10
トライ式高等学院,トライ 高等学院,評判・第三者評価,レビュー,トライ 高等学院 レビュー,値あり,
トライ式高等学院,トライ 高等学院,評判・第三者評価,体験談,トライ 高等学院 体験談,値あり,
トライ式高等学院,トライ 高等学院,評判・第三者評価,感想,トライ 高等学院 感想,値あり,
トライ式高等学院,トライ 高等学院,評判・第三者評価,評価,トライ 高等学院 評価,値あり,
トライ式高等学院,トライ 高等学院,料金・契約,料金,トライ 高等学院 料金,値あり,
トライ式高等学院,トライ 高等学院,料金・契約,費用,トライ 高等学院 費用,値あり,10
トライ式高等学院,トライ 高等学院,料金・契約,月謝,トライ 高等学院 月謝,値あり,
トライ式高等学院,トライ 高等学院,料金・契約,値段,トライ 高等学院 値段,値あり,
トライ式高等学院,トライ 高等学院,料金・契約,価格,トライ 高等学院 価格,値あり,
トライ式高等学院,トライ 高等学院,料金・契約,入会金,トライ 高等学院 入会金,値あり,
トライ式高等学院,トライ 高等学院,料金・契約,教材費,トライ 高等学院 教材費,値あり,
トライ式高等学院,トライ 高等学院,料金・契約,高い,トライ 高等学院 高い,値あり,
トライ式高等学院,トライ 高等学院,料金・契約,安い,トライ 高等学院 安い,値あり,
トライ式高等学院,トライ 高等学院,比較・選択,比較,トライ 高等学院 比較,値あり,
トライ式高等学院,トライ 高等学院,比較・選択,違い,トライ 高等学院 違い,値あり,
トライ式高等学院,トライ 高等学院,比較・選択,どっち,トライ 高等学院 どっち,値あり,
トライ式高等学院,トライ 高等学院,比較・選択,おすすめ,トライ 高等学院 おすすめ,値あり,
トライ式高等学院,トライ 高等学院,比較・選択,他社,トライ 高等学院 他社,値あり,
トライ式高等学院,トライ 高等学院,比較・選択,ランキング,トライ 高等学院 ランキング,値あり,
トライ式高等学院,トライ 高等学院,不安・ネガティブ確認,デメリット,トライ 高等学院 デメリット,値あり,
トライ式高等学院,トライ 高等学院,不安・ネガティブ確認,メリット,トライ 高等学院 メリット,値あり,
トライ式高等学院,トライ 高等学院,不安・ネガティブ確認,怪しい,トライ 高等学院 怪しい,値あり,
トライ式高等学院,トライ 高等学院,不安・ネガティブ確認,最悪,トライ 高等学院 最悪,値あり,
トライ式高等学院,トライ 高等学院,不安・ネガティブ確認,失敗,トライ 高等学院 失敗,値あり,
トライ式高等学院,トライ 高等学院,不安・ネガティブ確認,後悔,トライ 高等学院 後悔,値あり,
トライ式高等学院,トライ 高等学院,不安・ネガティブ確認,合わない,トライ 高等学院 合わない,値あり,
トライ式高等学院,トライ 高等学院,不安・ネガティブ確認,向いてない,トライ 高等学院 向いてない,値あり,
トライ式高等学院,トライ 高等学院,不安・ネガティブ確認,やめたい,トライ 高等学院 やめたい,値あり,
トライ式高等学院,トライ 高等学院,不安・ネガティブ確認,辞めたい,トライ 高等学院 辞めたい,値あり,
トライ式高等学院,トライ 高等学院,不安・ネガティブ確認,退会,トライ 高等学院 退会,値あり,
トライ式高等学院,トライ 高等学院,不安・ネガティブ確認,解約,トライ 高等学院 解約,値あり,
トライ式高等学院,トライ 高等学院,申込直前,無料体験,トライ 高等学院 無料体験,値あり,
トライ式高等学院,トライ 高等学院,申込直前,体験,トライ 高等学院 体験,値あり,
トライ式高等学院,トライ 高等学院,申込直前,体験授業,トライ 高等学院 体験授業,値あり,
トライ式高等学院,トライ 高等学院,申込直前,無料相談,トライ 高等学院 無料相談,値あり,
トライ式高等学院,トライ 高等学院,申込直前,資料請求,トライ 高等学院 資料請求,値あり,
トライ式高等学院,トライ 高等学院,申込直前,申し込み,トライ 高等学院 申し込み,値あり,
トライ式高等学院,トライ 高等学院,申込直前,入会,トライ 高等学院 入会,値あり,
トライ式高等学院,トライ 高等学院,発達特性との相性,発達障害,トライ 高等学院 発達障害,値あり,
トライ式高等学院,トライ 高等学院,発達特性との相性,発達障がい,トライ 高等学院 発達障がい,値あり,
トライ式高等学院,トライ 高等学院,発達特性との相性,グレーゾーン,トライ 高等学院 グレーゾーン,値あり,
トライ式高等学院,トライ 高等学院,発達特性との相性,ADHD,トライ 高等学院 ADHD,値あり,
トライ式高等学院,トライ 高等学院,発達特性との相性,ASD,トライ 高等学院 ASD,値あり,
トライ式高等学院,トライ 高等学院,発達特性との相性,自閉症,トライ 高等学院 自閉症,値あり,
トライ式高等学院,トライ 高等学院,発達特性との相性,LD,トライ 高等学院 LD,値あり,
トライ式高等学院,トライ 高等学院,発達特性との相性,学習障害,トライ 高等学院 学習障害,値あり,
トライ式高等学院,トライ 高等学院,発達特性との相性,境界知能,トライ 高等学院 境界知能,値あり,
トライ式高等学院,トライ 高等学院,発達特性との相性,不登校,トライ 高等学院 不登校,値あり,
トライ式高等学院,トライ 高等学院,対象・用途,小学生,トライ 高等学院 小学生,値あり,
トライ式高等学院,トライ 高等学院,対象・用途,中学生,トライ 高等学院 中学生,値あり,
トライ式高等学院,トライ 高等学院,対象・用途,高校生,トライ 高等学院 高校生,値あり,
トライ式高等学院,トライ 高等学院,対象・用途,高校受験,トライ 高等学院 高校受験,値あり,
トライ式高等学院,トライ 高等学院,対象・用途,中学受験,トライ 高等学院 中学受験,値あり,
トライ式高等学院,トライ 高等学院,対象・用途,大学受験,トライ 高等学院 大学受験,値あり,
トライ式高等学院,トライ 高等学院,追加：SERP・サジェスト由来,評判 悪い,トライ 高等学院 評判 悪い,値あり,
トライ式高等学院,トライ 高等学院,追加：SERP・サジェスト由来,やばい,トライ 高等学院 やばい,値あり,
トライ式高等学院,トライ 高等学院,追加：SERP・サジェスト由来,知恵袋,トライ 高等学院 知恵袋,値あり,
トライ式高等学院,トライ 高等学院,追加：SERP・サジェスト由来,2ch,トライ 高等学院 2ch,値あり,
トライ式高等学院,トライ 高等学院,追加：SERP・サジェスト由来,料金表,トライ 高等学院 料金表,値あり,
トライ式高等学院,トライ 高等学院,追加：SERP・サジェスト由来,授業料,トライ 高等学院 授業料,値あり,
トライ式高等学院,トライ 高等学院,追加：SERP・サジェスト由来,夏期講習,トライ 高等学院 夏期講習,値あり,
トライ式高等学院,トライ 高等学院,追加：SERP・サジェスト由来,意味ない,トライ 高等学院 意味ない,値あり,
トライ式高等学院,トライ 高等学院,追加：SERP・サジェスト由来,バイト,トライ 高等学院 バイト,値あり,20
トライ式高等学院,トライ 高等学院,追加：SERP・サジェスト由来,求人,トライ 高等学院 求人,値あり,50
トライ式高等学院,トライ 高等学院,追加：KWP KeywordSeed由来,クチコミ,トライ 高等学院 クチコミ,値あり,
トライ式高等学院,トライ 高等学院,追加：KWP KeywordSeed由来,やめとけ,トライ 高等学院 やめとけ,値あり,
トライ式高等学院,トライ 高等学院,追加：KWP KeywordSeed由来,合格実績,トライ 高等学院 合格実績,値あり,
トライ式高等学院,トライ 高等学院,追加：KWP KeywordSeed由来,時間割,トライ 高等学院 時間割,値あり,
トライ式高等学院,トライ 高等学院,追加：KWP KeywordSeed由来,キャンペーン,トライ 高等学院 キャンペーン,値あり,
トライ式高等学院,トライ 高等学院,追加：KWP KeywordSeed由来,割引,トライ 高等学院 割引,値あり,
トライ式高等学院,トライ 高等学院,追加：KWP KeywordSeed由来,コース,トライ 高等学院 コース,値あり,
トライ式高等学院,トライ 高等学院,追加：KWP KeywordSeed由来,春期講習,トライ 高等学院 春期講習,値あり,
トライ式高等学院,トライ 高等学院,追加：KWP KeywordSeed由来,冬期講習,トライ 高等学院 冬期講習,値あり,
トライ式高等学院,トライ 高等学院,追加：KWP KeywordSeed由来,電話番号,トライ 高等学院 電話番号,値あり,
トライ式高等学院,トライ 高等学院,追加：KWP KeywordSeed由来,ホームページ,トライ 高等学院 ホームページ,値あり,
トライ式高等学院,トライ 高等学院,追加：KWP KeywordSeed由来,株式会社,トライ 高等学院 株式会社,値あり,
トライ式高等学院,トライ 高等学院,追加：KWP KeywordSeed由来,講師,トライ 高等学院 講師,値あり,
トライ式高等学院,トライ 高等学院,追加：KWP KeywordSeed由来,とは,トライ 高等学院 とは,値あり,
個別指導塾トライプラス,トライプラス,評判・第三者評価,口コミ,トライプラス 口コミ,値あり,210
個別指導塾トライプラス,トライプラス,評判・第三者評価,評判,トライプラス 評判,値あり,40
個別指導塾トライプラス,トライプラス,評判・第三者評価,レビュー,トライプラス レビュー,値あり,
個別指導塾トライプラス,トライプラス,評判・第三者評価,体験談,トライプラス 体験談,値あり,
個別指導塾トライプラス,トライプラス,評判・第三者評価,感想,トライプラス 感想,値あり,
個別指導塾トライプラス,トライプラス,評判・第三者評価,評価,トライプラス 評価,値あり,
個別指導塾トライプラス,トライプラス,料金・契約,料金,トライプラス 料金,値あり,1600
個別指導塾トライプラス,トライプラス,料金・契約,費用,トライプラス 費用,値あり,10
個別指導塾トライプラス,トライプラス,料金・契約,月謝,トライプラス 月謝,値あり,30
個別指導塾トライプラス,トライプラス,料金・契約,値段,トライプラス 値段,値あり,30
個別指導塾トライプラス,トライプラス,料金・契約,価格,トライプラス 価格,値あり,
個別指導塾トライプラス,トライプラス,料金・契約,入会金,トライプラス 入会金,値あり,20
個別指導塾トライプラス,トライプラス,料金・契約,教材費,トライプラス 教材費,値あり,10
個別指導塾トライプラス,トライプラス,料金・契約,高い,トライプラス 高い,値あり,20
個別指導塾トライプラス,トライプラス,料金・契約,安い,トライプラス 安い,値あり,
個別指導塾トライプラス,トライプラス,比較・選択,比較,トライプラス 比較,値あり,
個別指導塾トライプラス,トライプラス,比較・選択,違い,トライプラス 違い,値あり,20
個別指導塾トライプラス,トライプラス,比較・選択,どっち,トライプラス どっち,値あり,
個別指導塾トライプラス,トライプラス,比較・選択,おすすめ,トライプラス おすすめ,値あり,
個別指導塾トライプラス,トライプラス,比較・選択,他社,トライプラス 他社,値あり,
個別指導塾トライプラス,トライプラス,比較・選択,ランキング,トライプラス ランキング,値あり,
個別指導塾トライプラス,トライプラス,不安・ネガティブ確認,デメリット,トライプラス デメリット,値あり,
個別指導塾トライプラス,トライプラス,不安・ネガティブ確認,メリット,トライプラス メリット,値あり,
個別指導塾トライプラス,トライプラス,不安・ネガティブ確認,怪しい,トライプラス 怪しい,値あり,
個別指導塾トライプラス,トライプラス,不安・ネガティブ確認,最悪,トライプラス 最悪,値あり,
個別指導塾トライプラス,トライプラス,不安・ネガティブ確認,失敗,トライプラス 失敗,値あり,
個別指導塾トライプラス,トライプラス,不安・ネガティブ確認,後悔,トライプラス 後悔,値あり,
個別指導塾トライプラス,トライプラス,不安・ネガティブ確認,合わない,トライプラス 合わない,値あり,
個別指導塾トライプラス,トライプラス,不安・ネガティブ確認,向いてない,トライプラス 向いてない,値あり,
個別指導塾トライプラス,トライプラス,不安・ネガティブ確認,やめたい,トライプラス やめたい,値あり,
個別指導塾トライプラス,トライプラス,不安・ネガティブ確認,辞めたい,トライプラス 辞めたい,値あり,
個別指導塾トライプラス,トライプラス,不安・ネガティブ確認,退会,トライプラス 退会,値あり,20
個別指導塾トライプラス,トライプラス,不安・ネガティブ確認,解約,トライプラス 解約,値あり,20
個別指導塾トライプラス,トライプラス,申込直前,無料体験,トライプラス 無料体験,値あり,10
個別指導塾トライプラス,トライプラス,申込直前,体験,トライプラス 体験,値あり,20
個別指導塾トライプラス,トライプラス,申込直前,体験授業,トライプラス 体験授業,値あり,20
個別指導塾トライプラス,トライプラス,申込直前,無料相談,トライプラス 無料相談,値あり,
個別指導塾トライプラス,トライプラス,申込直前,資料請求,トライプラス 資料請求,値あり,10
個別指導塾トライプラス,トライプラス,申込直前,申し込み,トライプラス 申し込み,値あり,
個別指導塾トライプラス,トライプラス,申込直前,入会,トライプラス 入会,値あり,
個別指導塾トライプラス,トライプラス,発達特性との相性,発達障害,トライプラス 発達障害,値あり,10
個別指導塾トライプラス,トライプラス,発達特性との相性,発達障がい,トライプラス 発達障がい,値あり,
個別指導塾トライプラス,トライプラス,発達特性との相性,グレーゾーン,トライプラス グレーゾーン,値あり,
個別指導塾トライプラス,トライプラス,発達特性との相性,ADHD,トライプラス ADHD,値あり,
個別指導塾トライプラス,トライプラス,発達特性との相性,ASD,トライプラス ASD,値あり,
個別指導塾トライプラス,トライプラス,発達特性との相性,自閉症,トライプラス 自閉症,値あり,
個別指導塾トライプラス,トライプラス,発達特性との相性,LD,トライプラス LD,値あり,
個別指導塾トライプラス,トライプラス,発達特性との相性,学習障害,トライプラス 学習障害,値あり,
個別指導塾トライプラス,トライプラス,発達特性との相性,境界知能,トライプラス 境界知能,値あり,
個別指導塾トライプラス,トライプラス,発達特性との相性,不登校,トライプラス 不登校,値あり,
個別指導塾トライプラス,トライプラス,対象・用途,小学生,トライプラス 小学生,値あり,10
個別指導塾トライプラス,トライプラス,対象・用途,中学生,トライプラス 中学生,値あり,10
個別指導塾トライプラス,トライプラス,対象・用途,高校生,トライプラス 高校生,値あり,10
個別指導塾トライプラス,トライプラス,対象・用途,高校受験,トライプラス 高校受験,値あり,10
個別指導塾トライプラス,トライプラス,対象・用途,中学受験,トライプラス 中学受験,値あり,30
個別指導塾トライプラス,トライプラス,対象・用途,大学受験,トライプラス 大学受験,値あり,30
個別指導塾トライプラス,トライプラス,追加：SERP・サジェスト由来,評判 悪い,トライプラス 評判 悪い,値あり,30
個別指導塾トライプラス,トライプラス,追加：SERP・サジェスト由来,やばい,トライプラス やばい,値あり,720
個別指導塾トライプラス,トライプラス,追加：SERP・サジェスト由来,知恵袋,トライプラス 知恵袋,値あり,20
個別指導塾トライプラス,トライプラス,追加：SERP・サジェスト由来,2ch,トライプラス 2ch,値あり,10
個別指導塾トライプラス,トライプラス,追加：SERP・サジェスト由来,料金表,トライプラス 料金表,値あり,170
個別指導塾トライプラス,トライプラス,追加：SERP・サジェスト由来,授業料,トライプラス 授業料,値あり,110
個別指導塾トライプラス,トライプラス,追加：SERP・サジェスト由来,夏期講習,トライプラス 夏期講習,値あり,90
個別指導塾トライプラス,トライプラス,追加：SERP・サジェスト由来,意味ない,トライプラス 意味ない,値あり,
個別指導塾トライプラス,トライプラス,追加：SERP・サジェスト由来,バイト,トライプラス バイト,値あり,260
個別指導塾トライプラス,トライプラス,追加：SERP・サジェスト由来,求人,トライプラス 求人,値あり,50
個別指導塾トライプラス,トライプラス,追加：KWP KeywordSeed由来,クチコミ,トライプラス クチコミ,値あり,210
個別指導塾トライプラス,トライプラス,追加：KWP KeywordSeed由来,やめとけ,トライプラス やめとけ,値あり,
個別指導塾トライプラス,トライプラス,追加：KWP KeywordSeed由来,合格実績,トライプラス 合格実績,値あり,30
個別指導塾トライプラス,トライプラス,追加：KWP KeywordSeed由来,時間割,トライプラス 時間割,値あり,170
個別指導塾トライプラス,トライプラス,追加：KWP KeywordSeed由来,キャンペーン,トライプラス キャンペーン,値あり,50
個別指導塾トライプラス,トライプラス,追加：KWP KeywordSeed由来,割引,トライプラス 割引,値あり,
個別指導塾トライプラス,トライプラス,追加：KWP KeywordSeed由来,コース,トライプラス コース,値あり,10
個別指導塾トライプラス,トライプラス,追加：KWP KeywordSeed由来,春期講習,トライプラス 春期講習,値あり,20
個別指導塾トライプラス,トライプラス,追加：KWP KeywordSeed由来,冬期講習,トライプラス 冬期講習,値あり,30
個別指導塾トライプラス,トライプラス,追加：KWP KeywordSeed由来,電話番号,トライプラス 電話番号,値あり,20
個別指導塾トライプラス,トライプラス,追加：KWP KeywordSeed由来,ホームページ,トライプラス ホームページ,値あり,10
個別指導塾トライプラス,トライプラス,追加：KWP KeywordSeed由来,株式会社,トライプラス 株式会社,値あり,
個別指導塾トライプラス,トライプラス,追加：KWP KeywordSeed由来,講師,トライプラス 講師,値あり,20
個別指導塾トライプラス,トライプラス,追加：KWP KeywordSeed由来,とは,トライプラス とは,値あり,20
個別指導塾トライプラス,トライプラス,発達特性×口コミ,発達障害 口コミ,トライプラス 発達障害 口コミ,値あり,
個別指導塾トライプラス,トライプラス,発達特性×口コミ,発達障がい 口コミ,トライプラス 発達障がい 口コミ,値あり,
個別指導塾トライプラス,トライプラス,発達特性×口コミ,グレーゾーン 口コミ,トライプラス グレーゾーン 口コミ,値あり,
個別指導塾トライプラス,トライプラス,発達特性×口コミ,ADHD 口コミ,トライプラス ADHD 口コミ,値あり,
個別指導塾トライプラス,トライプラス,発達特性×口コミ,ASD 口コミ,トライプラス ASD 口コミ,値あり,
個別指導塾トライプラス,トライプラス,発達特性×口コミ,自閉症 口コミ,トライプラス 自閉症 口コミ,値あり,
個別指導塾トライプラス,トライプラス,発達特性×口コミ,LD 口コミ,トライプラス LD 口コミ,値あり,
個別指導塾トライプラス,トライプラス,発達特性×口コミ,学習障害 口コミ,トライプラス 学習障害 口コミ,値あり,
個別指導塾トライプラス,トライプラス,発達特性×口コミ,境界知能 口コミ,トライプラス 境界知能 口コミ,値あり,
個別指導塾トライプラス,トライプラス,発達特性×口コミ,不登校 口コミ,トライプラス 不登校 口コミ,値あり,
個別指導塾トライプラス,トライプラス,発達特性×評判,発達障害 評判,トライプラス 発達障害 評判,値あり,
個別指導塾トライプラス,トライプラス,発達特性×評判,発達障がい 評判,トライプラス 発達障がい 評判,値あり,
個別指導塾トライプラス,トライプラス,発達特性×評判,グレーゾーン 評判,トライプラス グレーゾーン 評判,値あり,
個別指導塾トライプラス,トライプラス,発達特性×評判,ADHD 評判,トライプラス ADHD 評判,値あり,
個別指導塾トライプラス,トライプラス,発達特性×評判,ASD 評判,トライプラス ASD 評判,値あり,
個別指導塾トライプラス,トライプラス,発達特性×評判,自閉症 評判,トライプラス 自閉症 評判,値あり,
個別指導塾トライプラス,トライプラス,発達特性×評判,LD 評判,トライプラス LD 評判,値あり,
個別指導塾トライプラス,トライプラス,発達特性×評判,学習障害 評判,トライプラス 学習障害 評判,値あり,
個別指導塾トライプラス,トライプラス,発達特性×評判,境界知能 評判,トライプラス 境界知能 評判,値あり,
個別指導塾トライプラス,トライプラス,発達特性×評判,不登校 評判,トライプラス 不登校 評判,値あり,
個別指導塾トライプラス,トライプラス,発達特性×料金,発達障害 料金,トライプラス 発達障害 料金,値あり,
個別指導塾トライプラス,トライプラス,発達特性×料金,発達障がい 料金,トライプラス 発達障がい 料金,値あり,
個別指導塾トライプラス,トライプラス,発達特性×料金,グレーゾーン 料金,トライプラス グレーゾーン 料金,値あり,
個別指導塾トライプラス,トライプラス,発達特性×料金,ADHD 料金,トライプラス ADHD 料金,値あり,
個別指導塾トライプラス,トライプラス,発達特性×料金,ASD 料金,トライプラス ASD 料金,値あり,
個別指導塾トライプラス,トライプラス,発達特性×料金,自閉症 料金,トライプラス 自閉症 料金,値あり,
個別指導塾トライプラス,トライプラス,発達特性×料金,LD 料金,トライプラス LD 料金,値あり,
個別指導塾トライプラス,トライプラス,発達特性×料金,学習障害 料金,トライプラス 学習障害 料金,値あり,
個別指導塾トライプラス,トライプラス,発達特性×料金,境界知能 料金,トライプラス 境界知能 料金,値あり,
個別指導塾トライプラス,トライプラス,発達特性×料金,不登校 料金,トライプラス 不登校 料金,値あり,
個別指導塾トライプラス,トライ プラス 塾,評判・第三者評価,口コミ,トライ プラス 塾 口コミ,値あり,
個別指導塾トライプラス,トライ プラス 塾,評判・第三者評価,評判,トライ プラス 塾 評判,値あり,
個別指導塾トライプラス,トライ プラス 塾,評判・第三者評価,レビュー,トライ プラス 塾 レビュー,値あり,
個別指導塾トライプラス,トライ プラス 塾,評判・第三者評価,体験談,トライ プラス 塾 体験談,値あり,
個別指導塾トライプラス,トライ プラス 塾,評判・第三者評価,感想,トライ プラス 塾 感想,値あり,
個別指導塾トライプラス,トライ プラス 塾,評判・第三者評価,評価,トライ プラス 塾 評価,値あり,
個別指導塾トライプラス,トライ プラス 塾,料金・契約,料金,トライ プラス 塾 料金,値あり,10
個別指導塾トライプラス,トライ プラス 塾,料金・契約,費用,トライ プラス 塾 費用,値あり,
個別指導塾トライプラス,トライ プラス 塾,料金・契約,月謝,トライ プラス 塾 月謝,値あり,
個別指導塾トライプラス,トライ プラス 塾,料金・契約,値段,トライ プラス 塾 値段,値あり,
個別指導塾トライプラス,トライ プラス 塾,料金・契約,価格,トライ プラス 塾 価格,値あり,
個別指導塾トライプラス,トライ プラス 塾,料金・契約,入会金,トライ プラス 塾 入会金,値あり,
個別指導塾トライプラス,トライ プラス 塾,料金・契約,教材費,トライ プラス 塾 教材費,値あり,
個別指導塾トライプラス,トライ プラス 塾,料金・契約,高い,トライ プラス 塾 高い,値あり,
個別指導塾トライプラス,トライ プラス 塾,料金・契約,安い,トライ プラス 塾 安い,値あり,
個別指導塾トライプラス,トライ プラス 塾,比較・選択,比較,トライ プラス 塾 比較,値あり,
個別指導塾トライプラス,トライ プラス 塾,比較・選択,違い,トライ プラス 塾 違い,値あり,
個別指導塾トライプラス,トライ プラス 塾,比較・選択,どっち,トライ プラス 塾 どっち,値あり,
個別指導塾トライプラス,トライ プラス 塾,比較・選択,おすすめ,トライ プラス 塾 おすすめ,値あり,
個別指導塾トライプラス,トライ プラス 塾,比較・選択,他社,トライ プラス 塾 他社,値あり,
個別指導塾トライプラス,トライ プラス 塾,比較・選択,ランキング,トライ プラス 塾 ランキング,値あり,
個別指導塾トライプラス,トライ プラス 塾,不安・ネガティブ確認,デメリット,トライ プラス 塾 デメリット,値あり,
個別指導塾トライプラス,トライ プラス 塾,不安・ネガティブ確認,メリット,トライ プラス 塾 メリット,値あり,
個別指導塾トライプラス,トライ プラス 塾,不安・ネガティブ確認,怪しい,トライ プラス 塾 怪しい,値あり,
個別指導塾トライプラス,トライ プラス 塾,不安・ネガティブ確認,最悪,トライ プラス 塾 最悪,値あり,
個別指導塾トライプラス,トライ プラス 塾,不安・ネガティブ確認,失敗,トライ プラス 塾 失敗,値あり,
個別指導塾トライプラス,トライ プラス 塾,不安・ネガティブ確認,後悔,トライ プラス 塾 後悔,値あり,
個別指導塾トライプラス,トライ プラス 塾,不安・ネガティブ確認,合わない,トライ プラス 塾 合わない,値あり,
個別指導塾トライプラス,トライ プラス 塾,不安・ネガティブ確認,向いてない,トライ プラス 塾 向いてない,値あり,
個別指導塾トライプラス,トライ プラス 塾,不安・ネガティブ確認,やめたい,トライ プラス 塾 やめたい,値あり,
個別指導塾トライプラス,トライ プラス 塾,不安・ネガティブ確認,辞めたい,トライ プラス 塾 辞めたい,値あり,
個別指導塾トライプラス,トライ プラス 塾,不安・ネガティブ確認,退会,トライ プラス 塾 退会,値あり,
個別指導塾トライプラス,トライ プラス 塾,不安・ネガティブ確認,解約,トライ プラス 塾 解約,値あり,
個別指導塾トライプラス,トライ プラス 塾,申込直前,無料体験,トライ プラス 塾 無料体験,値あり,
個別指導塾トライプラス,トライ プラス 塾,申込直前,体験,トライ プラス 塾 体験,値あり,
個別指導塾トライプラス,トライ プラス 塾,申込直前,体験授業,トライ プラス 塾 体験授業,値あり,
個別指導塾トライプラス,トライ プラス 塾,申込直前,無料相談,トライ プラス 塾 無料相談,値あり,
個別指導塾トライプラス,トライ プラス 塾,申込直前,資料請求,トライ プラス 塾 資料請求,値あり,
個別指導塾トライプラス,トライ プラス 塾,申込直前,申し込み,トライ プラス 塾 申し込み,値あり,
個別指導塾トライプラス,トライ プラス 塾,申込直前,入会,トライ プラス 塾 入会,値あり,
個別指導塾トライプラス,トライ プラス 塾,発達特性との相性,発達障害,トライ プラス 塾 発達障害,値あり,
個別指導塾トライプラス,トライ プラス 塾,発達特性との相性,発達障がい,トライ プラス 塾 発達障がい,値あり,
個別指導塾トライプラス,トライ プラス 塾,発達特性との相性,グレーゾーン,トライ プラス 塾 グレーゾーン,値あり,
個別指導塾トライプラス,トライ プラス 塾,発達特性との相性,ADHD,トライ プラス 塾 ADHD,値あり,
個別指導塾トライプラス,トライ プラス 塾,発達特性との相性,ASD,トライ プラス 塾 ASD,値あり,
個別指導塾トライプラス,トライ プラス 塾,発達特性との相性,自閉症,トライ プラス 塾 自閉症,値あり,
個別指導塾トライプラス,トライ プラス 塾,発達特性との相性,LD,トライ プラス 塾 LD,値あり,
個別指導塾トライプラス,トライ プラス 塾,発達特性との相性,学習障害,トライ プラス 塾 学習障害,値あり,
個別指導塾トライプラス,トライ プラス 塾,発達特性との相性,境界知能,トライ プラス 塾 境界知能,値あり,
個別指導塾トライプラス,トライ プラス 塾,発達特性との相性,不登校,トライ プラス 塾 不登校,値あり,
個別指導塾トライプラス,トライ プラス 塾,対象・用途,小学生,トライ プラス 塾 小学生,値あり,
個別指導塾トライプラス,トライ プラス 塾,対象・用途,中学生,トライ プラス 塾 中学生,値あり,
個別指導塾トライプラス,トライ プラス 塾,対象・用途,高校生,トライ プラス 塾 高校生,値あり,
個別指導塾トライプラス,トライ プラス 塾,対象・用途,高校受験,トライ プラス 塾 高校受験,値あり,
個別指導塾トライプラス,トライ プラス 塾,対象・用途,中学受験,トライ プラス 塾 中学受験,値あり,
個別指導塾トライプラス,トライ プラス 塾,対象・用途,大学受験,トライ プラス 塾 大学受験,値あり,
個別指導塾トライプラス,トライ プラス 塾,追加：SERP・サジェスト由来,評判 悪い,トライ プラス 塾 評判 悪い,値あり,
個別指導塾トライプラス,トライ プラス 塾,追加：SERP・サジェスト由来,やばい,トライ プラス 塾 やばい,値あり,
個別指導塾トライプラス,トライ プラス 塾,追加：SERP・サジェスト由来,知恵袋,トライ プラス 塾 知恵袋,値あり,
個別指導塾トライプラス,トライ プラス 塾,追加：SERP・サジェスト由来,2ch,トライ プラス 塾 2ch,値あり,
個別指導塾トライプラス,トライ プラス 塾,追加：SERP・サジェスト由来,料金表,トライ プラス 塾 料金表,値あり,
個別指導塾トライプラス,トライ プラス 塾,追加：SERP・サジェスト由来,授業料,トライ プラス 塾 授業料,値あり,
個別指導塾トライプラス,トライ プラス 塾,追加：SERP・サジェスト由来,夏期講習,トライ プラス 塾 夏期講習,値あり,
個別指導塾トライプラス,トライ プラス 塾,追加：SERP・サジェスト由来,意味ない,トライ プラス 塾 意味ない,値あり,
個別指導塾トライプラス,トライ プラス 塾,追加：SERP・サジェスト由来,バイト,トライ プラス 塾 バイト,値あり,
個別指導塾トライプラス,トライ プラス 塾,追加：SERP・サジェスト由来,求人,トライ プラス 塾 求人,値あり,
個別指導塾トライプラス,トライ プラス 塾,追加：KWP KeywordSeed由来,クチコミ,トライ プラス 塾 クチコミ,値あり,
個別指導塾トライプラス,トライ プラス 塾,追加：KWP KeywordSeed由来,やめとけ,トライ プラス 塾 やめとけ,値あり,
個別指導塾トライプラス,トライ プラス 塾,追加：KWP KeywordSeed由来,合格実績,トライ プラス 塾 合格実績,値あり,
個別指導塾トライプラス,トライ プラス 塾,追加：KWP KeywordSeed由来,時間割,トライ プラス 塾 時間割,値あり,
個別指導塾トライプラス,トライ プラス 塾,追加：KWP KeywordSeed由来,キャンペーン,トライ プラス 塾 キャンペーン,値あり,
個別指導塾トライプラス,トライ プラス 塾,追加：KWP KeywordSeed由来,割引,トライ プラス 塾 割引,値あり,
個別指導塾トライプラス,トライ プラス 塾,追加：KWP KeywordSeed由来,コース,トライ プラス 塾 コース,値あり,
個別指導塾トライプラス,トライ プラス 塾,追加：KWP KeywordSeed由来,春期講習,トライ プラス 塾 春期講習,値あり,
個別指導塾トライプラス,トライ プラス 塾,追加：KWP KeywordSeed由来,冬期講習,トライ プラス 塾 冬期講習,値あり,
個別指導塾トライプラス,トライ プラス 塾,追加：KWP KeywordSeed由来,電話番号,トライ プラス 塾 電話番号,値あり,
個別指導塾トライプラス,トライ プラス 塾,追加：KWP KeywordSeed由来,ホームページ,トライ プラス 塾 ホームページ,値あり,
個別指導塾トライプラス,トライ プラス 塾,追加：KWP KeywordSeed由来,株式会社,トライ プラス 塾 株式会社,値あり,
個別指導塾トライプラス,トライ プラス 塾,追加：KWP KeywordSeed由来,講師,トライ プラス 塾 講師,値あり,
個別指導塾トライプラス,トライ プラス 塾,追加：KWP KeywordSeed由来,とは,トライ プラス 塾 とは,値あり,
オンラインプロ教師のメガスタ,メガスタ,評判・第三者評価,口コミ,メガスタ 口コミ,値あり,140
オンラインプロ教師のメガスタ,メガスタ,評判・第三者評価,評判,メガスタ 評判,値あり,260
オンラインプロ教師のメガスタ,メガスタ,評判・第三者評価,レビュー,メガスタ レビュー,値あり,10
オンラインプロ教師のメガスタ,メガスタ,評判・第三者評価,体験談,メガスタ 体験談,値あり,10
オンラインプロ教師のメガスタ,メガスタ,評判・第三者評価,感想,メガスタ 感想,値あり,
オンラインプロ教師のメガスタ,メガスタ,評判・第三者評価,評価,メガスタ 評価,値あり,10
オンラインプロ教師のメガスタ,メガスタ,料金・契約,料金,メガスタ 料金,値あり,260
オンラインプロ教師のメガスタ,メガスタ,料金・契約,費用,メガスタ 費用,値あり,10
オンラインプロ教師のメガスタ,メガスタ,料金・契約,月謝,メガスタ 月謝,値あり,10
オンラインプロ教師のメガスタ,メガスタ,料金・契約,値段,メガスタ 値段,値あり,10
オンラインプロ教師のメガスタ,メガスタ,料金・契約,価格,メガスタ 価格,値あり,
オンラインプロ教師のメガスタ,メガスタ,料金・契約,入会金,メガスタ 入会金,値あり,
オンラインプロ教師のメガスタ,メガスタ,料金・契約,教材費,メガスタ 教材費,値あり,
オンラインプロ教師のメガスタ,メガスタ,料金・契約,高い,メガスタ 高い,値あり,10
オンラインプロ教師のメガスタ,メガスタ,料金・契約,安い,メガスタ 安い,値あり,
オンラインプロ教師のメガスタ,メガスタ,比較・選択,比較,メガスタ 比較,値あり,
オンラインプロ教師のメガスタ,メガスタ,比較・選択,違い,メガスタ 違い,値あり,
オンラインプロ教師のメガスタ,メガスタ,比較・選択,どっち,メガスタ どっち,値あり,
オンラインプロ教師のメガスタ,メガスタ,比較・選択,おすすめ,メガスタ おすすめ,値あり,10
オンラインプロ教師のメガスタ,メガスタ,比較・選択,他社,メガスタ 他社,値あり,
オンラインプロ教師のメガスタ,メガスタ,比較・選択,ランキング,メガスタ ランキング,値あり,
オンラインプロ教師のメガスタ,メガスタ,不安・ネガティブ確認,デメリット,メガスタ デメリット,値あり,
オンラインプロ教師のメガスタ,メガスタ,不安・ネガティブ確認,メリット,メガスタ メリット,値あり,
オンラインプロ教師のメガスタ,メガスタ,不安・ネガティブ確認,怪しい,メガスタ 怪しい,値あり,40
オンラインプロ教師のメガスタ,メガスタ,不安・ネガティブ確認,最悪,メガスタ 最悪,値あり,
オンラインプロ教師のメガスタ,メガスタ,不安・ネガティブ確認,失敗,メガスタ 失敗,値あり,
オンラインプロ教師のメガスタ,メガスタ,不安・ネガティブ確認,後悔,メガスタ 後悔,値あり,
オンラインプロ教師のメガスタ,メガスタ,不安・ネガティブ確認,合わない,メガスタ 合わない,値あり,
オンラインプロ教師のメガスタ,メガスタ,不安・ネガティブ確認,向いてない,メガスタ 向いてない,値あり,
オンラインプロ教師のメガスタ,メガスタ,不安・ネガティブ確認,やめたい,メガスタ やめたい,値あり,
オンラインプロ教師のメガスタ,メガスタ,不安・ネガティブ確認,辞めたい,メガスタ 辞めたい,値あり,10
オンラインプロ教師のメガスタ,メガスタ,不安・ネガティブ確認,退会,メガスタ 退会,値あり,10
オンラインプロ教師のメガスタ,メガスタ,不安・ネガティブ確認,解約,メガスタ 解約,値あり,10
オンラインプロ教師のメガスタ,メガスタ,申込直前,無料体験,メガスタ 無料体験,値あり,
オンラインプロ教師のメガスタ,メガスタ,申込直前,体験,メガスタ 体験,値あり,
オンラインプロ教師のメガスタ,メガスタ,申込直前,体験授業,メガスタ 体験授業,値あり,
オンラインプロ教師のメガスタ,メガスタ,申込直前,無料相談,メガスタ 無料相談,値あり,
オンラインプロ教師のメガスタ,メガスタ,申込直前,資料請求,メガスタ 資料請求,値あり,
オンラインプロ教師のメガスタ,メガスタ,申込直前,申し込み,メガスタ 申し込み,値あり,
オンラインプロ教師のメガスタ,メガスタ,申込直前,入会,メガスタ 入会,値あり,
オンラインプロ教師のメガスタ,メガスタ,発達特性との相性,発達障害,メガスタ 発達障害,値あり,
オンラインプロ教師のメガスタ,メガスタ,発達特性との相性,発達障がい,メガスタ 発達障がい,値あり,
オンラインプロ教師のメガスタ,メガスタ,発達特性との相性,グレーゾーン,メガスタ グレーゾーン,値あり,
オンラインプロ教師のメガスタ,メガスタ,発達特性との相性,ADHD,メガスタ ADHD,値あり,
オンラインプロ教師のメガスタ,メガスタ,発達特性との相性,ASD,メガスタ ASD,値あり,
オンラインプロ教師のメガスタ,メガスタ,発達特性との相性,自閉症,メガスタ 自閉症,値あり,
オンラインプロ教師のメガスタ,メガスタ,発達特性との相性,LD,メガスタ LD,値あり,
オンラインプロ教師のメガスタ,メガスタ,発達特性との相性,学習障害,メガスタ 学習障害,値あり,
オンラインプロ教師のメガスタ,メガスタ,発達特性との相性,境界知能,メガスタ 境界知能,値あり,
オンラインプロ教師のメガスタ,メガスタ,発達特性との相性,不登校,メガスタ 不登校,値あり,10
オンラインプロ教師のメガスタ,メガスタ,対象・用途,小学生,メガスタ 小学生,値あり,10
オンラインプロ教師のメガスタ,メガスタ,対象・用途,中学生,メガスタ 中学生,値あり,40
オンラインプロ教師のメガスタ,メガスタ,対象・用途,高校生,メガスタ 高校生,値あり,70
オンラインプロ教師のメガスタ,メガスタ,対象・用途,高校受験,メガスタ 高校受験,値あり,10
オンラインプロ教師のメガスタ,メガスタ,対象・用途,中学受験,メガスタ 中学受験,値あり,10
オンラインプロ教師のメガスタ,メガスタ,対象・用途,大学受験,メガスタ 大学受験,値あり,10
オンラインプロ教師のメガスタ,メガスタ,追加：SERP・サジェスト由来,評判 悪い,メガスタ 評判 悪い,値あり,10
オンラインプロ教師のメガスタ,メガスタ,追加：SERP・サジェスト由来,やばい,メガスタ やばい,値あり,480
オンラインプロ教師のメガスタ,メガスタ,追加：SERP・サジェスト由来,知恵袋,メガスタ 知恵袋,値あり,20
オンラインプロ教師のメガスタ,メガスタ,追加：SERP・サジェスト由来,2ch,メガスタ 2ch,値あり,
オンラインプロ教師のメガスタ,メガスタ,追加：SERP・サジェスト由来,料金表,メガスタ 料金表,値あり,
オンラインプロ教師のメガスタ,メガスタ,追加：SERP・サジェスト由来,授業料,メガスタ 授業料,値あり,20
オンラインプロ教師のメガスタ,メガスタ,追加：SERP・サジェスト由来,夏期講習,メガスタ 夏期講習,値あり,10
オンラインプロ教師のメガスタ,メガスタ,追加：SERP・サジェスト由来,意味ない,メガスタ 意味ない,値あり,
オンラインプロ教師のメガスタ,メガスタ,追加：SERP・サジェスト由来,バイト,メガスタ バイト,値あり,50
オンラインプロ教師のメガスタ,メガスタ,追加：SERP・サジェスト由来,求人,メガスタ 求人,値あり,10
オンラインプロ教師のメガスタ,メガスタ,追加：KWP KeywordSeed由来,クチコミ,メガスタ クチコミ,値あり,140
オンラインプロ教師のメガスタ,メガスタ,追加：KWP KeywordSeed由来,やめとけ,メガスタ やめとけ,値あり,
オンラインプロ教師のメガスタ,メガスタ,追加：KWP KeywordSeed由来,合格実績,メガスタ 合格実績,値あり,10
オンラインプロ教師のメガスタ,メガスタ,追加：KWP KeywordSeed由来,時間割,メガスタ 時間割,値あり,
オンラインプロ教師のメガスタ,メガスタ,追加：KWP KeywordSeed由来,キャンペーン,メガスタ キャンペーン,値あり,
オンラインプロ教師のメガスタ,メガスタ,追加：KWP KeywordSeed由来,割引,メガスタ 割引,値あり,10
オンラインプロ教師のメガスタ,メガスタ,追加：KWP KeywordSeed由来,コース,メガスタ コース,値あり,
オンラインプロ教師のメガスタ,メガスタ,追加：KWP KeywordSeed由来,春期講習,メガスタ 春期講習,値あり,
オンラインプロ教師のメガスタ,メガスタ,追加：KWP KeywordSeed由来,冬期講習,メガスタ 冬期講習,値あり,
オンラインプロ教師のメガスタ,メガスタ,追加：KWP KeywordSeed由来,電話番号,メガスタ 電話番号,値あり,10
オンラインプロ教師のメガスタ,メガスタ,追加：KWP KeywordSeed由来,ホームページ,メガスタ ホームページ,値あり,10
オンラインプロ教師のメガスタ,メガスタ,追加：KWP KeywordSeed由来,株式会社,メガスタ 株式会社,値あり,
オンラインプロ教師のメガスタ,メガスタ,追加：KWP KeywordSeed由来,講師,メガスタ 講師,値あり,30
オンラインプロ教師のメガスタ,メガスタ,追加：KWP KeywordSeed由来,とは,メガスタ とは,値あり,10
オンラインプロ教師のメガスタ,メガスタ,発達特性×口コミ,発達障害 口コミ,メガスタ 発達障害 口コミ,値あり,
オンラインプロ教師のメガスタ,メガスタ,発達特性×口コミ,発達障がい 口コミ,メガスタ 発達障がい 口コミ,値あり,
オンラインプロ教師のメガスタ,メガスタ,発達特性×口コミ,グレーゾーン 口コミ,メガスタ グレーゾーン 口コミ,値あり,
オンラインプロ教師のメガスタ,メガスタ,発達特性×口コミ,ADHD 口コミ,メガスタ ADHD 口コミ,値あり,
オンラインプロ教師のメガスタ,メガスタ,発達特性×口コミ,ASD 口コミ,メガスタ ASD 口コミ,値あり,
オンラインプロ教師のメガスタ,メガスタ,発達特性×口コミ,自閉症 口コミ,メガスタ 自閉症 口コミ,値あり,
オンラインプロ教師のメガスタ,メガスタ,発達特性×口コミ,LD 口コミ,メガスタ LD 口コミ,値あり,
オンラインプロ教師のメガスタ,メガスタ,発達特性×口コミ,学習障害 口コミ,メガスタ 学習障害 口コミ,値あり,
オンラインプロ教師のメガスタ,メガスタ,発達特性×口コミ,境界知能 口コミ,メガスタ 境界知能 口コミ,値あり,
オンラインプロ教師のメガスタ,メガスタ,発達特性×口コミ,不登校 口コミ,メガスタ 不登校 口コミ,値あり,
オンラインプロ教師のメガスタ,メガスタ,発達特性×評判,発達障害 評判,メガスタ 発達障害 評判,値あり,
オンラインプロ教師のメガスタ,メガスタ,発達特性×評判,発達障がい 評判,メガスタ 発達障がい 評判,値あり,
オンラインプロ教師のメガスタ,メガスタ,発達特性×評判,グレーゾーン 評判,メガスタ グレーゾーン 評判,値あり,
オンラインプロ教師のメガスタ,メガスタ,発達特性×評判,ADHD 評判,メガスタ ADHD 評判,値あり,
オンラインプロ教師のメガスタ,メガスタ,発達特性×評判,ASD 評判,メガスタ ASD 評判,値あり,
オンラインプロ教師のメガスタ,メガスタ,発達特性×評判,自閉症 評判,メガスタ 自閉症 評判,値あり,
オンラインプロ教師のメガスタ,メガスタ,発達特性×評判,LD 評判,メガスタ LD 評判,値あり,
オンラインプロ教師のメガスタ,メガスタ,発達特性×評判,学習障害 評判,メガスタ 学習障害 評判,値あり,
オンラインプロ教師のメガスタ,メガスタ,発達特性×評判,境界知能 評判,メガスタ 境界知能 評判,値あり,
オンラインプロ教師のメガスタ,メガスタ,発達特性×評判,不登校 評判,メガスタ 不登校 評判,値あり,
オンラインプロ教師のメガスタ,メガスタ,発達特性×料金,発達障害 料金,メガスタ 発達障害 料金,値あり,
オンラインプロ教師のメガスタ,メガスタ,発達特性×料金,発達障がい 料金,メガスタ 発達障がい 料金,値あり,
オンラインプロ教師のメガスタ,メガスタ,発達特性×料金,グレーゾーン 料金,メガスタ グレーゾーン 料金,値あり,
オンラインプロ教師のメガスタ,メガスタ,発達特性×料金,ADHD 料金,メガスタ ADHD 料金,値あり,
オンラインプロ教師のメガスタ,メガスタ,発達特性×料金,ASD 料金,メガスタ ASD 料金,値あり,
オンラインプロ教師のメガスタ,メガスタ,発達特性×料金,自閉症 料金,メガスタ 自閉症 料金,値あり,
オンラインプロ教師のメガスタ,メガスタ,発達特性×料金,LD 料金,メガスタ LD 料金,値あり,
オンラインプロ教師のメガスタ,メガスタ,発達特性×料金,学習障害 料金,メガスタ 学習障害 料金,値あり,
オンラインプロ教師のメガスタ,メガスタ,発達特性×料金,境界知能 料金,メガスタ 境界知能 料金,値あり,
オンラインプロ教師のメガスタ,メガスタ,発達特性×料金,不登校 料金,メガスタ 不登校 料金,値あり,
オンラインプロ教師のメガスタ,メガスタ オンライン,評判・第三者評価,口コミ,メガスタ オンライン 口コミ,値あり,10
オンラインプロ教師のメガスタ,メガスタ オンライン,評判・第三者評価,評判,メガスタ オンライン 評判,値あり,10
オンラインプロ教師のメガスタ,メガスタ オンライン,評判・第三者評価,レビュー,メガスタ オンライン レビュー,値あり,
オンラインプロ教師のメガスタ,メガスタ オンライン,評判・第三者評価,体験談,メガスタ オンライン 体験談,値あり,
オンラインプロ教師のメガスタ,メガスタ オンライン,評判・第三者評価,感想,メガスタ オンライン 感想,値あり,
オンラインプロ教師のメガスタ,メガスタ オンライン,評判・第三者評価,評価,メガスタ オンライン 評価,値あり,
オンラインプロ教師のメガスタ,メガスタ オンライン,料金・契約,料金,メガスタ オンライン 料金,値あり,10
オンラインプロ教師のメガスタ,メガスタ オンライン,料金・契約,費用,メガスタ オンライン 費用,値あり,
オンラインプロ教師のメガスタ,メガスタ オンライン,料金・契約,月謝,メガスタ オンライン 月謝,値あり,
オンラインプロ教師のメガスタ,メガスタ オンライン,料金・契約,値段,メガスタ オンライン 値段,値あり,
オンラインプロ教師のメガスタ,メガスタ オンライン,料金・契約,価格,メガスタ オンライン 価格,値あり,
オンラインプロ教師のメガスタ,メガスタ オンライン,料金・契約,入会金,メガスタ オンライン 入会金,値あり,
オンラインプロ教師のメガスタ,メガスタ オンライン,料金・契約,教材費,メガスタ オンライン 教材費,値あり,
オンラインプロ教師のメガスタ,メガスタ オンライン,料金・契約,高い,メガスタ オンライン 高い,値あり,
オンラインプロ教師のメガスタ,メガスタ オンライン,料金・契約,安い,メガスタ オンライン 安い,値あり,
オンラインプロ教師のメガスタ,メガスタ オンライン,比較・選択,比較,メガスタ オンライン 比較,値あり,
オンラインプロ教師のメガスタ,メガスタ オンライン,比較・選択,違い,メガスタ オンライン 違い,値あり,
オンラインプロ教師のメガスタ,メガスタ オンライン,比較・選択,どっち,メガスタ オンライン どっち,値あり,
オンラインプロ教師のメガスタ,メガスタ オンライン,比較・選択,おすすめ,メガスタ オンライン おすすめ,値あり,
オンラインプロ教師のメガスタ,メガスタ オンライン,比較・選択,他社,メガスタ オンライン 他社,値あり,
オンラインプロ教師のメガスタ,メガスタ オンライン,比較・選択,ランキング,メガスタ オンライン ランキング,値あり,
オンラインプロ教師のメガスタ,メガスタ オンライン,不安・ネガティブ確認,デメリット,メガスタ オンライン デメリット,値あり,
オンラインプロ教師のメガスタ,メガスタ オンライン,不安・ネガティブ確認,メリット,メガスタ オンライン メリット,値あり,
オンラインプロ教師のメガスタ,メガスタ オンライン,不安・ネガティブ確認,怪しい,メガスタ オンライン 怪しい,値あり,
オンラインプロ教師のメガスタ,メガスタ オンライン,不安・ネガティブ確認,最悪,メガスタ オンライン 最悪,値あり,
オンラインプロ教師のメガスタ,メガスタ オンライン,不安・ネガティブ確認,失敗,メガスタ オンライン 失敗,値あり,
オンラインプロ教師のメガスタ,メガスタ オンライン,不安・ネガティブ確認,後悔,メガスタ オンライン 後悔,値あり,
オンラインプロ教師のメガスタ,メガスタ オンライン,不安・ネガティブ確認,合わない,メガスタ オンライン 合わない,値あり,
オンラインプロ教師のメガスタ,メガスタ オンライン,不安・ネガティブ確認,向いてない,メガスタ オンライン 向いてない,値あり,
オンラインプロ教師のメガスタ,メガスタ オンライン,不安・ネガティブ確認,やめたい,メガスタ オンライン やめたい,値あり,
オンラインプロ教師のメガスタ,メガスタ オンライン,不安・ネガティブ確認,辞めたい,メガスタ オンライン 辞めたい,値あり,
オンラインプロ教師のメガスタ,メガスタ オンライン,不安・ネガティブ確認,退会,メガスタ オンライン 退会,値あり,
オンラインプロ教師のメガスタ,メガスタ オンライン,不安・ネガティブ確認,解約,メガスタ オンライン 解約,値あり,
オンラインプロ教師のメガスタ,メガスタ オンライン,申込直前,無料体験,メガスタ オンライン 無料体験,値あり,
オンラインプロ教師のメガスタ,メガスタ オンライン,申込直前,体験,メガスタ オンライン 体験,値あり,
オンラインプロ教師のメガスタ,メガスタ オンライン,申込直前,体験授業,メガスタ オンライン 体験授業,値あり,
オンラインプロ教師のメガスタ,メガスタ オンライン,申込直前,無料相談,メガスタ オンライン 無料相談,値あり,
オンラインプロ教師のメガスタ,メガスタ オンライン,申込直前,資料請求,メガスタ オンライン 資料請求,値あり,
オンラインプロ教師のメガスタ,メガスタ オンライン,申込直前,申し込み,メガスタ オンライン 申し込み,値あり,
オンラインプロ教師のメガスタ,メガスタ オンライン,申込直前,入会,メガスタ オンライン 入会,値あり,
オンラインプロ教師のメガスタ,メガスタ オンライン,発達特性との相性,発達障害,メガスタ オンライン 発達障害,値あり,
オンラインプロ教師のメガスタ,メガスタ オンライン,発達特性との相性,発達障がい,メガスタ オンライン 発達障がい,値あり,
オンラインプロ教師のメガスタ,メガスタ オンライン,発達特性との相性,グレーゾーン,メガスタ オンライン グレーゾーン,値あり,
オンラインプロ教師のメガスタ,メガスタ オンライン,発達特性との相性,ADHD,メガスタ オンライン ADHD,値あり,
オンラインプロ教師のメガスタ,メガスタ オンライン,発達特性との相性,ASD,メガスタ オンライン ASD,値あり,
オンラインプロ教師のメガスタ,メガスタ オンライン,発達特性との相性,自閉症,メガスタ オンライン 自閉症,値あり,
オンラインプロ教師のメガスタ,メガスタ オンライン,発達特性との相性,LD,メガスタ オンライン LD,値あり,
オンラインプロ教師のメガスタ,メガスタ オンライン,発達特性との相性,学習障害,メガスタ オンライン 学習障害,値あり,
オンラインプロ教師のメガスタ,メガスタ オンライン,発達特性との相性,境界知能,メガスタ オンライン 境界知能,値あり,
オンラインプロ教師のメガスタ,メガスタ オンライン,発達特性との相性,不登校,メガスタ オンライン 不登校,値あり,
オンラインプロ教師のメガスタ,メガスタ オンライン,対象・用途,小学生,メガスタ オンライン 小学生,値あり,
オンラインプロ教師のメガスタ,メガスタ オンライン,対象・用途,中学生,メガスタ オンライン 中学生,値あり,
オンラインプロ教師のメガスタ,メガスタ オンライン,対象・用途,高校生,メガスタ オンライン 高校生,値あり,
オンラインプロ教師のメガスタ,メガスタ オンライン,対象・用途,高校受験,メガスタ オンライン 高校受験,値あり,
オンラインプロ教師のメガスタ,メガスタ オンライン,対象・用途,中学受験,メガスタ オンライン 中学受験,値あり,
オンラインプロ教師のメガスタ,メガスタ オンライン,対象・用途,大学受験,メガスタ オンライン 大学受験,値あり,
オンラインプロ教師のメガスタ,メガスタ オンライン,追加：SERP・サジェスト由来,評判 悪い,メガスタ オンライン 評判 悪い,値あり,
オンラインプロ教師のメガスタ,メガスタ オンライン,追加：SERP・サジェスト由来,やばい,メガスタ オンライン やばい,値あり,
オンラインプロ教師のメガスタ,メガスタ オンライン,追加：SERP・サジェスト由来,知恵袋,メガスタ オンライン 知恵袋,値あり,
オンラインプロ教師のメガスタ,メガスタ オンライン,追加：SERP・サジェスト由来,2ch,メガスタ オンライン 2ch,値あり,
オンラインプロ教師のメガスタ,メガスタ オンライン,追加：SERP・サジェスト由来,料金表,メガスタ オンライン 料金表,値あり,
オンラインプロ教師のメガスタ,メガスタ オンライン,追加：SERP・サジェスト由来,授業料,メガスタ オンライン 授業料,値あり,
オンラインプロ教師のメガスタ,メガスタ オンライン,追加：SERP・サジェスト由来,夏期講習,メガスタ オンライン 夏期講習,値あり,
オンラインプロ教師のメガスタ,メガスタ オンライン,追加：SERP・サジェスト由来,意味ない,メガスタ オンライン 意味ない,値あり,
オンラインプロ教師のメガスタ,メガスタ オンライン,追加：SERP・サジェスト由来,バイト,メガスタ オンライン バイト,値あり,10
オンラインプロ教師のメガスタ,メガスタ オンライン,追加：SERP・サジェスト由来,求人,メガスタ オンライン 求人,値あり,
オンラインプロ教師のメガスタ,メガスタ オンライン,追加：KWP KeywordSeed由来,クチコミ,メガスタ オンライン クチコミ,値あり,
オンラインプロ教師のメガスタ,メガスタ オンライン,追加：KWP KeywordSeed由来,やめとけ,メガスタ オンライン やめとけ,値あり,
オンラインプロ教師のメガスタ,メガスタ オンライン,追加：KWP KeywordSeed由来,合格実績,メガスタ オンライン 合格実績,値あり,
オンラインプロ教師のメガスタ,メガスタ オンライン,追加：KWP KeywordSeed由来,時間割,メガスタ オンライン 時間割,値あり,
オンラインプロ教師のメガスタ,メガスタ オンライン,追加：KWP KeywordSeed由来,キャンペーン,メガスタ オンライン キャンペーン,値あり,
オンラインプロ教師のメガスタ,メガスタ オンライン,追加：KWP KeywordSeed由来,割引,メガスタ オンライン 割引,値あり,
オンラインプロ教師のメガスタ,メガスタ オンライン,追加：KWP KeywordSeed由来,コース,メガスタ オンライン コース,値あり,
オンラインプロ教師のメガスタ,メガスタ オンライン,追加：KWP KeywordSeed由来,春期講習,メガスタ オンライン 春期講習,値あり,
オンラインプロ教師のメガスタ,メガスタ オンライン,追加：KWP KeywordSeed由来,冬期講習,メガスタ オンライン 冬期講習,値あり,
オンラインプロ教師のメガスタ,メガスタ オンライン,追加：KWP KeywordSeed由来,電話番号,メガスタ オンライン 電話番号,値あり,
オンラインプロ教師のメガスタ,メガスタ オンライン,追加：KWP KeywordSeed由来,ホームページ,メガスタ オンライン ホームページ,値あり,
オンラインプロ教師のメガスタ,メガスタ オンライン,追加：KWP KeywordSeed由来,株式会社,メガスタ オンライン 株式会社,値あり,
オンラインプロ教師のメガスタ,メガスタ オンライン,追加：KWP KeywordSeed由来,講師,メガスタ オンライン 講師,値あり,
オンラインプロ教師のメガスタ,メガスタ オンライン,追加：KWP KeywordSeed由来,とは,メガスタ オンライン とは,値あり,
家庭教師のあすなろ,あすなろ,評判・第三者評価,口コミ,あすなろ 口コミ,値あり,50
家庭教師のあすなろ,あすなろ,評判・第三者評価,評判,あすなろ 評判,値あり,10
家庭教師のあすなろ,あすなろ,評判・第三者評価,レビュー,あすなろ レビュー,値あり,
家庭教師のあすなろ,あすなろ,評判・第三者評価,体験談,あすなろ 体験談,値あり,
家庭教師のあすなろ,あすなろ,評判・第三者評価,感想,あすなろ 感想,値あり,0
家庭教師のあすなろ,あすなろ,評判・第三者評価,評価,あすなろ 評価,値あり,
家庭教師のあすなろ,あすなろ,料金・契約,料金,あすなろ 料金,値あり,20
家庭教師のあすなろ,あすなろ,料金・契約,費用,あすなろ 費用,値あり,
家庭教師のあすなろ,あすなろ,料金・契約,月謝,あすなろ 月謝,値あり,
家庭教師のあすなろ,あすなろ,料金・契約,値段,あすなろ 値段,値あり,10
家庭教師のあすなろ,あすなろ,料金・契約,価格,あすなろ 価格,値あり,
家庭教師のあすなろ,あすなろ,料金・契約,入会金,あすなろ 入会金,値あり,
家庭教師のあすなろ,あすなろ,料金・契約,教材費,あすなろ 教材費,値あり,10
家庭教師のあすなろ,あすなろ,料金・契約,高い,あすなろ 高い,値あり,
家庭教師のあすなろ,あすなろ,料金・契約,安い,あすなろ 安い,値あり,
家庭教師のあすなろ,あすなろ,比較・選択,比較,あすなろ 比較,値あり,
家庭教師のあすなろ,あすなろ,比較・選択,違い,あすなろ 違い,値あり,
家庭教師のあすなろ,あすなろ,比較・選択,どっち,あすなろ どっち,値あり,
家庭教師のあすなろ,あすなろ,比較・選択,おすすめ,あすなろ おすすめ,値あり,
家庭教師のあすなろ,あすなろ,比較・選択,他社,あすなろ 他社,値あり,
家庭教師のあすなろ,あすなろ,比較・選択,ランキング,あすなろ ランキング,値あり,
家庭教師のあすなろ,あすなろ,不安・ネガティブ確認,デメリット,あすなろ デメリット,値あり,
家庭教師のあすなろ,あすなろ,不安・ネガティブ確認,メリット,あすなろ メリット,値あり,
家庭教師のあすなろ,あすなろ,不安・ネガティブ確認,怪しい,あすなろ 怪しい,値あり,
家庭教師のあすなろ,あすなろ,不安・ネガティブ確認,最悪,あすなろ 最悪,値あり,
家庭教師のあすなろ,あすなろ,不安・ネガティブ確認,失敗,あすなろ 失敗,値あり,
家庭教師のあすなろ,あすなろ,不安・ネガティブ確認,後悔,あすなろ 後悔,値あり,
家庭教師のあすなろ,あすなろ,不安・ネガティブ確認,合わない,あすなろ 合わない,値あり,
家庭教師のあすなろ,あすなろ,不安・ネガティブ確認,向いてない,あすなろ 向いてない,値あり,
家庭教師のあすなろ,あすなろ,不安・ネガティブ確認,やめたい,あすなろ やめたい,値あり,
家庭教師のあすなろ,あすなろ,不安・ネガティブ確認,辞めたい,あすなろ 辞めたい,値あり,
家庭教師のあすなろ,あすなろ,不安・ネガティブ確認,退会,あすなろ 退会,値あり,10
家庭教師のあすなろ,あすなろ,不安・ネガティブ確認,解約,あすなろ 解約,値あり,10
家庭教師のあすなろ,あすなろ,申込直前,無料体験,あすなろ 無料体験,値あり,
家庭教師のあすなろ,あすなろ,申込直前,体験,あすなろ 体験,値あり,
家庭教師のあすなろ,あすなろ,申込直前,体験授業,あすなろ 体験授業,値あり,
家庭教師のあすなろ,あすなろ,申込直前,無料相談,あすなろ 無料相談,値あり,
家庭教師のあすなろ,あすなろ,申込直前,資料請求,あすなろ 資料請求,値あり,
家庭教師のあすなろ,あすなろ,申込直前,申し込み,あすなろ 申し込み,値あり,
家庭教師のあすなろ,あすなろ,申込直前,入会,あすなろ 入会,値あり,
家庭教師のあすなろ,あすなろ,発達特性との相性,発達障害,あすなろ 発達障害,値あり,
家庭教師のあすなろ,あすなろ,発達特性との相性,発達障がい,あすなろ 発達障がい,値あり,
家庭教師のあすなろ,あすなろ,発達特性との相性,グレーゾーン,あすなろ グレーゾーン,値あり,
家庭教師のあすなろ,あすなろ,発達特性との相性,ADHD,あすなろ ADHD,値あり,
家庭教師のあすなろ,あすなろ,発達特性との相性,ASD,あすなろ ASD,値あり,
家庭教師のあすなろ,あすなろ,発達特性との相性,自閉症,あすなろ 自閉症,値あり,10
家庭教師のあすなろ,あすなろ,発達特性との相性,LD,あすなろ LD,値あり,
家庭教師のあすなろ,あすなろ,発達特性との相性,学習障害,あすなろ 学習障害,値あり,
家庭教師のあすなろ,あすなろ,発達特性との相性,境界知能,あすなろ 境界知能,値あり,
家庭教師のあすなろ,あすなろ,発達特性との相性,不登校,あすなろ 不登校,値あり,20
家庭教師のあすなろ,あすなろ,対象・用途,小学生,あすなろ 小学生,値あり,
家庭教師のあすなろ,あすなろ,対象・用途,中学生,あすなろ 中学生,値あり,
家庭教師のあすなろ,あすなろ,対象・用途,高校生,あすなろ 高校生,値あり,
家庭教師のあすなろ,あすなろ,対象・用途,高校受験,あすなろ 高校受験,値あり,
家庭教師のあすなろ,あすなろ,対象・用途,中学受験,あすなろ 中学受験,値あり,10
家庭教師のあすなろ,あすなろ,対象・用途,大学受験,あすなろ 大学受験,値あり,
家庭教師のあすなろ,あすなろ,追加：SERP・サジェスト由来,評判 悪い,あすなろ 評判 悪い,値あり,
家庭教師のあすなろ,あすなろ,追加：SERP・サジェスト由来,やばい,あすなろ やばい,値あり,
家庭教師のあすなろ,あすなろ,追加：SERP・サジェスト由来,知恵袋,あすなろ 知恵袋,値あり,
家庭教師のあすなろ,あすなろ,追加：SERP・サジェスト由来,2ch,あすなろ 2ch,値あり,
家庭教師のあすなろ,あすなろ,追加：SERP・サジェスト由来,料金表,あすなろ 料金表,値あり,
家庭教師のあすなろ,あすなろ,追加：SERP・サジェスト由来,授業料,あすなろ 授業料,値あり,10
家庭教師のあすなろ,あすなろ,追加：SERP・サジェスト由来,夏期講習,あすなろ 夏期講習,値あり,20
家庭教師のあすなろ,あすなろ,追加：SERP・サジェスト由来,意味ない,あすなろ 意味ない,値あり,
家庭教師のあすなろ,あすなろ,追加：SERP・サジェスト由来,バイト,あすなろ バイト,値あり,50
家庭教師のあすなろ,あすなろ,追加：SERP・サジェスト由来,求人,あすなろ 求人,値あり,110
家庭教師のあすなろ,あすなろ,追加：KWP KeywordSeed由来,クチコミ,あすなろ クチコミ,値あり,50
家庭教師のあすなろ,あすなろ,追加：KWP KeywordSeed由来,やめとけ,あすなろ やめとけ,値あり,
家庭教師のあすなろ,あすなろ,追加：KWP KeywordSeed由来,合格実績,あすなろ 合格実績,値あり,
家庭教師のあすなろ,あすなろ,追加：KWP KeywordSeed由来,時間割,あすなろ 時間割,値あり,
家庭教師のあすなろ,あすなろ,追加：KWP KeywordSeed由来,キャンペーン,あすなろ キャンペーン,値あり,
家庭教師のあすなろ,あすなろ,追加：KWP KeywordSeed由来,割引,あすなろ 割引,値あり,
家庭教師のあすなろ,あすなろ,追加：KWP KeywordSeed由来,コース,あすなろ コース,値あり,
家庭教師のあすなろ,あすなろ,追加：KWP KeywordSeed由来,春期講習,あすなろ 春期講習,値あり,10
家庭教師のあすなろ,あすなろ,追加：KWP KeywordSeed由来,冬期講習,あすなろ 冬期講習,値あり,10
家庭教師のあすなろ,あすなろ,追加：KWP KeywordSeed由来,電話番号,あすなろ 電話番号,値あり,30
家庭教師のあすなろ,あすなろ,追加：KWP KeywordSeed由来,ホームページ,あすなろ ホームページ,値あり,50
家庭教師のあすなろ,あすなろ,追加：KWP KeywordSeed由来,株式会社,あすなろ 株式会社,値あり,1300
家庭教師のあすなろ,あすなろ,追加：KWP KeywordSeed由来,講師,あすなろ 講師,値あり,
家庭教師のあすなろ,あすなろ,追加：KWP KeywordSeed由来,とは,あすなろ とは,値あり,480
家庭教師のあすなろ,あすなろ,発達特性×口コミ,発達障害 口コミ,あすなろ 発達障害 口コミ,値あり,
家庭教師のあすなろ,あすなろ,発達特性×口コミ,発達障がい 口コミ,あすなろ 発達障がい 口コミ,値あり,
家庭教師のあすなろ,あすなろ,発達特性×口コミ,グレーゾーン 口コミ,あすなろ グレーゾーン 口コミ,値あり,
家庭教師のあすなろ,あすなろ,発達特性×口コミ,ADHD 口コミ,あすなろ ADHD 口コミ,値あり,
家庭教師のあすなろ,あすなろ,発達特性×口コミ,ASD 口コミ,あすなろ ASD 口コミ,値あり,
家庭教師のあすなろ,あすなろ,発達特性×口コミ,自閉症 口コミ,あすなろ 自閉症 口コミ,値あり,
家庭教師のあすなろ,あすなろ,発達特性×口コミ,LD 口コミ,あすなろ LD 口コミ,値あり,
家庭教師のあすなろ,あすなろ,発達特性×口コミ,学習障害 口コミ,あすなろ 学習障害 口コミ,値あり,
家庭教師のあすなろ,あすなろ,発達特性×口コミ,境界知能 口コミ,あすなろ 境界知能 口コミ,値あり,
家庭教師のあすなろ,あすなろ,発達特性×口コミ,不登校 口コミ,あすなろ 不登校 口コミ,値あり,
家庭教師のあすなろ,あすなろ,発達特性×評判,発達障害 評判,あすなろ 発達障害 評判,値あり,
家庭教師のあすなろ,あすなろ,発達特性×評判,発達障がい 評判,あすなろ 発達障がい 評判,値あり,
家庭教師のあすなろ,あすなろ,発達特性×評判,グレーゾーン 評判,あすなろ グレーゾーン 評判,値あり,
家庭教師のあすなろ,あすなろ,発達特性×評判,ADHD 評判,あすなろ ADHD 評判,値あり,
家庭教師のあすなろ,あすなろ,発達特性×評判,ASD 評判,あすなろ ASD 評判,値あり,
家庭教師のあすなろ,あすなろ,発達特性×評判,自閉症 評判,あすなろ 自閉症 評判,値あり,
家庭教師のあすなろ,あすなろ,発達特性×評判,LD 評判,あすなろ LD 評判,値あり,
家庭教師のあすなろ,あすなろ,発達特性×評判,学習障害 評判,あすなろ 学習障害 評判,値あり,
家庭教師のあすなろ,あすなろ,発達特性×評判,境界知能 評判,あすなろ 境界知能 評判,値あり,
家庭教師のあすなろ,あすなろ,発達特性×評判,不登校 評判,あすなろ 不登校 評判,値あり,
家庭教師のあすなろ,あすなろ,発達特性×料金,発達障害 料金,あすなろ 発達障害 料金,値あり,
家庭教師のあすなろ,あすなろ,発達特性×料金,発達障がい 料金,あすなろ 発達障がい 料金,値あり,
家庭教師のあすなろ,あすなろ,発達特性×料金,グレーゾーン 料金,あすなろ グレーゾーン 料金,値あり,
家庭教師のあすなろ,あすなろ,発達特性×料金,ADHD 料金,あすなろ ADHD 料金,値あり,
家庭教師のあすなろ,あすなろ,発達特性×料金,ASD 料金,あすなろ ASD 料金,値あり,
家庭教師のあすなろ,あすなろ,発達特性×料金,自閉症 料金,あすなろ 自閉症 料金,値あり,
家庭教師のあすなろ,あすなろ,発達特性×料金,LD 料金,あすなろ LD 料金,値あり,
家庭教師のあすなろ,あすなろ,発達特性×料金,学習障害 料金,あすなろ 学習障害 料金,値あり,
家庭教師のあすなろ,あすなろ,発達特性×料金,境界知能 料金,あすなろ 境界知能 料金,値あり,
家庭教師のあすなろ,あすなろ,発達特性×料金,不登校 料金,あすなろ 不登校 料金,値あり,
家庭教師のあすなろ,家庭教師のあすなろ,評判・第三者評価,口コミ,家庭教師のあすなろ 口コミ,値あり,1000
家庭教師のあすなろ,家庭教師のあすなろ,評判・第三者評価,評判,家庭教師のあすなろ 評判,値あり,90
家庭教師のあすなろ,家庭教師のあすなろ,評判・第三者評価,レビュー,家庭教師のあすなろ レビュー,値あり,10
家庭教師のあすなろ,家庭教師のあすなろ,評判・第三者評価,体験談,家庭教師のあすなろ 体験談,値あり,
家庭教師のあすなろ,家庭教師のあすなろ,評判・第三者評価,感想,家庭教師のあすなろ 感想,値あり,
家庭教師のあすなろ,家庭教師のあすなろ,評判・第三者評価,評価,家庭教師のあすなろ 評価,値あり,
家庭教師のあすなろ,家庭教師のあすなろ,料金・契約,料金,家庭教師のあすなろ 料金,値あり,170
家庭教師のあすなろ,家庭教師のあすなろ,料金・契約,費用,家庭教師のあすなろ 費用,値あり,
家庭教師のあすなろ,家庭教師のあすなろ,料金・契約,月謝,家庭教師のあすなろ 月謝,値あり,
家庭教師のあすなろ,家庭教師のあすなろ,料金・契約,値段,家庭教師のあすなろ 値段,値あり,
家庭教師のあすなろ,家庭教師のあすなろ,料金・契約,価格,家庭教師のあすなろ 価格,値あり,
家庭教師のあすなろ,家庭教師のあすなろ,料金・契約,入会金,家庭教師のあすなろ 入会金,値あり,
家庭教師のあすなろ,家庭教師のあすなろ,料金・契約,教材費,家庭教師のあすなろ 教材費,値あり,10
家庭教師のあすなろ,家庭教師のあすなろ,料金・契約,高い,家庭教師のあすなろ 高い,値あり,
家庭教師のあすなろ,家庭教師のあすなろ,料金・契約,安い,家庭教師のあすなろ 安い,値あり,
家庭教師のあすなろ,家庭教師のあすなろ,比較・選択,比較,家庭教師のあすなろ 比較,値あり,0
家庭教師のあすなろ,家庭教師のあすなろ,比較・選択,違い,家庭教師のあすなろ 違い,値あり,
家庭教師のあすなろ,家庭教師のあすなろ,比較・選択,どっち,家庭教師のあすなろ どっち,値あり,
家庭教師のあすなろ,家庭教師のあすなろ,比較・選択,おすすめ,家庭教師のあすなろ おすすめ,値あり,
家庭教師のあすなろ,家庭教師のあすなろ,比較・選択,他社,家庭教師のあすなろ 他社,値あり,
家庭教師のあすなろ,家庭教師のあすなろ,比較・選択,ランキング,家庭教師のあすなろ ランキング,値あり,
家庭教師のあすなろ,家庭教師のあすなろ,不安・ネガティブ確認,デメリット,家庭教師のあすなろ デメリット,値あり,
家庭教師のあすなろ,家庭教師のあすなろ,不安・ネガティブ確認,メリット,家庭教師のあすなろ メリット,値あり,
家庭教師のあすなろ,家庭教師のあすなろ,不安・ネガティブ確認,怪しい,家庭教師のあすなろ 怪しい,値あり,
家庭教師のあすなろ,家庭教師のあすなろ,不安・ネガティブ確認,最悪,家庭教師のあすなろ 最悪,値あり,
家庭教師のあすなろ,家庭教師のあすなろ,不安・ネガティブ確認,失敗,家庭教師のあすなろ 失敗,値あり,
家庭教師のあすなろ,家庭教師のあすなろ,不安・ネガティブ確認,後悔,家庭教師のあすなろ 後悔,値あり,
家庭教師のあすなろ,家庭教師のあすなろ,不安・ネガティブ確認,合わない,家庭教師のあすなろ 合わない,値あり,
家庭教師のあすなろ,家庭教師のあすなろ,不安・ネガティブ確認,向いてない,家庭教師のあすなろ 向いてない,値あり,
家庭教師のあすなろ,家庭教師のあすなろ,不安・ネガティブ確認,やめたい,家庭教師のあすなろ やめたい,値あり,
家庭教師のあすなろ,家庭教師のあすなろ,不安・ネガティブ確認,辞めたい,家庭教師のあすなろ 辞めたい,値あり,
家庭教師のあすなろ,家庭教師のあすなろ,不安・ネガティブ確認,退会,家庭教師のあすなろ 退会,値あり,10
家庭教師のあすなろ,家庭教師のあすなろ,不安・ネガティブ確認,解約,家庭教師のあすなろ 解約,値あり,
家庭教師のあすなろ,家庭教師のあすなろ,申込直前,無料体験,家庭教師のあすなろ 無料体験,値あり,
家庭教師のあすなろ,家庭教師のあすなろ,申込直前,体験,家庭教師のあすなろ 体験,値あり,
家庭教師のあすなろ,家庭教師のあすなろ,申込直前,体験授業,家庭教師のあすなろ 体験授業,値あり,10
家庭教師のあすなろ,家庭教師のあすなろ,申込直前,無料相談,家庭教師のあすなろ 無料相談,値あり,
家庭教師のあすなろ,家庭教師のあすなろ,申込直前,資料請求,家庭教師のあすなろ 資料請求,値あり,
家庭教師のあすなろ,家庭教師のあすなろ,申込直前,申し込み,家庭教師のあすなろ 申し込み,値あり,
家庭教師のあすなろ,家庭教師のあすなろ,申込直前,入会,家庭教師のあすなろ 入会,値あり,
家庭教師のあすなろ,家庭教師のあすなろ,発達特性との相性,発達障害,家庭教師のあすなろ 発達障害,値あり,10
家庭教師のあすなろ,家庭教師のあすなろ,発達特性との相性,発達障がい,家庭教師のあすなろ 発達障がい,値あり,
家庭教師のあすなろ,家庭教師のあすなろ,発達特性との相性,グレーゾーン,家庭教師のあすなろ グレーゾーン,値あり,
家庭教師のあすなろ,家庭教師のあすなろ,発達特性との相性,ADHD,家庭教師のあすなろ ADHD,値あり,
家庭教師のあすなろ,家庭教師のあすなろ,発達特性との相性,ASD,家庭教師のあすなろ ASD,値あり,
家庭教師のあすなろ,家庭教師のあすなろ,発達特性との相性,自閉症,家庭教師のあすなろ 自閉症,値あり,
家庭教師のあすなろ,家庭教師のあすなろ,発達特性との相性,LD,家庭教師のあすなろ LD,値あり,
家庭教師のあすなろ,家庭教師のあすなろ,発達特性との相性,学習障害,家庭教師のあすなろ 学習障害,値あり,
家庭教師のあすなろ,家庭教師のあすなろ,発達特性との相性,境界知能,家庭教師のあすなろ 境界知能,値あり,
家庭教師のあすなろ,家庭教師のあすなろ,発達特性との相性,不登校,家庭教師のあすなろ 不登校,値あり,10
家庭教師のあすなろ,家庭教師のあすなろ,対象・用途,小学生,家庭教師のあすなろ 小学生,値あり,
家庭教師のあすなろ,家庭教師のあすなろ,対象・用途,中学生,家庭教師のあすなろ 中学生,値あり,10
家庭教師のあすなろ,家庭教師のあすなろ,対象・用途,高校生,家庭教師のあすなろ 高校生,値あり,
家庭教師のあすなろ,家庭教師のあすなろ,対象・用途,高校受験,家庭教師のあすなろ 高校受験,値あり,
家庭教師のあすなろ,家庭教師のあすなろ,対象・用途,中学受験,家庭教師のあすなろ 中学受験,値あり,
家庭教師のあすなろ,家庭教師のあすなろ,対象・用途,大学受験,家庭教師のあすなろ 大学受験,値あり,
家庭教師のあすなろ,家庭教師のあすなろ,追加：SERP・サジェスト由来,評判 悪い,家庭教師のあすなろ 評判 悪い,値あり,
家庭教師のあすなろ,家庭教師のあすなろ,追加：SERP・サジェスト由来,やばい,家庭教師のあすなろ やばい,値あり,720
家庭教師のあすなろ,家庭教師のあすなろ,追加：SERP・サジェスト由来,知恵袋,家庭教師のあすなろ 知恵袋,値あり,
家庭教師のあすなろ,家庭教師のあすなろ,追加：SERP・サジェスト由来,2ch,家庭教師のあすなろ 2ch,値あり,
家庭教師のあすなろ,家庭教師のあすなろ,追加：SERP・サジェスト由来,料金表,家庭教師のあすなろ 料金表,値あり,
家庭教師のあすなろ,家庭教師のあすなろ,追加：SERP・サジェスト由来,授業料,家庭教師のあすなろ 授業料,値あり,
家庭教師のあすなろ,家庭教師のあすなろ,追加：SERP・サジェスト由来,夏期講習,家庭教師のあすなろ 夏期講習,値あり,10
家庭教師のあすなろ,家庭教師のあすなろ,追加：SERP・サジェスト由来,意味ない,家庭教師のあすなろ 意味ない,値あり,
家庭教師のあすなろ,家庭教師のあすなろ,追加：SERP・サジェスト由来,バイト,家庭教師のあすなろ バイト,値あり,320
家庭教師のあすなろ,家庭教師のあすなろ,追加：SERP・サジェスト由来,求人,家庭教師のあすなろ 求人,値あり,30
家庭教師のあすなろ,家庭教師のあすなろ,追加：KWP KeywordSeed由来,クチコミ,家庭教師のあすなろ クチコミ,値あり,20
家庭教師のあすなろ,家庭教師のあすなろ,追加：KWP KeywordSeed由来,やめとけ,家庭教師のあすなろ やめとけ,値あり,
家庭教師のあすなろ,家庭教師のあすなろ,追加：KWP KeywordSeed由来,合格実績,家庭教師のあすなろ 合格実績,値あり,
家庭教師のあすなろ,家庭教師のあすなろ,追加：KWP KeywordSeed由来,時間割,家庭教師のあすなろ 時間割,値あり,
家庭教師のあすなろ,家庭教師のあすなろ,追加：KWP KeywordSeed由来,キャンペーン,家庭教師のあすなろ キャンペーン,値あり,
家庭教師のあすなろ,家庭教師のあすなろ,追加：KWP KeywordSeed由来,割引,家庭教師のあすなろ 割引,値あり,
家庭教師のあすなろ,家庭教師のあすなろ,追加：KWP KeywordSeed由来,コース,家庭教師のあすなろ コース,値あり,
家庭教師のあすなろ,家庭教師のあすなろ,追加：KWP KeywordSeed由来,春期講習,家庭教師のあすなろ 春期講習,値あり,
家庭教師のあすなろ,家庭教師のあすなろ,追加：KWP KeywordSeed由来,冬期講習,家庭教師のあすなろ 冬期講習,値あり,
家庭教師のあすなろ,家庭教師のあすなろ,追加：KWP KeywordSeed由来,電話番号,家庭教師のあすなろ 電話番号,値あり,20
家庭教師のあすなろ,家庭教師のあすなろ,追加：KWP KeywordSeed由来,ホームページ,家庭教師のあすなろ ホームページ,値あり,
家庭教師のあすなろ,家庭教師のあすなろ,追加：KWP KeywordSeed由来,株式会社,家庭教師のあすなろ 株式会社,値あり,
家庭教師のあすなろ,家庭教師のあすなろ,追加：KWP KeywordSeed由来,講師,家庭教師のあすなろ 講師,値あり,
家庭教師のあすなろ,家庭教師のあすなろ,追加：KWP KeywordSeed由来,とは,家庭教師のあすなろ とは,値あり,
家庭教師のノーバス,ノーバス,評判・第三者評価,口コミ,ノーバス 口コミ,値あり,40
家庭教師のノーバス,ノーバス,評判・第三者評価,評判,ノーバス 評判,値あり,20
家庭教師のノーバス,ノーバス,評判・第三者評価,レビュー,ノーバス レビュー,値あり,
家庭教師のノーバス,ノーバス,評判・第三者評価,体験談,ノーバス 体験談,値あり,
家庭教師のノーバス,ノーバス,評判・第三者評価,感想,ノーバス 感想,値あり,
家庭教師のノーバス,ノーバス,評判・第三者評価,評価,ノーバス 評価,値あり,
家庭教師のノーバス,ノーバス,料金・契約,料金,ノーバス 料金,値あり,90
家庭教師のノーバス,ノーバス,料金・契約,費用,ノーバス 費用,値あり,
家庭教師のノーバス,ノーバス,料金・契約,月謝,ノーバス 月謝,値あり,
家庭教師のノーバス,ノーバス,料金・契約,値段,ノーバス 値段,値あり,
家庭教師のノーバス,ノーバス,料金・契約,価格,ノーバス 価格,値あり,
家庭教師のノーバス,ノーバス,料金・契約,入会金,ノーバス 入会金,値あり,10
家庭教師のノーバス,ノーバス,料金・契約,教材費,ノーバス 教材費,値あり,
家庭教師のノーバス,ノーバス,料金・契約,高い,ノーバス 高い,値あり,
家庭教師のノーバス,ノーバス,料金・契約,安い,ノーバス 安い,値あり,
家庭教師のノーバス,ノーバス,比較・選択,比較,ノーバス 比較,値あり,
家庭教師のノーバス,ノーバス,比較・選択,違い,ノーバス 違い,値あり,
家庭教師のノーバス,ノーバス,比較・選択,どっち,ノーバス どっち,値あり,
家庭教師のノーバス,ノーバス,比較・選択,おすすめ,ノーバス おすすめ,値あり,
家庭教師のノーバス,ノーバス,比較・選択,他社,ノーバス 他社,値あり,
家庭教師のノーバス,ノーバス,比較・選択,ランキング,ノーバス ランキング,値あり,
家庭教師のノーバス,ノーバス,不安・ネガティブ確認,デメリット,ノーバス デメリット,値あり,
家庭教師のノーバス,ノーバス,不安・ネガティブ確認,メリット,ノーバス メリット,値あり,
家庭教師のノーバス,ノーバス,不安・ネガティブ確認,怪しい,ノーバス 怪しい,値あり,
家庭教師のノーバス,ノーバス,不安・ネガティブ確認,最悪,ノーバス 最悪,値あり,
家庭教師のノーバス,ノーバス,不安・ネガティブ確認,失敗,ノーバス 失敗,値あり,
家庭教師のノーバス,ノーバス,不安・ネガティブ確認,後悔,ノーバス 後悔,値あり,
家庭教師のノーバス,ノーバス,不安・ネガティブ確認,合わない,ノーバス 合わない,値あり,
家庭教師のノーバス,ノーバス,不安・ネガティブ確認,向いてない,ノーバス 向いてない,値あり,
家庭教師のノーバス,ノーバス,不安・ネガティブ確認,やめたい,ノーバス やめたい,値あり,
家庭教師のノーバス,ノーバス,不安・ネガティブ確認,辞めたい,ノーバス 辞めたい,値あり,
家庭教師のノーバス,ノーバス,不安・ネガティブ確認,退会,ノーバス 退会,値あり,10
家庭教師のノーバス,ノーバス,不安・ネガティブ確認,解約,ノーバス 解約,値あり,
家庭教師のノーバス,ノーバス,申込直前,無料体験,ノーバス 無料体験,値あり,
家庭教師のノーバス,ノーバス,申込直前,体験,ノーバス 体験,値あり,
家庭教師のノーバス,ノーバス,申込直前,体験授業,ノーバス 体験授業,値あり,
家庭教師のノーバス,ノーバス,申込直前,無料相談,ノーバス 無料相談,値あり,
家庭教師のノーバス,ノーバス,申込直前,資料請求,ノーバス 資料請求,値あり,
家庭教師のノーバス,ノーバス,申込直前,申し込み,ノーバス 申し込み,値あり,
家庭教師のノーバス,ノーバス,申込直前,入会,ノーバス 入会,値あり,
家庭教師のノーバス,ノーバス,発達特性との相性,発達障害,ノーバス 発達障害,値あり,
家庭教師のノーバス,ノーバス,発達特性との相性,発達障がい,ノーバス 発達障がい,値あり,
家庭教師のノーバス,ノーバス,発達特性との相性,グレーゾーン,ノーバス グレーゾーン,値あり,
家庭教師のノーバス,ノーバス,発達特性との相性,ADHD,ノーバス ADHD,値あり,
家庭教師のノーバス,ノーバス,発達特性との相性,ASD,ノーバス ASD,値あり,
家庭教師のノーバス,ノーバス,発達特性との相性,自閉症,ノーバス 自閉症,値あり,
家庭教師のノーバス,ノーバス,発達特性との相性,LD,ノーバス LD,値あり,
家庭教師のノーバス,ノーバス,発達特性との相性,学習障害,ノーバス 学習障害,値あり,
家庭教師のノーバス,ノーバス,発達特性との相性,境界知能,ノーバス 境界知能,値あり,
家庭教師のノーバス,ノーバス,発達特性との相性,不登校,ノーバス 不登校,値あり,
家庭教師のノーバス,ノーバス,対象・用途,小学生,ノーバス 小学生,値あり,
家庭教師のノーバス,ノーバス,対象・用途,中学生,ノーバス 中学生,値あり,
家庭教師のノーバス,ノーバス,対象・用途,高校生,ノーバス 高校生,値あり,
家庭教師のノーバス,ノーバス,対象・用途,高校受験,ノーバス 高校受験,値あり,
家庭教師のノーバス,ノーバス,対象・用途,中学受験,ノーバス 中学受験,値あり,10
家庭教師のノーバス,ノーバス,対象・用途,大学受験,ノーバス 大学受験,値あり,
家庭教師のノーバス,ノーバス,追加：SERP・サジェスト由来,評判 悪い,ノーバス 評判 悪い,値あり,110
家庭教師のノーバス,ノーバス,追加：SERP・サジェスト由来,やばい,ノーバス やばい,値あり,
家庭教師のノーバス,ノーバス,追加：SERP・サジェスト由来,知恵袋,ノーバス 知恵袋,値あり,
家庭教師のノーバス,ノーバス,追加：SERP・サジェスト由来,2ch,ノーバス 2ch,値あり,0
家庭教師のノーバス,ノーバス,追加：SERP・サジェスト由来,料金表,ノーバス 料金表,値あり,
家庭教師のノーバス,ノーバス,追加：SERP・サジェスト由来,授業料,ノーバス 授業料,値あり,
家庭教師のノーバス,ノーバス,追加：SERP・サジェスト由来,夏期講習,ノーバス 夏期講習,値あり,20
家庭教師のノーバス,ノーバス,追加：SERP・サジェスト由来,意味ない,ノーバス 意味ない,値あり,
家庭教師のノーバス,ノーバス,追加：SERP・サジェスト由来,バイト,ノーバス バイト,値あり,50
家庭教師のノーバス,ノーバス,追加：SERP・サジェスト由来,求人,ノーバス 求人,値あり,10
家庭教師のノーバス,ノーバス,追加：KWP KeywordSeed由来,クチコミ,ノーバス クチコミ,値あり,
家庭教師のノーバス,ノーバス,追加：KWP KeywordSeed由来,やめとけ,ノーバス やめとけ,値あり,
家庭教師のノーバス,ノーバス,追加：KWP KeywordSeed由来,合格実績,ノーバス 合格実績,値あり,10
家庭教師のノーバス,ノーバス,追加：KWP KeywordSeed由来,時間割,ノーバス 時間割,値あり,30
家庭教師のノーバス,ノーバス,追加：KWP KeywordSeed由来,キャンペーン,ノーバス キャンペーン,値あり,
家庭教師のノーバス,ノーバス,追加：KWP KeywordSeed由来,割引,ノーバス 割引,値あり,
家庭教師のノーバス,ノーバス,追加：KWP KeywordSeed由来,コース,ノーバス コース,値あり,
家庭教師のノーバス,ノーバス,追加：KWP KeywordSeed由来,春期講習,ノーバス 春期講習,値あり,10
家庭教師のノーバス,ノーバス,追加：KWP KeywordSeed由来,冬期講習,ノーバス 冬期講習,値あり,10
家庭教師のノーバス,ノーバス,追加：KWP KeywordSeed由来,電話番号,ノーバス 電話番号,値あり,
家庭教師のノーバス,ノーバス,追加：KWP KeywordSeed由来,ホームページ,ノーバス ホームページ,値あり,
家庭教師のノーバス,ノーバス,追加：KWP KeywordSeed由来,株式会社,ノーバス 株式会社,値あり,10
家庭教師のノーバス,ノーバス,追加：KWP KeywordSeed由来,講師,ノーバス 講師,値あり,
家庭教師のノーバス,ノーバス,追加：KWP KeywordSeed由来,とは,ノーバス とは,値あり,
家庭教師のノーバス,ノーバス,発達特性×口コミ,発達障害 口コミ,ノーバス 発達障害 口コミ,値あり,
家庭教師のノーバス,ノーバス,発達特性×口コミ,発達障がい 口コミ,ノーバス 発達障がい 口コミ,値あり,
家庭教師のノーバス,ノーバス,発達特性×口コミ,グレーゾーン 口コミ,ノーバス グレーゾーン 口コミ,値あり,
家庭教師のノーバス,ノーバス,発達特性×口コミ,ADHD 口コミ,ノーバス ADHD 口コミ,値あり,
家庭教師のノーバス,ノーバス,発達特性×口コミ,ASD 口コミ,ノーバス ASD 口コミ,値あり,
家庭教師のノーバス,ノーバス,発達特性×口コミ,自閉症 口コミ,ノーバス 自閉症 口コミ,値あり,
家庭教師のノーバス,ノーバス,発達特性×口コミ,LD 口コミ,ノーバス LD 口コミ,値あり,
家庭教師のノーバス,ノーバス,発達特性×口コミ,学習障害 口コミ,ノーバス 学習障害 口コミ,値あり,
家庭教師のノーバス,ノーバス,発達特性×口コミ,境界知能 口コミ,ノーバス 境界知能 口コミ,値あり,
家庭教師のノーバス,ノーバス,発達特性×口コミ,不登校 口コミ,ノーバス 不登校 口コミ,値あり,
家庭教師のノーバス,ノーバス,発達特性×評判,発達障害 評判,ノーバス 発達障害 評判,値あり,
家庭教師のノーバス,ノーバス,発達特性×評判,発達障がい 評判,ノーバス 発達障がい 評判,値あり,
家庭教師のノーバス,ノーバス,発達特性×評判,グレーゾーン 評判,ノーバス グレーゾーン 評判,値あり,
家庭教師のノーバス,ノーバス,発達特性×評判,ADHD 評判,ノーバス ADHD 評判,値あり,
家庭教師のノーバス,ノーバス,発達特性×評判,ASD 評判,ノーバス ASD 評判,値あり,
家庭教師のノーバス,ノーバス,発達特性×評判,自閉症 評判,ノーバス 自閉症 評判,値あり,
家庭教師のノーバス,ノーバス,発達特性×評判,LD 評判,ノーバス LD 評判,値あり,
家庭教師のノーバス,ノーバス,発達特性×評判,学習障害 評判,ノーバス 学習障害 評判,値あり,
家庭教師のノーバス,ノーバス,発達特性×評判,境界知能 評判,ノーバス 境界知能 評判,値あり,
家庭教師のノーバス,ノーバス,発達特性×評判,不登校 評判,ノーバス 不登校 評判,値あり,
家庭教師のノーバス,ノーバス,発達特性×料金,発達障害 料金,ノーバス 発達障害 料金,値あり,
家庭教師のノーバス,ノーバス,発達特性×料金,発達障がい 料金,ノーバス 発達障がい 料金,値あり,
家庭教師のノーバス,ノーバス,発達特性×料金,グレーゾーン 料金,ノーバス グレーゾーン 料金,値あり,
家庭教師のノーバス,ノーバス,発達特性×料金,ADHD 料金,ノーバス ADHD 料金,値あり,
家庭教師のノーバス,ノーバス,発達特性×料金,ASD 料金,ノーバス ASD 料金,値あり,
家庭教師のノーバス,ノーバス,発達特性×料金,自閉症 料金,ノーバス 自閉症 料金,値あり,
家庭教師のノーバス,ノーバス,発達特性×料金,LD 料金,ノーバス LD 料金,値あり,
家庭教師のノーバス,ノーバス,発達特性×料金,学習障害 料金,ノーバス 学習障害 料金,値あり,
家庭教師のノーバス,ノーバス,発達特性×料金,境界知能 料金,ノーバス 境界知能 料金,値あり,
家庭教師のノーバス,ノーバス,発達特性×料金,不登校 料金,ノーバス 不登校 料金,値あり,
家庭教師のノーバス,家庭教師のノーバス,評判・第三者評価,口コミ,家庭教師のノーバス 口コミ,値あり,140
家庭教師のノーバス,家庭教師のノーバス,評判・第三者評価,評判,家庭教師のノーバス 評判,値あり,70
家庭教師のノーバス,家庭教師のノーバス,評判・第三者評価,レビュー,家庭教師のノーバス レビュー,値あり,
家庭教師のノーバス,家庭教師のノーバス,評判・第三者評価,体験談,家庭教師のノーバス 体験談,値あり,
家庭教師のノーバス,家庭教師のノーバス,評判・第三者評価,感想,家庭教師のノーバス 感想,値あり,
家庭教師のノーバス,家庭教師のノーバス,評判・第三者評価,評価,家庭教師のノーバス 評価,値あり,
家庭教師のノーバス,家庭教師のノーバス,料金・契約,料金,家庭教師のノーバス 料金,値あり,70
家庭教師のノーバス,家庭教師のノーバス,料金・契約,費用,家庭教師のノーバス 費用,値あり,
家庭教師のノーバス,家庭教師のノーバス,料金・契約,月謝,家庭教師のノーバス 月謝,値あり,
家庭教師のノーバス,家庭教師のノーバス,料金・契約,値段,家庭教師のノーバス 値段,値あり,
家庭教師のノーバス,家庭教師のノーバス,料金・契約,価格,家庭教師のノーバス 価格,値あり,
家庭教師のノーバス,家庭教師のノーバス,料金・契約,入会金,家庭教師のノーバス 入会金,値あり,
家庭教師のノーバス,家庭教師のノーバス,料金・契約,教材費,家庭教師のノーバス 教材費,値あり,
家庭教師のノーバス,家庭教師のノーバス,料金・契約,高い,家庭教師のノーバス 高い,値あり,
家庭教師のノーバス,家庭教師のノーバス,料金・契約,安い,家庭教師のノーバス 安い,値あり,
家庭教師のノーバス,家庭教師のノーバス,比較・選択,比較,家庭教師のノーバス 比較,値あり,
家庭教師のノーバス,家庭教師のノーバス,比較・選択,違い,家庭教師のノーバス 違い,値あり,
家庭教師のノーバス,家庭教師のノーバス,比較・選択,どっち,家庭教師のノーバス どっち,値あり,
家庭教師のノーバス,家庭教師のノーバス,比較・選択,おすすめ,家庭教師のノーバス おすすめ,値あり,
家庭教師のノーバス,家庭教師のノーバス,比較・選択,他社,家庭教師のノーバス 他社,値あり,
家庭教師のノーバス,家庭教師のノーバス,比較・選択,ランキング,家庭教師のノーバス ランキング,値あり,
家庭教師のノーバス,家庭教師のノーバス,不安・ネガティブ確認,デメリット,家庭教師のノーバス デメリット,値あり,
家庭教師のノーバス,家庭教師のノーバス,不安・ネガティブ確認,メリット,家庭教師のノーバス メリット,値あり,
家庭教師のノーバス,家庭教師のノーバス,不安・ネガティブ確認,怪しい,家庭教師のノーバス 怪しい,値あり,
家庭教師のノーバス,家庭教師のノーバス,不安・ネガティブ確認,最悪,家庭教師のノーバス 最悪,値あり,10
家庭教師のノーバス,家庭教師のノーバス,不安・ネガティブ確認,失敗,家庭教師のノーバス 失敗,値あり,
家庭教師のノーバス,家庭教師のノーバス,不安・ネガティブ確認,後悔,家庭教師のノーバス 後悔,値あり,
家庭教師のノーバス,家庭教師のノーバス,不安・ネガティブ確認,合わない,家庭教師のノーバス 合わない,値あり,
家庭教師のノーバス,家庭教師のノーバス,不安・ネガティブ確認,向いてない,家庭教師のノーバス 向いてない,値あり,
家庭教師のノーバス,家庭教師のノーバス,不安・ネガティブ確認,やめたい,家庭教師のノーバス やめたい,値あり,
家庭教師のノーバス,家庭教師のノーバス,不安・ネガティブ確認,辞めたい,家庭教師のノーバス 辞めたい,値あり,
家庭教師のノーバス,家庭教師のノーバス,不安・ネガティブ確認,退会,家庭教師のノーバス 退会,値あり,
家庭教師のノーバス,家庭教師のノーバス,不安・ネガティブ確認,解約,家庭教師のノーバス 解約,値あり,
家庭教師のノーバス,家庭教師のノーバス,申込直前,無料体験,家庭教師のノーバス 無料体験,値あり,
家庭教師のノーバス,家庭教師のノーバス,申込直前,体験,家庭教師のノーバス 体験,値あり,
家庭教師のノーバス,家庭教師のノーバス,申込直前,体験授業,家庭教師のノーバス 体験授業,値あり,
家庭教師のノーバス,家庭教師のノーバス,申込直前,無料相談,家庭教師のノーバス 無料相談,値あり,
家庭教師のノーバス,家庭教師のノーバス,申込直前,資料請求,家庭教師のノーバス 資料請求,値あり,
家庭教師のノーバス,家庭教師のノーバス,申込直前,申し込み,家庭教師のノーバス 申し込み,値あり,
家庭教師のノーバス,家庭教師のノーバス,申込直前,入会,家庭教師のノーバス 入会,値あり,
家庭教師のノーバス,家庭教師のノーバス,発達特性との相性,発達障害,家庭教師のノーバス 発達障害,値あり,
家庭教師のノーバス,家庭教師のノーバス,発達特性との相性,発達障がい,家庭教師のノーバス 発達障がい,値あり,
家庭教師のノーバス,家庭教師のノーバス,発達特性との相性,グレーゾーン,家庭教師のノーバス グレーゾーン,値あり,
家庭教師のノーバス,家庭教師のノーバス,発達特性との相性,ADHD,家庭教師のノーバス ADHD,値あり,
家庭教師のノーバス,家庭教師のノーバス,発達特性との相性,ASD,家庭教師のノーバス ASD,値あり,
家庭教師のノーバス,家庭教師のノーバス,発達特性との相性,自閉症,家庭教師のノーバス 自閉症,値あり,
家庭教師のノーバス,家庭教師のノーバス,発達特性との相性,LD,家庭教師のノーバス LD,値あり,
家庭教師のノーバス,家庭教師のノーバス,発達特性との相性,学習障害,家庭教師のノーバス 学習障害,値あり,
家庭教師のノーバス,家庭教師のノーバス,発達特性との相性,境界知能,家庭教師のノーバス 境界知能,値あり,
家庭教師のノーバス,家庭教師のノーバス,発達特性との相性,不登校,家庭教師のノーバス 不登校,値あり,
家庭教師のノーバス,家庭教師のノーバス,対象・用途,小学生,家庭教師のノーバス 小学生,値あり,
家庭教師のノーバス,家庭教師のノーバス,対象・用途,中学生,家庭教師のノーバス 中学生,値あり,
家庭教師のノーバス,家庭教師のノーバス,対象・用途,高校生,家庭教師のノーバス 高校生,値あり,
家庭教師のノーバス,家庭教師のノーバス,対象・用途,高校受験,家庭教師のノーバス 高校受験,値あり,
家庭教師のノーバス,家庭教師のノーバス,対象・用途,中学受験,家庭教師のノーバス 中学受験,値あり,
家庭教師のノーバス,家庭教師のノーバス,対象・用途,大学受験,家庭教師のノーバス 大学受験,値あり,
家庭教師のノーバス,家庭教師のノーバス,追加：SERP・サジェスト由来,評判 悪い,家庭教師のノーバス 評判 悪い,値あり,
家庭教師のノーバス,家庭教師のノーバス,追加：SERP・サジェスト由来,やばい,家庭教師のノーバス やばい,値あり,
家庭教師のノーバス,家庭教師のノーバス,追加：SERP・サジェスト由来,知恵袋,家庭教師のノーバス 知恵袋,値あり,
家庭教師のノーバス,家庭教師のノーバス,追加：SERP・サジェスト由来,2ch,家庭教師のノーバス 2ch,値あり,
家庭教師のノーバス,家庭教師のノーバス,追加：SERP・サジェスト由来,料金表,家庭教師のノーバス 料金表,値あり,
家庭教師のノーバス,家庭教師のノーバス,追加：SERP・サジェスト由来,授業料,家庭教師のノーバス 授業料,値あり,
家庭教師のノーバス,家庭教師のノーバス,追加：SERP・サジェスト由来,夏期講習,家庭教師のノーバス 夏期講習,値あり,
家庭教師のノーバス,家庭教師のノーバス,追加：SERP・サジェスト由来,意味ない,家庭教師のノーバス 意味ない,値あり,
家庭教師のノーバス,家庭教師のノーバス,追加：SERP・サジェスト由来,バイト,家庭教師のノーバス バイト,値あり,210
家庭教師のノーバス,家庭教師のノーバス,追加：SERP・サジェスト由来,求人,家庭教師のノーバス 求人,値あり,10
家庭教師のノーバス,家庭教師のノーバス,追加：KWP KeywordSeed由来,クチコミ,家庭教師のノーバス クチコミ,値あり,
家庭教師のノーバス,家庭教師のノーバス,追加：KWP KeywordSeed由来,やめとけ,家庭教師のノーバス やめとけ,値あり,
家庭教師のノーバス,家庭教師のノーバス,追加：KWP KeywordSeed由来,合格実績,家庭教師のノーバス 合格実績,値あり,
家庭教師のノーバス,家庭教師のノーバス,追加：KWP KeywordSeed由来,時間割,家庭教師のノーバス 時間割,値あり,
家庭教師のノーバス,家庭教師のノーバス,追加：KWP KeywordSeed由来,キャンペーン,家庭教師のノーバス キャンペーン,値あり,
家庭教師のノーバス,家庭教師のノーバス,追加：KWP KeywordSeed由来,割引,家庭教師のノーバス 割引,値あり,
家庭教師のノーバス,家庭教師のノーバス,追加：KWP KeywordSeed由来,コース,家庭教師のノーバス コース,値あり,
家庭教師のノーバス,家庭教師のノーバス,追加：KWP KeywordSeed由来,春期講習,家庭教師のノーバス 春期講習,値あり,
家庭教師のノーバス,家庭教師のノーバス,追加：KWP KeywordSeed由来,冬期講習,家庭教師のノーバス 冬期講習,値あり,
家庭教師のノーバス,家庭教師のノーバス,追加：KWP KeywordSeed由来,電話番号,家庭教師のノーバス 電話番号,値あり,
家庭教師のノーバス,家庭教師のノーバス,追加：KWP KeywordSeed由来,ホームページ,家庭教師のノーバス ホームページ,値あり,
家庭教師のノーバス,家庭教師のノーバス,追加：KWP KeywordSeed由来,株式会社,家庭教師のノーバス 株式会社,値あり,
家庭教師のノーバス,家庭教師のノーバス,追加：KWP KeywordSeed由来,講師,家庭教師のノーバス 講師,値あり,
家庭教師のノーバス,家庭教師のノーバス,追加：KWP KeywordSeed由来,とは,家庭教師のノーバス とは,値あり,
家庭教師のランナー,家庭教師のランナー,評判・第三者評価,口コミ,家庭教師のランナー 口コミ,値あり,170
家庭教師のランナー,家庭教師のランナー,評判・第三者評価,評判,家庭教師のランナー 評判,値あり,40
家庭教師のランナー,家庭教師のランナー,評判・第三者評価,レビュー,家庭教師のランナー レビュー,値あり,30
家庭教師のランナー,家庭教師のランナー,評判・第三者評価,体験談,家庭教師のランナー 体験談,値あり,
家庭教師のランナー,家庭教師のランナー,評判・第三者評価,感想,家庭教師のランナー 感想,値あり,
家庭教師のランナー,家庭教師のランナー,評判・第三者評価,評価,家庭教師のランナー 評価,値あり,
家庭教師のランナー,家庭教師のランナー,料金・契約,料金,家庭教師のランナー 料金,値あり,10
家庭教師のランナー,家庭教師のランナー,料金・契約,費用,家庭教師のランナー 費用,値あり,
家庭教師のランナー,家庭教師のランナー,料金・契約,月謝,家庭教師のランナー 月謝,値あり,
家庭教師のランナー,家庭教師のランナー,料金・契約,値段,家庭教師のランナー 値段,値あり,
家庭教師のランナー,家庭教師のランナー,料金・契約,価格,家庭教師のランナー 価格,値あり,
家庭教師のランナー,家庭教師のランナー,料金・契約,入会金,家庭教師のランナー 入会金,値あり,
家庭教師のランナー,家庭教師のランナー,料金・契約,教材費,家庭教師のランナー 教材費,値あり,
家庭教師のランナー,家庭教師のランナー,料金・契約,高い,家庭教師のランナー 高い,値あり,
家庭教師のランナー,家庭教師のランナー,料金・契約,安い,家庭教師のランナー 安い,値あり,
家庭教師のランナー,家庭教師のランナー,比較・選択,比較,家庭教師のランナー 比較,値あり,
家庭教師のランナー,家庭教師のランナー,比較・選択,違い,家庭教師のランナー 違い,値あり,
家庭教師のランナー,家庭教師のランナー,比較・選択,どっち,家庭教師のランナー どっち,値あり,
家庭教師のランナー,家庭教師のランナー,比較・選択,おすすめ,家庭教師のランナー おすすめ,値あり,
家庭教師のランナー,家庭教師のランナー,比較・選択,他社,家庭教師のランナー 他社,値あり,
家庭教師のランナー,家庭教師のランナー,比較・選択,ランキング,家庭教師のランナー ランキング,値あり,
家庭教師のランナー,家庭教師のランナー,不安・ネガティブ確認,デメリット,家庭教師のランナー デメリット,値あり,
家庭教師のランナー,家庭教師のランナー,不安・ネガティブ確認,メリット,家庭教師のランナー メリット,値あり,
家庭教師のランナー,家庭教師のランナー,不安・ネガティブ確認,怪しい,家庭教師のランナー 怪しい,値あり,
家庭教師のランナー,家庭教師のランナー,不安・ネガティブ確認,最悪,家庭教師のランナー 最悪,値あり,
家庭教師のランナー,家庭教師のランナー,不安・ネガティブ確認,失敗,家庭教師のランナー 失敗,値あり,
家庭教師のランナー,家庭教師のランナー,不安・ネガティブ確認,後悔,家庭教師のランナー 後悔,値あり,
家庭教師のランナー,家庭教師のランナー,不安・ネガティブ確認,合わない,家庭教師のランナー 合わない,値あり,
家庭教師のランナー,家庭教師のランナー,不安・ネガティブ確認,向いてない,家庭教師のランナー 向いてない,値あり,
家庭教師のランナー,家庭教師のランナー,不安・ネガティブ確認,やめたい,家庭教師のランナー やめたい,値あり,
家庭教師のランナー,家庭教師のランナー,不安・ネガティブ確認,辞めたい,家庭教師のランナー 辞めたい,値あり,30
家庭教師のランナー,家庭教師のランナー,不安・ネガティブ確認,退会,家庭教師のランナー 退会,値あり,10
家庭教師のランナー,家庭教師のランナー,不安・ネガティブ確認,解約,家庭教師のランナー 解約,値あり,
家庭教師のランナー,家庭教師のランナー,申込直前,無料体験,家庭教師のランナー 無料体験,値あり,
家庭教師のランナー,家庭教師のランナー,申込直前,体験,家庭教師のランナー 体験,値あり,
家庭教師のランナー,家庭教師のランナー,申込直前,体験授業,家庭教師のランナー 体験授業,値あり,
家庭教師のランナー,家庭教師のランナー,申込直前,無料相談,家庭教師のランナー 無料相談,値あり,
家庭教師のランナー,家庭教師のランナー,申込直前,資料請求,家庭教師のランナー 資料請求,値あり,
家庭教師のランナー,家庭教師のランナー,申込直前,申し込み,家庭教師のランナー 申し込み,値あり,
家庭教師のランナー,家庭教師のランナー,申込直前,入会,家庭教師のランナー 入会,値あり,
家庭教師のランナー,家庭教師のランナー,発達特性との相性,発達障害,家庭教師のランナー 発達障害,値あり,
家庭教師のランナー,家庭教師のランナー,発達特性との相性,発達障がい,家庭教師のランナー 発達障がい,値あり,
家庭教師のランナー,家庭教師のランナー,発達特性との相性,グレーゾーン,家庭教師のランナー グレーゾーン,値あり,
家庭教師のランナー,家庭教師のランナー,発達特性との相性,ADHD,家庭教師のランナー ADHD,値あり,
家庭教師のランナー,家庭教師のランナー,発達特性との相性,ASD,家庭教師のランナー ASD,値あり,
家庭教師のランナー,家庭教師のランナー,発達特性との相性,自閉症,家庭教師のランナー 自閉症,値あり,
家庭教師のランナー,家庭教師のランナー,発達特性との相性,LD,家庭教師のランナー LD,値あり,
家庭教師のランナー,家庭教師のランナー,発達特性との相性,学習障害,家庭教師のランナー 学習障害,値あり,
家庭教師のランナー,家庭教師のランナー,発達特性との相性,境界知能,家庭教師のランナー 境界知能,値あり,
家庭教師のランナー,家庭教師のランナー,発達特性との相性,不登校,家庭教師のランナー 不登校,値あり,
家庭教師のランナー,家庭教師のランナー,対象・用途,小学生,家庭教師のランナー 小学生,値あり,
家庭教師のランナー,家庭教師のランナー,対象・用途,中学生,家庭教師のランナー 中学生,値あり,
家庭教師のランナー,家庭教師のランナー,対象・用途,高校生,家庭教師のランナー 高校生,値あり,
家庭教師のランナー,家庭教師のランナー,対象・用途,高校受験,家庭教師のランナー 高校受験,値あり,
家庭教師のランナー,家庭教師のランナー,対象・用途,中学受験,家庭教師のランナー 中学受験,値あり,
家庭教師のランナー,家庭教師のランナー,対象・用途,大学受験,家庭教師のランナー 大学受験,値あり,
家庭教師のランナー,家庭教師のランナー,追加：SERP・サジェスト由来,評判 悪い,家庭教師のランナー 評判 悪い,値あり,
家庭教師のランナー,家庭教師のランナー,追加：SERP・サジェスト由来,やばい,家庭教師のランナー やばい,値あり,20
家庭教師のランナー,家庭教師のランナー,追加：SERP・サジェスト由来,知恵袋,家庭教師のランナー 知恵袋,値あり,10
家庭教師のランナー,家庭教師のランナー,追加：SERP・サジェスト由来,2ch,家庭教師のランナー 2ch,値あり,
家庭教師のランナー,家庭教師のランナー,追加：SERP・サジェスト由来,料金表,家庭教師のランナー 料金表,値あり,
家庭教師のランナー,家庭教師のランナー,追加：SERP・サジェスト由来,授業料,家庭教師のランナー 授業料,値あり,
家庭教師のランナー,家庭教師のランナー,追加：SERP・サジェスト由来,夏期講習,家庭教師のランナー 夏期講習,値あり,
家庭教師のランナー,家庭教師のランナー,追加：SERP・サジェスト由来,意味ない,家庭教師のランナー 意味ない,値あり,
家庭教師のランナー,家庭教師のランナー,追加：SERP・サジェスト由来,バイト,家庭教師のランナー バイト,値あり,140
家庭教師のランナー,家庭教師のランナー,追加：SERP・サジェスト由来,求人,家庭教師のランナー 求人,値あり,10
家庭教師のランナー,家庭教師のランナー,追加：KWP KeywordSeed由来,クチコミ,家庭教師のランナー クチコミ,値あり,
家庭教師のランナー,家庭教師のランナー,追加：KWP KeywordSeed由来,やめとけ,家庭教師のランナー やめとけ,値あり,
家庭教師のランナー,家庭教師のランナー,追加：KWP KeywordSeed由来,合格実績,家庭教師のランナー 合格実績,値あり,
家庭教師のランナー,家庭教師のランナー,追加：KWP KeywordSeed由来,時間割,家庭教師のランナー 時間割,値あり,
家庭教師のランナー,家庭教師のランナー,追加：KWP KeywordSeed由来,キャンペーン,家庭教師のランナー キャンペーン,値あり,
家庭教師のランナー,家庭教師のランナー,追加：KWP KeywordSeed由来,割引,家庭教師のランナー 割引,値あり,
家庭教師のランナー,家庭教師のランナー,追加：KWP KeywordSeed由来,コース,家庭教師のランナー コース,値あり,
家庭教師のランナー,家庭教師のランナー,追加：KWP KeywordSeed由来,春期講習,家庭教師のランナー 春期講習,値あり,
家庭教師のランナー,家庭教師のランナー,追加：KWP KeywordSeed由来,冬期講習,家庭教師のランナー 冬期講習,値あり,
家庭教師のランナー,家庭教師のランナー,追加：KWP KeywordSeed由来,電話番号,家庭教師のランナー 電話番号,値あり,10
家庭教師のランナー,家庭教師のランナー,追加：KWP KeywordSeed由来,ホームページ,家庭教師のランナー ホームページ,値あり,
家庭教師のランナー,家庭教師のランナー,追加：KWP KeywordSeed由来,株式会社,家庭教師のランナー 株式会社,値あり,
家庭教師のランナー,家庭教師のランナー,追加：KWP KeywordSeed由来,講師,家庭教師のランナー 講師,値あり,
家庭教師のランナー,家庭教師のランナー,追加：KWP KeywordSeed由来,とは,家庭教師のランナー とは,値あり,
家庭教師のランナー,家庭教師のランナー,発達特性×口コミ,発達障害 口コミ,家庭教師のランナー 発達障害 口コミ,値あり,
家庭教師のランナー,家庭教師のランナー,発達特性×口コミ,発達障がい 口コミ,家庭教師のランナー 発達障がい 口コミ,値あり,
家庭教師のランナー,家庭教師のランナー,発達特性×口コミ,グレーゾーン 口コミ,家庭教師のランナー グレーゾーン 口コミ,値あり,
家庭教師のランナー,家庭教師のランナー,発達特性×口コミ,ADHD 口コミ,家庭教師のランナー ADHD 口コミ,値あり,
家庭教師のランナー,家庭教師のランナー,発達特性×口コミ,ASD 口コミ,家庭教師のランナー ASD 口コミ,値あり,
家庭教師のランナー,家庭教師のランナー,発達特性×口コミ,自閉症 口コミ,家庭教師のランナー 自閉症 口コミ,値あり,
家庭教師のランナー,家庭教師のランナー,発達特性×口コミ,LD 口コミ,家庭教師のランナー LD 口コミ,値あり,
家庭教師のランナー,家庭教師のランナー,発達特性×口コミ,学習障害 口コミ,家庭教師のランナー 学習障害 口コミ,値あり,
家庭教師のランナー,家庭教師のランナー,発達特性×口コミ,境界知能 口コミ,家庭教師のランナー 境界知能 口コミ,値あり,
家庭教師のランナー,家庭教師のランナー,発達特性×口コミ,不登校 口コミ,家庭教師のランナー 不登校 口コミ,値あり,
家庭教師のランナー,家庭教師のランナー,発達特性×評判,発達障害 評判,家庭教師のランナー 発達障害 評判,値あり,
家庭教師のランナー,家庭教師のランナー,発達特性×評判,発達障がい 評判,家庭教師のランナー 発達障がい 評判,値あり,
家庭教師のランナー,家庭教師のランナー,発達特性×評判,グレーゾーン 評判,家庭教師のランナー グレーゾーン 評判,値あり,
家庭教師のランナー,家庭教師のランナー,発達特性×評判,ADHD 評判,家庭教師のランナー ADHD 評判,値あり,
家庭教師のランナー,家庭教師のランナー,発達特性×評判,ASD 評判,家庭教師のランナー ASD 評判,値あり,
家庭教師のランナー,家庭教師のランナー,発達特性×評判,自閉症 評判,家庭教師のランナー 自閉症 評判,値あり,
家庭教師のランナー,家庭教師のランナー,発達特性×評判,LD 評判,家庭教師のランナー LD 評判,値あり,
家庭教師のランナー,家庭教師のランナー,発達特性×評判,学習障害 評判,家庭教師のランナー 学習障害 評判,値あり,
家庭教師のランナー,家庭教師のランナー,発達特性×評判,境界知能 評判,家庭教師のランナー 境界知能 評判,値あり,
家庭教師のランナー,家庭教師のランナー,発達特性×評判,不登校 評判,家庭教師のランナー 不登校 評判,値あり,
家庭教師のランナー,家庭教師のランナー,発達特性×料金,発達障害 料金,家庭教師のランナー 発達障害 料金,値あり,
家庭教師のランナー,家庭教師のランナー,発達特性×料金,発達障がい 料金,家庭教師のランナー 発達障がい 料金,値あり,
家庭教師のランナー,家庭教師のランナー,発達特性×料金,グレーゾーン 料金,家庭教師のランナー グレーゾーン 料金,値あり,
家庭教師のランナー,家庭教師のランナー,発達特性×料金,ADHD 料金,家庭教師のランナー ADHD 料金,値あり,
家庭教師のランナー,家庭教師のランナー,発達特性×料金,ASD 料金,家庭教師のランナー ASD 料金,値あり,
家庭教師のランナー,家庭教師のランナー,発達特性×料金,自閉症 料金,家庭教師のランナー 自閉症 料金,値あり,
家庭教師のランナー,家庭教師のランナー,発達特性×料金,LD 料金,家庭教師のランナー LD 料金,値あり,
家庭教師のランナー,家庭教師のランナー,発達特性×料金,学習障害 料金,家庭教師のランナー 学習障害 料金,値あり,
家庭教師のランナー,家庭教師のランナー,発達特性×料金,境界知能 料金,家庭教師のランナー 境界知能 料金,値あり,
家庭教師のランナー,家庭教師のランナー,発達特性×料金,不登校 料金,家庭教師のランナー 不登校 料金,値あり,
家庭教師のランナー,ランナー 家庭教師,評判・第三者評価,口コミ,ランナー 家庭教師 口コミ,値あり,10
家庭教師のランナー,ランナー 家庭教師,評判・第三者評価,評判,ランナー 家庭教師 評判,値あり,10
家庭教師のランナー,ランナー 家庭教師,評判・第三者評価,レビュー,ランナー 家庭教師 レビュー,値あり,
家庭教師のランナー,ランナー 家庭教師,評判・第三者評価,体験談,ランナー 家庭教師 体験談,値あり,
家庭教師のランナー,ランナー 家庭教師,評判・第三者評価,感想,ランナー 家庭教師 感想,値あり,
家庭教師のランナー,ランナー 家庭教師,評判・第三者評価,評価,ランナー 家庭教師 評価,値あり,
家庭教師のランナー,ランナー 家庭教師,料金・契約,料金,ランナー 家庭教師 料金,値あり,10
家庭教師のランナー,ランナー 家庭教師,料金・契約,費用,ランナー 家庭教師 費用,値あり,
家庭教師のランナー,ランナー 家庭教師,料金・契約,月謝,ランナー 家庭教師 月謝,値あり,
家庭教師のランナー,ランナー 家庭教師,料金・契約,値段,ランナー 家庭教師 値段,値あり,
家庭教師のランナー,ランナー 家庭教師,料金・契約,価格,ランナー 家庭教師 価格,値あり,
家庭教師のランナー,ランナー 家庭教師,料金・契約,入会金,ランナー 家庭教師 入会金,値あり,
家庭教師のランナー,ランナー 家庭教師,料金・契約,教材費,ランナー 家庭教師 教材費,値あり,
家庭教師のランナー,ランナー 家庭教師,料金・契約,高い,ランナー 家庭教師 高い,値あり,
家庭教師のランナー,ランナー 家庭教師,料金・契約,安い,ランナー 家庭教師 安い,値あり,
家庭教師のランナー,ランナー 家庭教師,比較・選択,比較,ランナー 家庭教師 比較,値あり,
家庭教師のランナー,ランナー 家庭教師,比較・選択,違い,ランナー 家庭教師 違い,値あり,
家庭教師のランナー,ランナー 家庭教師,比較・選択,どっち,ランナー 家庭教師 どっち,値あり,
家庭教師のランナー,ランナー 家庭教師,比較・選択,おすすめ,ランナー 家庭教師 おすすめ,値あり,
家庭教師のランナー,ランナー 家庭教師,比較・選択,他社,ランナー 家庭教師 他社,値あり,
家庭教師のランナー,ランナー 家庭教師,比較・選択,ランキング,ランナー 家庭教師 ランキング,値あり,
家庭教師のランナー,ランナー 家庭教師,不安・ネガティブ確認,デメリット,ランナー 家庭教師 デメリット,値あり,
家庭教師のランナー,ランナー 家庭教師,不安・ネガティブ確認,メリット,ランナー 家庭教師 メリット,値あり,
家庭教師のランナー,ランナー 家庭教師,不安・ネガティブ確認,怪しい,ランナー 家庭教師 怪しい,値あり,
家庭教師のランナー,ランナー 家庭教師,不安・ネガティブ確認,最悪,ランナー 家庭教師 最悪,値あり,
家庭教師のランナー,ランナー 家庭教師,不安・ネガティブ確認,失敗,ランナー 家庭教師 失敗,値あり,
家庭教師のランナー,ランナー 家庭教師,不安・ネガティブ確認,後悔,ランナー 家庭教師 後悔,値あり,
家庭教師のランナー,ランナー 家庭教師,不安・ネガティブ確認,合わない,ランナー 家庭教師 合わない,値あり,
家庭教師のランナー,ランナー 家庭教師,不安・ネガティブ確認,向いてない,ランナー 家庭教師 向いてない,値あり,
家庭教師のランナー,ランナー 家庭教師,不安・ネガティブ確認,やめたい,ランナー 家庭教師 やめたい,値あり,
家庭教師のランナー,ランナー 家庭教師,不安・ネガティブ確認,辞めたい,ランナー 家庭教師 辞めたい,値あり,
家庭教師のランナー,ランナー 家庭教師,不安・ネガティブ確認,退会,ランナー 家庭教師 退会,値あり,
家庭教師のランナー,ランナー 家庭教師,不安・ネガティブ確認,解約,ランナー 家庭教師 解約,値あり,
家庭教師のランナー,ランナー 家庭教師,申込直前,無料体験,ランナー 家庭教師 無料体験,値あり,
家庭教師のランナー,ランナー 家庭教師,申込直前,体験,ランナー 家庭教師 体験,値あり,
家庭教師のランナー,ランナー 家庭教師,申込直前,体験授業,ランナー 家庭教師 体験授業,値あり,
家庭教師のランナー,ランナー 家庭教師,申込直前,無料相談,ランナー 家庭教師 無料相談,値あり,
家庭教師のランナー,ランナー 家庭教師,申込直前,資料請求,ランナー 家庭教師 資料請求,値あり,
家庭教師のランナー,ランナー 家庭教師,申込直前,申し込み,ランナー 家庭教師 申し込み,値あり,
家庭教師のランナー,ランナー 家庭教師,申込直前,入会,ランナー 家庭教師 入会,値あり,
家庭教師のランナー,ランナー 家庭教師,発達特性との相性,発達障害,ランナー 家庭教師 発達障害,値あり,
家庭教師のランナー,ランナー 家庭教師,発達特性との相性,発達障がい,ランナー 家庭教師 発達障がい,値あり,
家庭教師のランナー,ランナー 家庭教師,発達特性との相性,グレーゾーン,ランナー 家庭教師 グレーゾーン,値あり,
家庭教師のランナー,ランナー 家庭教師,発達特性との相性,ADHD,ランナー 家庭教師 ADHD,値あり,
家庭教師のランナー,ランナー 家庭教師,発達特性との相性,ASD,ランナー 家庭教師 ASD,値あり,
家庭教師のランナー,ランナー 家庭教師,発達特性との相性,自閉症,ランナー 家庭教師 自閉症,値あり,
家庭教師のランナー,ランナー 家庭教師,発達特性との相性,LD,ランナー 家庭教師 LD,値あり,
家庭教師のランナー,ランナー 家庭教師,発達特性との相性,学習障害,ランナー 家庭教師 学習障害,値あり,
家庭教師のランナー,ランナー 家庭教師,発達特性との相性,境界知能,ランナー 家庭教師 境界知能,値あり,
家庭教師のランナー,ランナー 家庭教師,発達特性との相性,不登校,ランナー 家庭教師 不登校,値あり,
家庭教師のランナー,ランナー 家庭教師,対象・用途,小学生,ランナー 家庭教師 小学生,値あり,
家庭教師のランナー,ランナー 家庭教師,対象・用途,中学生,ランナー 家庭教師 中学生,値あり,
家庭教師のランナー,ランナー 家庭教師,対象・用途,高校生,ランナー 家庭教師 高校生,値あり,
家庭教師のランナー,ランナー 家庭教師,対象・用途,高校受験,ランナー 家庭教師 高校受験,値あり,
家庭教師のランナー,ランナー 家庭教師,対象・用途,中学受験,ランナー 家庭教師 中学受験,値あり,
家庭教師のランナー,ランナー 家庭教師,対象・用途,大学受験,ランナー 家庭教師 大学受験,値あり,
家庭教師のランナー,ランナー 家庭教師,追加：SERP・サジェスト由来,評判 悪い,ランナー 家庭教師 評判 悪い,値あり,
家庭教師のランナー,ランナー 家庭教師,追加：SERP・サジェスト由来,やばい,ランナー 家庭教師 やばい,値あり,
家庭教師のランナー,ランナー 家庭教師,追加：SERP・サジェスト由来,知恵袋,ランナー 家庭教師 知恵袋,値あり,
家庭教師のランナー,ランナー 家庭教師,追加：SERP・サジェスト由来,2ch,ランナー 家庭教師 2ch,値あり,
家庭教師のランナー,ランナー 家庭教師,追加：SERP・サジェスト由来,料金表,ランナー 家庭教師 料金表,値あり,
家庭教師のランナー,ランナー 家庭教師,追加：SERP・サジェスト由来,授業料,ランナー 家庭教師 授業料,値あり,
家庭教師のランナー,ランナー 家庭教師,追加：SERP・サジェスト由来,夏期講習,ランナー 家庭教師 夏期講習,値あり,
家庭教師のランナー,ランナー 家庭教師,追加：SERP・サジェスト由来,意味ない,ランナー 家庭教師 意味ない,値あり,
家庭教師のランナー,ランナー 家庭教師,追加：SERP・サジェスト由来,バイト,ランナー 家庭教師 バイト,値あり,10
家庭教師のランナー,ランナー 家庭教師,追加：SERP・サジェスト由来,求人,ランナー 家庭教師 求人,値あり,
家庭教師のランナー,ランナー 家庭教師,追加：KWP KeywordSeed由来,クチコミ,ランナー 家庭教師 クチコミ,値あり,
家庭教師のランナー,ランナー 家庭教師,追加：KWP KeywordSeed由来,やめとけ,ランナー 家庭教師 やめとけ,値あり,
家庭教師のランナー,ランナー 家庭教師,追加：KWP KeywordSeed由来,合格実績,ランナー 家庭教師 合格実績,値あり,
家庭教師のランナー,ランナー 家庭教師,追加：KWP KeywordSeed由来,時間割,ランナー 家庭教師 時間割,値あり,
家庭教師のランナー,ランナー 家庭教師,追加：KWP KeywordSeed由来,キャンペーン,ランナー 家庭教師 キャンペーン,値あり,
家庭教師のランナー,ランナー 家庭教師,追加：KWP KeywordSeed由来,割引,ランナー 家庭教師 割引,値あり,
家庭教師のランナー,ランナー 家庭教師,追加：KWP KeywordSeed由来,コース,ランナー 家庭教師 コース,値あり,
家庭教師のランナー,ランナー 家庭教師,追加：KWP KeywordSeed由来,春期講習,ランナー 家庭教師 春期講習,値あり,
家庭教師のランナー,ランナー 家庭教師,追加：KWP KeywordSeed由来,冬期講習,ランナー 家庭教師 冬期講習,値あり,
家庭教師のランナー,ランナー 家庭教師,追加：KWP KeywordSeed由来,電話番号,ランナー 家庭教師 電話番号,値あり,
家庭教師のランナー,ランナー 家庭教師,追加：KWP KeywordSeed由来,ホームページ,ランナー 家庭教師 ホームページ,値あり,
家庭教師のランナー,ランナー 家庭教師,追加：KWP KeywordSeed由来,株式会社,ランナー 家庭教師 株式会社,値あり,
家庭教師のランナー,ランナー 家庭教師,追加：KWP KeywordSeed由来,講師,ランナー 家庭教師 講師,値あり,
家庭教師のランナー,ランナー 家庭教師,追加：KWP KeywordSeed由来,とは,ランナー 家庭教師 とは,値あり,
家庭教師ファースト,家庭教師ファースト,評判・第三者評価,口コミ,家庭教師ファースト 口コミ,値あり,210
家庭教師ファースト,家庭教師ファースト,評判・第三者評価,評判,家庭教師ファースト 評判,値あり,90
家庭教師ファースト,家庭教師ファースト,評判・第三者評価,レビュー,家庭教師ファースト レビュー,値あり,20
家庭教師ファースト,家庭教師ファースト,評判・第三者評価,体験談,家庭教師ファースト 体験談,値あり,
家庭教師ファースト,家庭教師ファースト,評判・第三者評価,感想,家庭教師ファースト 感想,値あり,
家庭教師ファースト,家庭教師ファースト,評判・第三者評価,評価,家庭教師ファースト 評価,値あり,10
家庭教師ファースト,家庭教師ファースト,料金・契約,料金,家庭教師ファースト 料金,値あり,30
家庭教師ファースト,家庭教師ファースト,料金・契約,費用,家庭教師ファースト 費用,値あり,
家庭教師ファースト,家庭教師ファースト,料金・契約,月謝,家庭教師ファースト 月謝,値あり,
家庭教師ファースト,家庭教師ファースト,料金・契約,値段,家庭教師ファースト 値段,値あり,
家庭教師ファースト,家庭教師ファースト,料金・契約,価格,家庭教師ファースト 価格,値あり,
家庭教師ファースト,家庭教師ファースト,料金・契約,入会金,家庭教師ファースト 入会金,値あり,
家庭教師ファースト,家庭教師ファースト,料金・契約,教材費,家庭教師ファースト 教材費,値あり,
家庭教師ファースト,家庭教師ファースト,料金・契約,高い,家庭教師ファースト 高い,値あり,
家庭教師ファースト,家庭教師ファースト,料金・契約,安い,家庭教師ファースト 安い,値あり,
家庭教師ファースト,家庭教師ファースト,比較・選択,比較,家庭教師ファースト 比較,値あり,
家庭教師ファースト,家庭教師ファースト,比較・選択,違い,家庭教師ファースト 違い,値あり,
家庭教師ファースト,家庭教師ファースト,比較・選択,どっち,家庭教師ファースト どっち,値あり,
家庭教師ファースト,家庭教師ファースト,比較・選択,おすすめ,家庭教師ファースト おすすめ,値あり,
家庭教師ファースト,家庭教師ファースト,比較・選択,他社,家庭教師ファースト 他社,値あり,
家庭教師ファースト,家庭教師ファースト,比較・選択,ランキング,家庭教師ファースト ランキング,値あり,
家庭教師ファースト,家庭教師ファースト,不安・ネガティブ確認,デメリット,家庭教師ファースト デメリット,値あり,
家庭教師ファースト,家庭教師ファースト,不安・ネガティブ確認,メリット,家庭教師ファースト メリット,値あり,
家庭教師ファースト,家庭教師ファースト,不安・ネガティブ確認,怪しい,家庭教師ファースト 怪しい,値あり,
家庭教師ファースト,家庭教師ファースト,不安・ネガティブ確認,最悪,家庭教師ファースト 最悪,値あり,
家庭教師ファースト,家庭教師ファースト,不安・ネガティブ確認,失敗,家庭教師ファースト 失敗,値あり,
家庭教師ファースト,家庭教師ファースト,不安・ネガティブ確認,後悔,家庭教師ファースト 後悔,値あり,
家庭教師ファースト,家庭教師ファースト,不安・ネガティブ確認,合わない,家庭教師ファースト 合わない,値あり,
家庭教師ファースト,家庭教師ファースト,不安・ネガティブ確認,向いてない,家庭教師ファースト 向いてない,値あり,
家庭教師ファースト,家庭教師ファースト,不安・ネガティブ確認,やめたい,家庭教師ファースト やめたい,値あり,
家庭教師ファースト,家庭教師ファースト,不安・ネガティブ確認,辞めたい,家庭教師ファースト 辞めたい,値あり,
家庭教師ファースト,家庭教師ファースト,不安・ネガティブ確認,退会,家庭教師ファースト 退会,値あり,10
家庭教師ファースト,家庭教師ファースト,不安・ネガティブ確認,解約,家庭教師ファースト 解約,値あり,
家庭教師ファースト,家庭教師ファースト,申込直前,無料体験,家庭教師ファースト 無料体験,値あり,
家庭教師ファースト,家庭教師ファースト,申込直前,体験,家庭教師ファースト 体験,値あり,
家庭教師ファースト,家庭教師ファースト,申込直前,体験授業,家庭教師ファースト 体験授業,値あり,
家庭教師ファースト,家庭教師ファースト,申込直前,無料相談,家庭教師ファースト 無料相談,値あり,
家庭教師ファースト,家庭教師ファースト,申込直前,資料請求,家庭教師ファースト 資料請求,値あり,
家庭教師ファースト,家庭教師ファースト,申込直前,申し込み,家庭教師ファースト 申し込み,値あり,
家庭教師ファースト,家庭教師ファースト,申込直前,入会,家庭教師ファースト 入会,値あり,
家庭教師ファースト,家庭教師ファースト,発達特性との相性,発達障害,家庭教師ファースト 発達障害,値あり,30
家庭教師ファースト,家庭教師ファースト,発達特性との相性,発達障がい,家庭教師ファースト 発達障がい,値あり,
家庭教師ファースト,家庭教師ファースト,発達特性との相性,グレーゾーン,家庭教師ファースト グレーゾーン,値あり,
家庭教師ファースト,家庭教師ファースト,発達特性との相性,ADHD,家庭教師ファースト ADHD,値あり,
家庭教師ファースト,家庭教師ファースト,発達特性との相性,ASD,家庭教師ファースト ASD,値あり,
家庭教師ファースト,家庭教師ファースト,発達特性との相性,自閉症,家庭教師ファースト 自閉症,値あり,
家庭教師ファースト,家庭教師ファースト,発達特性との相性,LD,家庭教師ファースト LD,値あり,
家庭教師ファースト,家庭教師ファースト,発達特性との相性,学習障害,家庭教師ファースト 学習障害,値あり,
家庭教師ファースト,家庭教師ファースト,発達特性との相性,境界知能,家庭教師ファースト 境界知能,値あり,
家庭教師ファースト,家庭教師ファースト,発達特性との相性,不登校,家庭教師ファースト 不登校,値あり,
家庭教師ファースト,家庭教師ファースト,対象・用途,小学生,家庭教師ファースト 小学生,値あり,
家庭教師ファースト,家庭教師ファースト,対象・用途,中学生,家庭教師ファースト 中学生,値あり,
家庭教師ファースト,家庭教師ファースト,対象・用途,高校生,家庭教師ファースト 高校生,値あり,
家庭教師ファースト,家庭教師ファースト,対象・用途,高校受験,家庭教師ファースト 高校受験,値あり,
家庭教師ファースト,家庭教師ファースト,対象・用途,中学受験,家庭教師ファースト 中学受験,値あり,
家庭教師ファースト,家庭教師ファースト,対象・用途,大学受験,家庭教師ファースト 大学受験,値あり,
家庭教師ファースト,家庭教師ファースト,追加：SERP・サジェスト由来,評判 悪い,家庭教師ファースト 評判 悪い,値あり,
家庭教師ファースト,家庭教師ファースト,追加：SERP・サジェスト由来,やばい,家庭教師ファースト やばい,値あり,
家庭教師ファースト,家庭教師ファースト,追加：SERP・サジェスト由来,知恵袋,家庭教師ファースト 知恵袋,値あり,30
家庭教師ファースト,家庭教師ファースト,追加：SERP・サジェスト由来,2ch,家庭教師ファースト 2ch,値あり,0
家庭教師ファースト,家庭教師ファースト,追加：SERP・サジェスト由来,料金表,家庭教師ファースト 料金表,値あり,
家庭教師ファースト,家庭教師ファースト,追加：SERP・サジェスト由来,授業料,家庭教師ファースト 授業料,値あり,
家庭教師ファースト,家庭教師ファースト,追加：SERP・サジェスト由来,夏期講習,家庭教師ファースト 夏期講習,値あり,
家庭教師ファースト,家庭教師ファースト,追加：SERP・サジェスト由来,意味ない,家庭教師ファースト 意味ない,値あり,
家庭教師ファースト,家庭教師ファースト,追加：SERP・サジェスト由来,バイト,家庭教師ファースト バイト,値あり,110
家庭教師ファースト,家庭教師ファースト,追加：SERP・サジェスト由来,求人,家庭教師ファースト 求人,値あり,20
家庭教師ファースト,家庭教師ファースト,追加：KWP KeywordSeed由来,クチコミ,家庭教師ファースト クチコミ,値あり,210
家庭教師ファースト,家庭教師ファースト,追加：KWP KeywordSeed由来,やめとけ,家庭教師ファースト やめとけ,値あり,
家庭教師ファースト,家庭教師ファースト,追加：KWP KeywordSeed由来,合格実績,家庭教師ファースト 合格実績,値あり,
家庭教師ファースト,家庭教師ファースト,追加：KWP KeywordSeed由来,時間割,家庭教師ファースト 時間割,値あり,
家庭教師ファースト,家庭教師ファースト,追加：KWP KeywordSeed由来,キャンペーン,家庭教師ファースト キャンペーン,値あり,
家庭教師ファースト,家庭教師ファースト,追加：KWP KeywordSeed由来,割引,家庭教師ファースト 割引,値あり,
家庭教師ファースト,家庭教師ファースト,追加：KWP KeywordSeed由来,コース,家庭教師ファースト コース,値あり,
家庭教師ファースト,家庭教師ファースト,追加：KWP KeywordSeed由来,春期講習,家庭教師ファースト 春期講習,値あり,
家庭教師ファースト,家庭教師ファースト,追加：KWP KeywordSeed由来,冬期講習,家庭教師ファースト 冬期講習,値あり,
家庭教師ファースト,家庭教師ファースト,追加：KWP KeywordSeed由来,電話番号,家庭教師ファースト 電話番号,値あり,
家庭教師ファースト,家庭教師ファースト,追加：KWP KeywordSeed由来,ホームページ,家庭教師ファースト ホームページ,値あり,
家庭教師ファースト,家庭教師ファースト,追加：KWP KeywordSeed由来,株式会社,家庭教師ファースト 株式会社,値あり,
家庭教師ファースト,家庭教師ファースト,追加：KWP KeywordSeed由来,講師,家庭教師ファースト 講師,値あり,
家庭教師ファースト,家庭教師ファースト,追加：KWP KeywordSeed由来,とは,家庭教師ファースト とは,値あり,
家庭教師ファースト,家庭教師ファースト,発達特性×口コミ,発達障害 口コミ,家庭教師ファースト 発達障害 口コミ,値あり,20
家庭教師ファースト,家庭教師ファースト,発達特性×口コミ,発達障がい 口コミ,家庭教師ファースト 発達障がい 口コミ,値あり,
家庭教師ファースト,家庭教師ファースト,発達特性×口コミ,グレーゾーン 口コミ,家庭教師ファースト グレーゾーン 口コミ,値あり,
家庭教師ファースト,家庭教師ファースト,発達特性×口コミ,ADHD 口コミ,家庭教師ファースト ADHD 口コミ,値あり,
家庭教師ファースト,家庭教師ファースト,発達特性×口コミ,ASD 口コミ,家庭教師ファースト ASD 口コミ,値あり,
家庭教師ファースト,家庭教師ファースト,発達特性×口コミ,自閉症 口コミ,家庭教師ファースト 自閉症 口コミ,値あり,
家庭教師ファースト,家庭教師ファースト,発達特性×口コミ,LD 口コミ,家庭教師ファースト LD 口コミ,値あり,
家庭教師ファースト,家庭教師ファースト,発達特性×口コミ,学習障害 口コミ,家庭教師ファースト 学習障害 口コミ,値あり,
家庭教師ファースト,家庭教師ファースト,発達特性×口コミ,境界知能 口コミ,家庭教師ファースト 境界知能 口コミ,値あり,
家庭教師ファースト,家庭教師ファースト,発達特性×口コミ,不登校 口コミ,家庭教師ファースト 不登校 口コミ,値あり,
家庭教師ファースト,家庭教師ファースト,発達特性×評判,発達障害 評判,家庭教師ファースト 発達障害 評判,値あり,
家庭教師ファースト,家庭教師ファースト,発達特性×評判,発達障がい 評判,家庭教師ファースト 発達障がい 評判,値あり,
家庭教師ファースト,家庭教師ファースト,発達特性×評判,グレーゾーン 評判,家庭教師ファースト グレーゾーン 評判,値あり,
家庭教師ファースト,家庭教師ファースト,発達特性×評判,ADHD 評判,家庭教師ファースト ADHD 評判,値あり,
家庭教師ファースト,家庭教師ファースト,発達特性×評判,ASD 評判,家庭教師ファースト ASD 評判,値あり,
家庭教師ファースト,家庭教師ファースト,発達特性×評判,自閉症 評判,家庭教師ファースト 自閉症 評判,値あり,
家庭教師ファースト,家庭教師ファースト,発達特性×評判,LD 評判,家庭教師ファースト LD 評判,値あり,
家庭教師ファースト,家庭教師ファースト,発達特性×評判,学習障害 評判,家庭教師ファースト 学習障害 評判,値あり,
家庭教師ファースト,家庭教師ファースト,発達特性×評判,境界知能 評判,家庭教師ファースト 境界知能 評判,値あり,
家庭教師ファースト,家庭教師ファースト,発達特性×評判,不登校 評判,家庭教師ファースト 不登校 評判,値あり,
家庭教師ファースト,家庭教師ファースト,発達特性×料金,発達障害 料金,家庭教師ファースト 発達障害 料金,値あり,
家庭教師ファースト,家庭教師ファースト,発達特性×料金,発達障がい 料金,家庭教師ファースト 発達障がい 料金,値あり,
家庭教師ファースト,家庭教師ファースト,発達特性×料金,グレーゾーン 料金,家庭教師ファースト グレーゾーン 料金,値あり,
家庭教師ファースト,家庭教師ファースト,発達特性×料金,ADHD 料金,家庭教師ファースト ADHD 料金,値あり,
家庭教師ファースト,家庭教師ファースト,発達特性×料金,ASD 料金,家庭教師ファースト ASD 料金,値あり,
家庭教師ファースト,家庭教師ファースト,発達特性×料金,自閉症 料金,家庭教師ファースト 自閉症 料金,値あり,
家庭教師ファースト,家庭教師ファースト,発達特性×料金,LD 料金,家庭教師ファースト LD 料金,値あり,
家庭教師ファースト,家庭教師ファースト,発達特性×料金,学習障害 料金,家庭教師ファースト 学習障害 料金,値あり,
家庭教師ファースト,家庭教師ファースト,発達特性×料金,境界知能 料金,家庭教師ファースト 境界知能 料金,値あり,
家庭教師ファースト,家庭教師ファースト,発達特性×料金,不登校 料金,家庭教師ファースト 不登校 料金,値あり,
家庭教師ファースト,家庭教師のファースト,評判・第三者評価,口コミ,家庭教師のファースト 口コミ,値あり,210
家庭教師ファースト,家庭教師のファースト,評判・第三者評価,評判,家庭教師のファースト 評判,値あり,90
家庭教師ファースト,家庭教師のファースト,評判・第三者評価,レビュー,家庭教師のファースト レビュー,値あり,
家庭教師ファースト,家庭教師のファースト,評判・第三者評価,体験談,家庭教師のファースト 体験談,値あり,
家庭教師ファースト,家庭教師のファースト,評判・第三者評価,感想,家庭教師のファースト 感想,値あり,
家庭教師ファースト,家庭教師のファースト,評判・第三者評価,評価,家庭教師のファースト 評価,値あり,
家庭教師ファースト,家庭教師のファースト,料金・契約,料金,家庭教師のファースト 料金,値あり,10
家庭教師ファースト,家庭教師のファースト,料金・契約,費用,家庭教師のファースト 費用,値あり,
家庭教師ファースト,家庭教師のファースト,料金・契約,月謝,家庭教師のファースト 月謝,値あり,
家庭教師ファースト,家庭教師のファースト,料金・契約,値段,家庭教師のファースト 値段,値あり,
家庭教師ファースト,家庭教師のファースト,料金・契約,価格,家庭教師のファースト 価格,値あり,
家庭教師ファースト,家庭教師のファースト,料金・契約,入会金,家庭教師のファースト 入会金,値あり,
家庭教師ファースト,家庭教師のファースト,料金・契約,教材費,家庭教師のファースト 教材費,値あり,
家庭教師ファースト,家庭教師のファースト,料金・契約,高い,家庭教師のファースト 高い,値あり,
家庭教師ファースト,家庭教師のファースト,料金・契約,安い,家庭教師のファースト 安い,値あり,
家庭教師ファースト,家庭教師のファースト,比較・選択,比較,家庭教師のファースト 比較,値あり,
家庭教師ファースト,家庭教師のファースト,比較・選択,違い,家庭教師のファースト 違い,値あり,
家庭教師ファースト,家庭教師のファースト,比較・選択,どっち,家庭教師のファースト どっち,値あり,
家庭教師ファースト,家庭教師のファースト,比較・選択,おすすめ,家庭教師のファースト おすすめ,値あり,
家庭教師ファースト,家庭教師のファースト,比較・選択,他社,家庭教師のファースト 他社,値あり,
家庭教師ファースト,家庭教師のファースト,比較・選択,ランキング,家庭教師のファースト ランキング,値あり,
家庭教師ファースト,家庭教師のファースト,不安・ネガティブ確認,デメリット,家庭教師のファースト デメリット,値あり,
家庭教師ファースト,家庭教師のファースト,不安・ネガティブ確認,メリット,家庭教師のファースト メリット,値あり,
家庭教師ファースト,家庭教師のファースト,不安・ネガティブ確認,怪しい,家庭教師のファースト 怪しい,値あり,
家庭教師ファースト,家庭教師のファースト,不安・ネガティブ確認,最悪,家庭教師のファースト 最悪,値あり,
家庭教師ファースト,家庭教師のファースト,不安・ネガティブ確認,失敗,家庭教師のファースト 失敗,値あり,
家庭教師ファースト,家庭教師のファースト,不安・ネガティブ確認,後悔,家庭教師のファースト 後悔,値あり,
家庭教師ファースト,家庭教師のファースト,不安・ネガティブ確認,合わない,家庭教師のファースト 合わない,値あり,
家庭教師ファースト,家庭教師のファースト,不安・ネガティブ確認,向いてない,家庭教師のファースト 向いてない,値あり,
家庭教師ファースト,家庭教師のファースト,不安・ネガティブ確認,やめたい,家庭教師のファースト やめたい,値あり,
家庭教師ファースト,家庭教師のファースト,不安・ネガティブ確認,辞めたい,家庭教師のファースト 辞めたい,値あり,
家庭教師ファースト,家庭教師のファースト,不安・ネガティブ確認,退会,家庭教師のファースト 退会,値あり,
家庭教師ファースト,家庭教師のファースト,不安・ネガティブ確認,解約,家庭教師のファースト 解約,値あり,
家庭教師ファースト,家庭教師のファースト,申込直前,無料体験,家庭教師のファースト 無料体験,値あり,
家庭教師ファースト,家庭教師のファースト,申込直前,体験,家庭教師のファースト 体験,値あり,
家庭教師ファースト,家庭教師のファースト,申込直前,体験授業,家庭教師のファースト 体験授業,値あり,
家庭教師ファースト,家庭教師のファースト,申込直前,無料相談,家庭教師のファースト 無料相談,値あり,
家庭教師ファースト,家庭教師のファースト,申込直前,資料請求,家庭教師のファースト 資料請求,値あり,
家庭教師ファースト,家庭教師のファースト,申込直前,申し込み,家庭教師のファースト 申し込み,値あり,
家庭教師ファースト,家庭教師のファースト,申込直前,入会,家庭教師のファースト 入会,値あり,
家庭教師ファースト,家庭教師のファースト,発達特性との相性,発達障害,家庭教師のファースト 発達障害,値あり,
家庭教師ファースト,家庭教師のファースト,発達特性との相性,発達障がい,家庭教師のファースト 発達障がい,値あり,
家庭教師ファースト,家庭教師のファースト,発達特性との相性,グレーゾーン,家庭教師のファースト グレーゾーン,値あり,
家庭教師ファースト,家庭教師のファースト,発達特性との相性,ADHD,家庭教師のファースト ADHD,値あり,
家庭教師ファースト,家庭教師のファースト,発達特性との相性,ASD,家庭教師のファースト ASD,値あり,
家庭教師ファースト,家庭教師のファースト,発達特性との相性,自閉症,家庭教師のファースト 自閉症,値あり,
家庭教師ファースト,家庭教師のファースト,発達特性との相性,LD,家庭教師のファースト LD,値あり,
家庭教師ファースト,家庭教師のファースト,発達特性との相性,学習障害,家庭教師のファースト 学習障害,値あり,
家庭教師ファースト,家庭教師のファースト,発達特性との相性,境界知能,家庭教師のファースト 境界知能,値あり,
家庭教師ファースト,家庭教師のファースト,発達特性との相性,不登校,家庭教師のファースト 不登校,値あり,
家庭教師ファースト,家庭教師のファースト,対象・用途,小学生,家庭教師のファースト 小学生,値あり,
家庭教師ファースト,家庭教師のファースト,対象・用途,中学生,家庭教師のファースト 中学生,値あり,
家庭教師ファースト,家庭教師のファースト,対象・用途,高校生,家庭教師のファースト 高校生,値あり,
家庭教師ファースト,家庭教師のファースト,対象・用途,高校受験,家庭教師のファースト 高校受験,値あり,
家庭教師ファースト,家庭教師のファースト,対象・用途,中学受験,家庭教師のファースト 中学受験,値あり,
家庭教師ファースト,家庭教師のファースト,対象・用途,大学受験,家庭教師のファースト 大学受験,値あり,
家庭教師ファースト,家庭教師のファースト,追加：SERP・サジェスト由来,評判 悪い,家庭教師のファースト 評判 悪い,値あり,
家庭教師ファースト,家庭教師のファースト,追加：SERP・サジェスト由来,やばい,家庭教師のファースト やばい,値あり,
家庭教師ファースト,家庭教師のファースト,追加：SERP・サジェスト由来,知恵袋,家庭教師のファースト 知恵袋,値あり,
家庭教師ファースト,家庭教師のファースト,追加：SERP・サジェスト由来,2ch,家庭教師のファースト 2ch,値あり,
家庭教師ファースト,家庭教師のファースト,追加：SERP・サジェスト由来,料金表,家庭教師のファースト 料金表,値あり,
家庭教師ファースト,家庭教師のファースト,追加：SERP・サジェスト由来,授業料,家庭教師のファースト 授業料,値あり,
家庭教師ファースト,家庭教師のファースト,追加：SERP・サジェスト由来,夏期講習,家庭教師のファースト 夏期講習,値あり,
家庭教師ファースト,家庭教師のファースト,追加：SERP・サジェスト由来,意味ない,家庭教師のファースト 意味ない,値あり,
家庭教師ファースト,家庭教師のファースト,追加：SERP・サジェスト由来,バイト,家庭教師のファースト バイト,値あり,110
家庭教師ファースト,家庭教師のファースト,追加：SERP・サジェスト由来,求人,家庭教師のファースト 求人,値あり,
家庭教師ファースト,家庭教師のファースト,追加：KWP KeywordSeed由来,クチコミ,家庭教師のファースト クチコミ,値あり,
家庭教師ファースト,家庭教師のファースト,追加：KWP KeywordSeed由来,やめとけ,家庭教師のファースト やめとけ,値あり,
家庭教師ファースト,家庭教師のファースト,追加：KWP KeywordSeed由来,合格実績,家庭教師のファースト 合格実績,値あり,
家庭教師ファースト,家庭教師のファースト,追加：KWP KeywordSeed由来,時間割,家庭教師のファースト 時間割,値あり,
家庭教師ファースト,家庭教師のファースト,追加：KWP KeywordSeed由来,キャンペーン,家庭教師のファースト キャンペーン,値あり,
家庭教師ファースト,家庭教師のファースト,追加：KWP KeywordSeed由来,割引,家庭教師のファースト 割引,値あり,
家庭教師ファースト,家庭教師のファースト,追加：KWP KeywordSeed由来,コース,家庭教師のファースト コース,値あり,
家庭教師ファースト,家庭教師のファースト,追加：KWP KeywordSeed由来,春期講習,家庭教師のファースト 春期講習,値あり,
家庭教師ファースト,家庭教師のファースト,追加：KWP KeywordSeed由来,冬期講習,家庭教師のファースト 冬期講習,値あり,
家庭教師ファースト,家庭教師のファースト,追加：KWP KeywordSeed由来,電話番号,家庭教師のファースト 電話番号,値あり,
家庭教師ファースト,家庭教師のファースト,追加：KWP KeywordSeed由来,ホームページ,家庭教師のファースト ホームページ,値あり,
家庭教師ファースト,家庭教師のファースト,追加：KWP KeywordSeed由来,株式会社,家庭教師のファースト 株式会社,値あり,
家庭教師ファースト,家庭教師のファースト,追加：KWP KeywordSeed由来,講師,家庭教師のファースト 講師,値あり,
家庭教師ファースト,家庭教師のファースト,追加：KWP KeywordSeed由来,とは,家庭教師のファースト とは,値あり,
家庭教師のサクシード,サクシード,評判・第三者評価,口コミ,サクシード 口コミ,値あり,90
家庭教師のサクシード,サクシード,評判・第三者評価,評判,サクシード 評判,値あり,70
家庭教師のサクシード,サクシード,評判・第三者評価,レビュー,サクシード レビュー,値あり,10
家庭教師のサクシード,サクシード,評判・第三者評価,体験談,サクシード 体験談,値あり,
家庭教師のサクシード,サクシード,評判・第三者評価,感想,サクシード 感想,値あり,
家庭教師のサクシード,サクシード,評判・第三者評価,評価,サクシード 評価,値あり,20
家庭教師のサクシード,サクシード,料金・契約,料金,サクシード 料金,値あり,50
家庭教師のサクシード,サクシード,料金・契約,費用,サクシード 費用,値あり,
家庭教師のサクシード,サクシード,料金・契約,月謝,サクシード 月謝,値あり,
家庭教師のサクシード,サクシード,料金・契約,値段,サクシード 値段,値あり,50
家庭教師のサクシード,サクシード,料金・契約,価格,サクシード 価格,値あり,30
家庭教師のサクシード,サクシード,料金・契約,入会金,サクシード 入会金,値あり,
家庭教師のサクシード,サクシード,料金・契約,教材費,サクシード 教材費,値あり,
家庭教師のサクシード,サクシード,料金・契約,高い,サクシード 高い,値あり,
家庭教師のサクシード,サクシード,料金・契約,安い,サクシード 安い,値あり,10
家庭教師のサクシード,サクシード,比較・選択,比較,サクシード 比較,値あり,
家庭教師のサクシード,サクシード,比較・選択,違い,サクシード 違い,値あり,10
家庭教師のサクシード,サクシード,比較・選択,どっち,サクシード どっち,値あり,
家庭教師のサクシード,サクシード,比較・選択,おすすめ,サクシード おすすめ,値あり,
家庭教師のサクシード,サクシード,比較・選択,他社,サクシード 他社,値あり,
家庭教師のサクシード,サクシード,比較・選択,ランキング,サクシード ランキング,値あり,
家庭教師のサクシード,サクシード,不安・ネガティブ確認,デメリット,サクシード デメリット,値あり,
家庭教師のサクシード,サクシード,不安・ネガティブ確認,メリット,サクシード メリット,値あり,
家庭教師のサクシード,サクシード,不安・ネガティブ確認,怪しい,サクシード 怪しい,値あり,
家庭教師のサクシード,サクシード,不安・ネガティブ確認,最悪,サクシード 最悪,値あり,
家庭教師のサクシード,サクシード,不安・ネガティブ確認,失敗,サクシード 失敗,値あり,
家庭教師のサクシード,サクシード,不安・ネガティブ確認,後悔,サクシード 後悔,値あり,
家庭教師のサクシード,サクシード,不安・ネガティブ確認,合わない,サクシード 合わない,値あり,
家庭教師のサクシード,サクシード,不安・ネガティブ確認,向いてない,サクシード 向いてない,値あり,
家庭教師のサクシード,サクシード,不安・ネガティブ確認,やめたい,サクシード やめたい,値あり,
家庭教師のサクシード,サクシード,不安・ネガティブ確認,辞めたい,サクシード 辞めたい,値あり,
家庭教師のサクシード,サクシード,不安・ネガティブ確認,退会,サクシード 退会,値あり,20
家庭教師のサクシード,サクシード,不安・ネガティブ確認,解約,サクシード 解約,値あり,
家庭教師のサクシード,サクシード,申込直前,無料体験,サクシード 無料体験,値あり,
家庭教師のサクシード,サクシード,申込直前,体験,サクシード 体験,値あり,
家庭教師のサクシード,サクシード,申込直前,体験授業,サクシード 体験授業,値あり,
家庭教師のサクシード,サクシード,申込直前,無料相談,サクシード 無料相談,値あり,
家庭教師のサクシード,サクシード,申込直前,資料請求,サクシード 資料請求,値あり,
家庭教師のサクシード,サクシード,申込直前,申し込み,サクシード 申し込み,値あり,
家庭教師のサクシード,サクシード,申込直前,入会,サクシード 入会,値あり,
家庭教師のサクシード,サクシード,発達特性との相性,発達障害,サクシード 発達障害,値あり,
家庭教師のサクシード,サクシード,発達特性との相性,発達障がい,サクシード 発達障がい,値あり,
家庭教師のサクシード,サクシード,発達特性との相性,グレーゾーン,サクシード グレーゾーン,値あり,
家庭教師のサクシード,サクシード,発達特性との相性,ADHD,サクシード ADHD,値あり,
家庭教師のサクシード,サクシード,発達特性との相性,ASD,サクシード ASD,値あり,
家庭教師のサクシード,サクシード,発達特性との相性,自閉症,サクシード 自閉症,値あり,
家庭教師のサクシード,サクシード,発達特性との相性,LD,サクシード LD,値あり,
家庭教師のサクシード,サクシード,発達特性との相性,学習障害,サクシード 学習障害,値あり,
家庭教師のサクシード,サクシード,発達特性との相性,境界知能,サクシード 境界知能,値あり,
家庭教師のサクシード,サクシード,発達特性との相性,不登校,サクシード 不登校,値あり,
家庭教師のサクシード,サクシード,対象・用途,小学生,サクシード 小学生,値あり,
家庭教師のサクシード,サクシード,対象・用途,中学生,サクシード 中学生,値あり,
家庭教師のサクシード,サクシード,対象・用途,高校生,サクシード 高校生,値あり,
家庭教師のサクシード,サクシード,対象・用途,高校受験,サクシード 高校受験,値あり,
家庭教師のサクシード,サクシード,対象・用途,中学受験,サクシード 中学受験,値あり,20
家庭教師のサクシード,サクシード,対象・用途,大学受験,サクシード 大学受験,値あり,20
家庭教師のサクシード,サクシード,追加：SERP・サジェスト由来,評判 悪い,サクシード 評判 悪い,値あり,
家庭教師のサクシード,サクシード,追加：SERP・サジェスト由来,やばい,サクシード やばい,値あり,20
家庭教師のサクシード,サクシード,追加：SERP・サジェスト由来,知恵袋,サクシード 知恵袋,値あり,10
家庭教師のサクシード,サクシード,追加：SERP・サジェスト由来,2ch,サクシード 2ch,値あり,10
家庭教師のサクシード,サクシード,追加：SERP・サジェスト由来,料金表,サクシード 料金表,値あり,
家庭教師のサクシード,サクシード,追加：SERP・サジェスト由来,授業料,サクシード 授業料,値あり,
家庭教師のサクシード,サクシード,追加：SERP・サジェスト由来,夏期講習,サクシード 夏期講習,値あり,20
家庭教師のサクシード,サクシード,追加：SERP・サジェスト由来,意味ない,サクシード 意味ない,値あり,
家庭教師のサクシード,サクシード,追加：SERP・サジェスト由来,バイト,サクシード バイト,値あり,170
家庭教師のサクシード,サクシード,追加：SERP・サジェスト由来,求人,サクシード 求人,値あり,110
家庭教師のサクシード,サクシード,追加：KWP KeywordSeed由来,クチコミ,サクシード クチコミ,値あり,
家庭教師のサクシード,サクシード,追加：KWP KeywordSeed由来,やめとけ,サクシード やめとけ,値あり,
家庭教師のサクシード,サクシード,追加：KWP KeywordSeed由来,合格実績,サクシード 合格実績,値あり,10
家庭教師のサクシード,サクシード,追加：KWP KeywordSeed由来,時間割,サクシード 時間割,値あり,90
家庭教師のサクシード,サクシード,追加：KWP KeywordSeed由来,キャンペーン,サクシード キャンペーン,値あり,
家庭教師のサクシード,サクシード,追加：KWP KeywordSeed由来,割引,サクシード 割引,値あり,
家庭教師のサクシード,サクシード,追加：KWP KeywordSeed由来,コース,サクシード コース,値あり,
家庭教師のサクシード,サクシード,追加：KWP KeywordSeed由来,春期講習,サクシード 春期講習,値あり,10
家庭教師のサクシード,サクシード,追加：KWP KeywordSeed由来,冬期講習,サクシード 冬期講習,値あり,20
家庭教師のサクシード,サクシード,追加：KWP KeywordSeed由来,電話番号,サクシード 電話番号,値あり,30
家庭教師のサクシード,サクシード,追加：KWP KeywordSeed由来,ホームページ,サクシード ホームページ,値あり,10
家庭教師のサクシード,サクシード,追加：KWP KeywordSeed由来,株式会社,サクシード 株式会社,値あり,5400
家庭教師のサクシード,サクシード,追加：KWP KeywordSeed由来,講師,サクシード 講師,値あり,10
家庭教師のサクシード,サクシード,追加：KWP KeywordSeed由来,とは,サクシード とは,値あり,40
家庭教師のサクシード,サクシード,発達特性×口コミ,発達障害 口コミ,サクシード 発達障害 口コミ,値あり,
家庭教師のサクシード,サクシード,発達特性×口コミ,発達障がい 口コミ,サクシード 発達障がい 口コミ,値あり,
家庭教師のサクシード,サクシード,発達特性×口コミ,グレーゾーン 口コミ,サクシード グレーゾーン 口コミ,値あり,
家庭教師のサクシード,サクシード,発達特性×口コミ,ADHD 口コミ,サクシード ADHD 口コミ,値あり,
家庭教師のサクシード,サクシード,発達特性×口コミ,ASD 口コミ,サクシード ASD 口コミ,値あり,
家庭教師のサクシード,サクシード,発達特性×口コミ,自閉症 口コミ,サクシード 自閉症 口コミ,値あり,
家庭教師のサクシード,サクシード,発達特性×口コミ,LD 口コミ,サクシード LD 口コミ,値あり,
家庭教師のサクシード,サクシード,発達特性×口コミ,学習障害 口コミ,サクシード 学習障害 口コミ,値あり,
家庭教師のサクシード,サクシード,発達特性×口コミ,境界知能 口コミ,サクシード 境界知能 口コミ,値あり,
家庭教師のサクシード,サクシード,発達特性×口コミ,不登校 口コミ,サクシード 不登校 口コミ,値あり,
家庭教師のサクシード,サクシード,発達特性×評判,発達障害 評判,サクシード 発達障害 評判,値あり,
家庭教師のサクシード,サクシード,発達特性×評判,発達障がい 評判,サクシード 発達障がい 評判,値あり,
家庭教師のサクシード,サクシード,発達特性×評判,グレーゾーン 評判,サクシード グレーゾーン 評判,値あり,
家庭教師のサクシード,サクシード,発達特性×評判,ADHD 評判,サクシード ADHD 評判,値あり,
家庭教師のサクシード,サクシード,発達特性×評判,ASD 評判,サクシード ASD 評判,値あり,
家庭教師のサクシード,サクシード,発達特性×評判,自閉症 評判,サクシード 自閉症 評判,値あり,
家庭教師のサクシード,サクシード,発達特性×評判,LD 評判,サクシード LD 評判,値あり,
家庭教師のサクシード,サクシード,発達特性×評判,学習障害 評判,サクシード 学習障害 評判,値あり,
家庭教師のサクシード,サクシード,発達特性×評判,境界知能 評判,サクシード 境界知能 評判,値あり,
家庭教師のサクシード,サクシード,発達特性×評判,不登校 評判,サクシード 不登校 評判,値あり,
家庭教師のサクシード,サクシード,発達特性×料金,発達障害 料金,サクシード 発達障害 料金,値あり,
家庭教師のサクシード,サクシード,発達特性×料金,発達障がい 料金,サクシード 発達障がい 料金,値あり,
家庭教師のサクシード,サクシード,発達特性×料金,グレーゾーン 料金,サクシード グレーゾーン 料金,値あり,
家庭教師のサクシード,サクシード,発達特性×料金,ADHD 料金,サクシード ADHD 料金,値あり,
家庭教師のサクシード,サクシード,発達特性×料金,ASD 料金,サクシード ASD 料金,値あり,
家庭教師のサクシード,サクシード,発達特性×料金,自閉症 料金,サクシード 自閉症 料金,値あり,
家庭教師のサクシード,サクシード,発達特性×料金,LD 料金,サクシード LD 料金,値あり,
家庭教師のサクシード,サクシード,発達特性×料金,学習障害 料金,サクシード 学習障害 料金,値あり,
家庭教師のサクシード,サクシード,発達特性×料金,境界知能 料金,サクシード 境界知能 料金,値あり,
家庭教師のサクシード,サクシード,発達特性×料金,不登校 料金,サクシード 不登校 料金,値あり,
家庭教師のサクシード,家庭教師のサクシード,評判・第三者評価,口コミ,家庭教師のサクシード 口コミ,値あり,50
家庭教師のサクシード,家庭教師のサクシード,評判・第三者評価,評判,家庭教師のサクシード 評判,値あり,210
家庭教師のサクシード,家庭教師のサクシード,評判・第三者評価,レビュー,家庭教師のサクシード レビュー,値あり,70
家庭教師のサクシード,家庭教師のサクシード,評判・第三者評価,体験談,家庭教師のサクシード 体験談,値あり,
家庭教師のサクシード,家庭教師のサクシード,評判・第三者評価,感想,家庭教師のサクシード 感想,値あり,
家庭教師のサクシード,家庭教師のサクシード,評判・第三者評価,評価,家庭教師のサクシード 評価,値あり,
家庭教師のサクシード,家庭教師のサクシード,料金・契約,料金,家庭教師のサクシード 料金,値あり,10
家庭教師のサクシード,家庭教師のサクシード,料金・契約,費用,家庭教師のサクシード 費用,値あり,
家庭教師のサクシード,家庭教師のサクシード,料金・契約,月謝,家庭教師のサクシード 月謝,値あり,
家庭教師のサクシード,家庭教師のサクシード,料金・契約,値段,家庭教師のサクシード 値段,値あり,
家庭教師のサクシード,家庭教師のサクシード,料金・契約,価格,家庭教師のサクシード 価格,値あり,
家庭教師のサクシード,家庭教師のサクシード,料金・契約,入会金,家庭教師のサクシード 入会金,値あり,
家庭教師のサクシード,家庭教師のサクシード,料金・契約,教材費,家庭教師のサクシード 教材費,値あり,
家庭教師のサクシード,家庭教師のサクシード,料金・契約,高い,家庭教師のサクシード 高い,値あり,
家庭教師のサクシード,家庭教師のサクシード,料金・契約,安い,家庭教師のサクシード 安い,値あり,
家庭教師のサクシード,家庭教師のサクシード,比較・選択,比較,家庭教師のサクシード 比較,値あり,
家庭教師のサクシード,家庭教師のサクシード,比較・選択,違い,家庭教師のサクシード 違い,値あり,
家庭教師のサクシード,家庭教師のサクシード,比較・選択,どっち,家庭教師のサクシード どっち,値あり,
家庭教師のサクシード,家庭教師のサクシード,比較・選択,おすすめ,家庭教師のサクシード おすすめ,値あり,
家庭教師のサクシード,家庭教師のサクシード,比較・選択,他社,家庭教師のサクシード 他社,値あり,
家庭教師のサクシード,家庭教師のサクシード,比較・選択,ランキング,家庭教師のサクシード ランキング,値あり,
家庭教師のサクシード,家庭教師のサクシード,不安・ネガティブ確認,デメリット,家庭教師のサクシード デメリット,値あり,
家庭教師のサクシード,家庭教師のサクシード,不安・ネガティブ確認,メリット,家庭教師のサクシード メリット,値あり,
家庭教師のサクシード,家庭教師のサクシード,不安・ネガティブ確認,怪しい,家庭教師のサクシード 怪しい,値あり,
家庭教師のサクシード,家庭教師のサクシード,不安・ネガティブ確認,最悪,家庭教師のサクシード 最悪,値あり,
家庭教師のサクシード,家庭教師のサクシード,不安・ネガティブ確認,失敗,家庭教師のサクシード 失敗,値あり,
家庭教師のサクシード,家庭教師のサクシード,不安・ネガティブ確認,後悔,家庭教師のサクシード 後悔,値あり,
家庭教師のサクシード,家庭教師のサクシード,不安・ネガティブ確認,合わない,家庭教師のサクシード 合わない,値あり,
家庭教師のサクシード,家庭教師のサクシード,不安・ネガティブ確認,向いてない,家庭教師のサクシード 向いてない,値あり,
家庭教師のサクシード,家庭教師のサクシード,不安・ネガティブ確認,やめたい,家庭教師のサクシード やめたい,値あり,
家庭教師のサクシード,家庭教師のサクシード,不安・ネガティブ確認,辞めたい,家庭教師のサクシード 辞めたい,値あり,
家庭教師のサクシード,家庭教師のサクシード,不安・ネガティブ確認,退会,家庭教師のサクシード 退会,値あり,
家庭教師のサクシード,家庭教師のサクシード,不安・ネガティブ確認,解約,家庭教師のサクシード 解約,値あり,
家庭教師のサクシード,家庭教師のサクシード,申込直前,無料体験,家庭教師のサクシード 無料体験,値あり,
家庭教師のサクシード,家庭教師のサクシード,申込直前,体験,家庭教師のサクシード 体験,値あり,
家庭教師のサクシード,家庭教師のサクシード,申込直前,体験授業,家庭教師のサクシード 体験授業,値あり,
家庭教師のサクシード,家庭教師のサクシード,申込直前,無料相談,家庭教師のサクシード 無料相談,値あり,
家庭教師のサクシード,家庭教師のサクシード,申込直前,資料請求,家庭教師のサクシード 資料請求,値あり,
家庭教師のサクシード,家庭教師のサクシード,申込直前,申し込み,家庭教師のサクシード 申し込み,値あり,
家庭教師のサクシード,家庭教師のサクシード,申込直前,入会,家庭教師のサクシード 入会,値あり,
家庭教師のサクシード,家庭教師のサクシード,発達特性との相性,発達障害,家庭教師のサクシード 発達障害,値あり,
家庭教師のサクシード,家庭教師のサクシード,発達特性との相性,発達障がい,家庭教師のサクシード 発達障がい,値あり,
家庭教師のサクシード,家庭教師のサクシード,発達特性との相性,グレーゾーン,家庭教師のサクシード グレーゾーン,値あり,
家庭教師のサクシード,家庭教師のサクシード,発達特性との相性,ADHD,家庭教師のサクシード ADHD,値あり,
家庭教師のサクシード,家庭教師のサクシード,発達特性との相性,ASD,家庭教師のサクシード ASD,値あり,
家庭教師のサクシード,家庭教師のサクシード,発達特性との相性,自閉症,家庭教師のサクシード 自閉症,値あり,
家庭教師のサクシード,家庭教師のサクシード,発達特性との相性,LD,家庭教師のサクシード LD,値あり,
家庭教師のサクシード,家庭教師のサクシード,発達特性との相性,学習障害,家庭教師のサクシード 学習障害,値あり,
家庭教師のサクシード,家庭教師のサクシード,発達特性との相性,境界知能,家庭教師のサクシード 境界知能,値あり,
家庭教師のサクシード,家庭教師のサクシード,発達特性との相性,不登校,家庭教師のサクシード 不登校,値あり,
家庭教師のサクシード,家庭教師のサクシード,対象・用途,小学生,家庭教師のサクシード 小学生,値あり,
家庭教師のサクシード,家庭教師のサクシード,対象・用途,中学生,家庭教師のサクシード 中学生,値あり,
家庭教師のサクシード,家庭教師のサクシード,対象・用途,高校生,家庭教師のサクシード 高校生,値あり,
家庭教師のサクシード,家庭教師のサクシード,対象・用途,高校受験,家庭教師のサクシード 高校受験,値あり,
家庭教師のサクシード,家庭教師のサクシード,対象・用途,中学受験,家庭教師のサクシード 中学受験,値あり,
家庭教師のサクシード,家庭教師のサクシード,対象・用途,大学受験,家庭教師のサクシード 大学受験,値あり,
家庭教師のサクシード,家庭教師のサクシード,追加：SERP・サジェスト由来,評判 悪い,家庭教師のサクシード 評判 悪い,値あり,
家庭教師のサクシード,家庭教師のサクシード,追加：SERP・サジェスト由来,やばい,家庭教師のサクシード やばい,値あり,
家庭教師のサクシード,家庭教師のサクシード,追加：SERP・サジェスト由来,知恵袋,家庭教師のサクシード 知恵袋,値あり,
家庭教師のサクシード,家庭教師のサクシード,追加：SERP・サジェスト由来,2ch,家庭教師のサクシード 2ch,値あり,
家庭教師のサクシード,家庭教師のサクシード,追加：SERP・サジェスト由来,料金表,家庭教師のサクシード 料金表,値あり,
家庭教師のサクシード,家庭教師のサクシード,追加：SERP・サジェスト由来,授業料,家庭教師のサクシード 授業料,値あり,
家庭教師のサクシード,家庭教師のサクシード,追加：SERP・サジェスト由来,夏期講習,家庭教師のサクシード 夏期講習,値あり,
家庭教師のサクシード,家庭教師のサクシード,追加：SERP・サジェスト由来,意味ない,家庭教師のサクシード 意味ない,値あり,
家庭教師のサクシード,家庭教師のサクシード,追加：SERP・サジェスト由来,バイト,家庭教師のサクシード バイト,値あり,70
家庭教師のサクシード,家庭教師のサクシード,追加：SERP・サジェスト由来,求人,家庭教師のサクシード 求人,値あり,
家庭教師のサクシード,家庭教師のサクシード,追加：KWP KeywordSeed由来,クチコミ,家庭教師のサクシード クチコミ,値あり,10
家庭教師のサクシード,家庭教師のサクシード,追加：KWP KeywordSeed由来,やめとけ,家庭教師のサクシード やめとけ,値あり,
家庭教師のサクシード,家庭教師のサクシード,追加：KWP KeywordSeed由来,合格実績,家庭教師のサクシード 合格実績,値あり,
家庭教師のサクシード,家庭教師のサクシード,追加：KWP KeywordSeed由来,時間割,家庭教師のサクシード 時間割,値あり,
家庭教師のサクシード,家庭教師のサクシード,追加：KWP KeywordSeed由来,キャンペーン,家庭教師のサクシード キャンペーン,値あり,
家庭教師のサクシード,家庭教師のサクシード,追加：KWP KeywordSeed由来,割引,家庭教師のサクシード 割引,値あり,
家庭教師のサクシード,家庭教師のサクシード,追加：KWP KeywordSeed由来,コース,家庭教師のサクシード コース,値あり,
家庭教師のサクシード,家庭教師のサクシード,追加：KWP KeywordSeed由来,春期講習,家庭教師のサクシード 春期講習,値あり,
家庭教師のサクシード,家庭教師のサクシード,追加：KWP KeywordSeed由来,冬期講習,家庭教師のサクシード 冬期講習,値あり,
家庭教師のサクシード,家庭教師のサクシード,追加：KWP KeywordSeed由来,電話番号,家庭教師のサクシード 電話番号,値あり,
家庭教師のサクシード,家庭教師のサクシード,追加：KWP KeywordSeed由来,ホームページ,家庭教師のサクシード ホームページ,値あり,
家庭教師のサクシード,家庭教師のサクシード,追加：KWP KeywordSeed由来,株式会社,家庭教師のサクシード 株式会社,値あり,
家庭教師のサクシード,家庭教師のサクシード,追加：KWP KeywordSeed由来,講師,家庭教師のサクシード 講師,値あり,
家庭教師のサクシード,家庭教師のサクシード,追加：KWP KeywordSeed由来,とは,家庭教師のサクシード とは,値あり,
学研の家庭教師,学研の家庭教師,評判・第三者評価,口コミ,学研の家庭教師 口コミ,値あり,110
学研の家庭教師,学研の家庭教師,評判・第三者評価,評判,学研の家庭教師 評判,値あり,30
学研の家庭教師,学研の家庭教師,評判・第三者評価,レビュー,学研の家庭教師 レビュー,値あり,
学研の家庭教師,学研の家庭教師,評判・第三者評価,体験談,学研の家庭教師 体験談,値あり,
学研の家庭教師,学研の家庭教師,評判・第三者評価,感想,学研の家庭教師 感想,値あり,
学研の家庭教師,学研の家庭教師,評判・第三者評価,評価,学研の家庭教師 評価,値あり,
学研の家庭教師,学研の家庭教師,料金・契約,料金,学研の家庭教師 料金,値あり,140
学研の家庭教師,学研の家庭教師,料金・契約,費用,学研の家庭教師 費用,値あり,
学研の家庭教師,学研の家庭教師,料金・契約,月謝,学研の家庭教師 月謝,値あり,
学研の家庭教師,学研の家庭教師,料金・契約,値段,学研の家庭教師 値段,値あり,
学研の家庭教師,学研の家庭教師,料金・契約,価格,学研の家庭教師 価格,値あり,
学研の家庭教師,学研の家庭教師,料金・契約,入会金,学研の家庭教師 入会金,値あり,
学研の家庭教師,学研の家庭教師,料金・契約,教材費,学研の家庭教師 教材費,値あり,
学研の家庭教師,学研の家庭教師,料金・契約,高い,学研の家庭教師 高い,値あり,
学研の家庭教師,学研の家庭教師,料金・契約,安い,学研の家庭教師 安い,値あり,
学研の家庭教師,学研の家庭教師,比較・選択,比較,学研の家庭教師 比較,値あり,
学研の家庭教師,学研の家庭教師,比較・選択,違い,学研の家庭教師 違い,値あり,
学研の家庭教師,学研の家庭教師,比較・選択,どっち,学研の家庭教師 どっち,値あり,
学研の家庭教師,学研の家庭教師,比較・選択,おすすめ,学研の家庭教師 おすすめ,値あり,
学研の家庭教師,学研の家庭教師,比較・選択,他社,学研の家庭教師 他社,値あり,
学研の家庭教師,学研の家庭教師,比較・選択,ランキング,学研の家庭教師 ランキング,値あり,
学研の家庭教師,学研の家庭教師,不安・ネガティブ確認,デメリット,学研の家庭教師 デメリット,値あり,
学研の家庭教師,学研の家庭教師,不安・ネガティブ確認,メリット,学研の家庭教師 メリット,値あり,
学研の家庭教師,学研の家庭教師,不安・ネガティブ確認,怪しい,学研の家庭教師 怪しい,値あり,
学研の家庭教師,学研の家庭教師,不安・ネガティブ確認,最悪,学研の家庭教師 最悪,値あり,
学研の家庭教師,学研の家庭教師,不安・ネガティブ確認,失敗,学研の家庭教師 失敗,値あり,
学研の家庭教師,学研の家庭教師,不安・ネガティブ確認,後悔,学研の家庭教師 後悔,値あり,
学研の家庭教師,学研の家庭教師,不安・ネガティブ確認,合わない,学研の家庭教師 合わない,値あり,
学研の家庭教師,学研の家庭教師,不安・ネガティブ確認,向いてない,学研の家庭教師 向いてない,値あり,
学研の家庭教師,学研の家庭教師,不安・ネガティブ確認,やめたい,学研の家庭教師 やめたい,値あり,
学研の家庭教師,学研の家庭教師,不安・ネガティブ確認,辞めたい,学研の家庭教師 辞めたい,値あり,
学研の家庭教師,学研の家庭教師,不安・ネガティブ確認,退会,学研の家庭教師 退会,値あり,
学研の家庭教師,学研の家庭教師,不安・ネガティブ確認,解約,学研の家庭教師 解約,値あり,
学研の家庭教師,学研の家庭教師,申込直前,無料体験,学研の家庭教師 無料体験,値あり,
学研の家庭教師,学研の家庭教師,申込直前,体験,学研の家庭教師 体験,値あり,
学研の家庭教師,学研の家庭教師,申込直前,体験授業,学研の家庭教師 体験授業,値あり,
学研の家庭教師,学研の家庭教師,申込直前,無料相談,学研の家庭教師 無料相談,値あり,
学研の家庭教師,学研の家庭教師,申込直前,資料請求,学研の家庭教師 資料請求,値あり,
学研の家庭教師,学研の家庭教師,申込直前,申し込み,学研の家庭教師 申し込み,値あり,
学研の家庭教師,学研の家庭教師,申込直前,入会,学研の家庭教師 入会,値あり,
学研の家庭教師,学研の家庭教師,発達特性との相性,発達障害,学研の家庭教師 発達障害,値あり,10
学研の家庭教師,学研の家庭教師,発達特性との相性,発達障がい,学研の家庭教師 発達障がい,値あり,
学研の家庭教師,学研の家庭教師,発達特性との相性,グレーゾーン,学研の家庭教師 グレーゾーン,値あり,
学研の家庭教師,学研の家庭教師,発達特性との相性,ADHD,学研の家庭教師 ADHD,値あり,
学研の家庭教師,学研の家庭教師,発達特性との相性,ASD,学研の家庭教師 ASD,値あり,
学研の家庭教師,学研の家庭教師,発達特性との相性,自閉症,学研の家庭教師 自閉症,値あり,
学研の家庭教師,学研の家庭教師,発達特性との相性,LD,学研の家庭教師 LD,値あり,
学研の家庭教師,学研の家庭教師,発達特性との相性,学習障害,学研の家庭教師 学習障害,値あり,
学研の家庭教師,学研の家庭教師,発達特性との相性,境界知能,学研の家庭教師 境界知能,値あり,
学研の家庭教師,学研の家庭教師,発達特性との相性,不登校,学研の家庭教師 不登校,値あり,
学研の家庭教師,学研の家庭教師,対象・用途,小学生,学研の家庭教師 小学生,値あり,
学研の家庭教師,学研の家庭教師,対象・用途,中学生,学研の家庭教師 中学生,値あり,
学研の家庭教師,学研の家庭教師,対象・用途,高校生,学研の家庭教師 高校生,値あり,
学研の家庭教師,学研の家庭教師,対象・用途,高校受験,学研の家庭教師 高校受験,値あり,
学研の家庭教師,学研の家庭教師,対象・用途,中学受験,学研の家庭教師 中学受験,値あり,10
学研の家庭教師,学研の家庭教師,対象・用途,大学受験,学研の家庭教師 大学受験,値あり,
学研の家庭教師,学研の家庭教師,追加：SERP・サジェスト由来,評判 悪い,学研の家庭教師 評判 悪い,値あり,
学研の家庭教師,学研の家庭教師,追加：SERP・サジェスト由来,やばい,学研の家庭教師 やばい,値あり,
学研の家庭教師,学研の家庭教師,追加：SERP・サジェスト由来,知恵袋,学研の家庭教師 知恵袋,値あり,
学研の家庭教師,学研の家庭教師,追加：SERP・サジェスト由来,2ch,学研の家庭教師 2ch,値あり,
学研の家庭教師,学研の家庭教師,追加：SERP・サジェスト由来,料金表,学研の家庭教師 料金表,値あり,
学研の家庭教師,学研の家庭教師,追加：SERP・サジェスト由来,授業料,学研の家庭教師 授業料,値あり,
学研の家庭教師,学研の家庭教師,追加：SERP・サジェスト由来,夏期講習,学研の家庭教師 夏期講習,値あり,
学研の家庭教師,学研の家庭教師,追加：SERP・サジェスト由来,意味ない,学研の家庭教師 意味ない,値あり,
学研の家庭教師,学研の家庭教師,追加：SERP・サジェスト由来,バイト,学研の家庭教師 バイト,値あり,170
学研の家庭教師,学研の家庭教師,追加：SERP・サジェスト由来,求人,学研の家庭教師 求人,値あり,
学研の家庭教師,学研の家庭教師,追加：KWP KeywordSeed由来,クチコミ,学研の家庭教師 クチコミ,値あり,
学研の家庭教師,学研の家庭教師,追加：KWP KeywordSeed由来,やめとけ,学研の家庭教師 やめとけ,値あり,
学研の家庭教師,学研の家庭教師,追加：KWP KeywordSeed由来,合格実績,学研の家庭教師 合格実績,値あり,
学研の家庭教師,学研の家庭教師,追加：KWP KeywordSeed由来,時間割,学研の家庭教師 時間割,値あり,
学研の家庭教師,学研の家庭教師,追加：KWP KeywordSeed由来,キャンペーン,学研の家庭教師 キャンペーン,値あり,
学研の家庭教師,学研の家庭教師,追加：KWP KeywordSeed由来,割引,学研の家庭教師 割引,値あり,
学研の家庭教師,学研の家庭教師,追加：KWP KeywordSeed由来,コース,学研の家庭教師 コース,値あり,
学研の家庭教師,学研の家庭教師,追加：KWP KeywordSeed由来,春期講習,学研の家庭教師 春期講習,値あり,
学研の家庭教師,学研の家庭教師,追加：KWP KeywordSeed由来,冬期講習,学研の家庭教師 冬期講習,値あり,
学研の家庭教師,学研の家庭教師,追加：KWP KeywordSeed由来,電話番号,学研の家庭教師 電話番号,値あり,
学研の家庭教師,学研の家庭教師,追加：KWP KeywordSeed由来,ホームページ,学研の家庭教師 ホームページ,値あり,
学研の家庭教師,学研の家庭教師,追加：KWP KeywordSeed由来,株式会社,学研の家庭教師 株式会社,値あり,
学研の家庭教師,学研の家庭教師,追加：KWP KeywordSeed由来,講師,学研の家庭教師 講師,値あり,
学研の家庭教師,学研の家庭教師,追加：KWP KeywordSeed由来,とは,学研の家庭教師 とは,値あり,
学研の家庭教師,学研の家庭教師,発達特性×口コミ,発達障害 口コミ,学研の家庭教師 発達障害 口コミ,値あり,
学研の家庭教師,学研の家庭教師,発達特性×口コミ,発達障がい 口コミ,学研の家庭教師 発達障がい 口コミ,値あり,
学研の家庭教師,学研の家庭教師,発達特性×口コミ,グレーゾーン 口コミ,学研の家庭教師 グレーゾーン 口コミ,値あり,
学研の家庭教師,学研の家庭教師,発達特性×口コミ,ADHD 口コミ,学研の家庭教師 ADHD 口コミ,値あり,
学研の家庭教師,学研の家庭教師,発達特性×口コミ,ASD 口コミ,学研の家庭教師 ASD 口コミ,値あり,
学研の家庭教師,学研の家庭教師,発達特性×口コミ,自閉症 口コミ,学研の家庭教師 自閉症 口コミ,値あり,
学研の家庭教師,学研の家庭教師,発達特性×口コミ,LD 口コミ,学研の家庭教師 LD 口コミ,値あり,
学研の家庭教師,学研の家庭教師,発達特性×口コミ,学習障害 口コミ,学研の家庭教師 学習障害 口コミ,値あり,
学研の家庭教師,学研の家庭教師,発達特性×口コミ,境界知能 口コミ,学研の家庭教師 境界知能 口コミ,値あり,
学研の家庭教師,学研の家庭教師,発達特性×口コミ,不登校 口コミ,学研の家庭教師 不登校 口コミ,値あり,
学研の家庭教師,学研の家庭教師,発達特性×評判,発達障害 評判,学研の家庭教師 発達障害 評判,値あり,
学研の家庭教師,学研の家庭教師,発達特性×評判,発達障がい 評判,学研の家庭教師 発達障がい 評判,値あり,
学研の家庭教師,学研の家庭教師,発達特性×評判,グレーゾーン 評判,学研の家庭教師 グレーゾーン 評判,値あり,
学研の家庭教師,学研の家庭教師,発達特性×評判,ADHD 評判,学研の家庭教師 ADHD 評判,値あり,
学研の家庭教師,学研の家庭教師,発達特性×評判,ASD 評判,学研の家庭教師 ASD 評判,値あり,
学研の家庭教師,学研の家庭教師,発達特性×評判,自閉症 評判,学研の家庭教師 自閉症 評判,値あり,
学研の家庭教師,学研の家庭教師,発達特性×評判,LD 評判,学研の家庭教師 LD 評判,値あり,
学研の家庭教師,学研の家庭教師,発達特性×評判,学習障害 評判,学研の家庭教師 学習障害 評判,値あり,
学研の家庭教師,学研の家庭教師,発達特性×評判,境界知能 評判,学研の家庭教師 境界知能 評判,値あり,
学研の家庭教師,学研の家庭教師,発達特性×評判,不登校 評判,学研の家庭教師 不登校 評判,値あり,
学研の家庭教師,学研の家庭教師,発達特性×料金,発達障害 料金,学研の家庭教師 発達障害 料金,値あり,
学研の家庭教師,学研の家庭教師,発達特性×料金,発達障がい 料金,学研の家庭教師 発達障がい 料金,値あり,
学研の家庭教師,学研の家庭教師,発達特性×料金,グレーゾーン 料金,学研の家庭教師 グレーゾーン 料金,値あり,
学研の家庭教師,学研の家庭教師,発達特性×料金,ADHD 料金,学研の家庭教師 ADHD 料金,値あり,
学研の家庭教師,学研の家庭教師,発達特性×料金,ASD 料金,学研の家庭教師 ASD 料金,値あり,
学研の家庭教師,学研の家庭教師,発達特性×料金,自閉症 料金,学研の家庭教師 自閉症 料金,値あり,
学研の家庭教師,学研の家庭教師,発達特性×料金,LD 料金,学研の家庭教師 LD 料金,値あり,
学研の家庭教師,学研の家庭教師,発達特性×料金,学習障害 料金,学研の家庭教師 学習障害 料金,値あり,
学研の家庭教師,学研の家庭教師,発達特性×料金,境界知能 料金,学研の家庭教師 境界知能 料金,値あり,
学研の家庭教師,学研の家庭教師,発達特性×料金,不登校 料金,学研の家庭教師 不登校 料金,値あり,
学研の家庭教師,学研 家庭教師,評判・第三者評価,口コミ,学研 家庭教師 口コミ,値あり,110
学研の家庭教師,学研 家庭教師,評判・第三者評価,評判,学研 家庭教師 評判,値あり,30
学研の家庭教師,学研 家庭教師,評判・第三者評価,レビュー,学研 家庭教師 レビュー,値あり,0
学研の家庭教師,学研 家庭教師,評判・第三者評価,体験談,学研 家庭教師 体験談,値あり,
学研の家庭教師,学研 家庭教師,評判・第三者評価,感想,学研 家庭教師 感想,値あり,
学研の家庭教師,学研 家庭教師,評判・第三者評価,評価,学研 家庭教師 評価,値あり,
学研の家庭教師,学研 家庭教師,料金・契約,料金,学研 家庭教師 料金,値あり,140
学研の家庭教師,学研 家庭教師,料金・契約,費用,学研 家庭教師 費用,値あり,10
学研の家庭教師,学研 家庭教師,料金・契約,月謝,学研 家庭教師 月謝,値あり,
学研の家庭教師,学研 家庭教師,料金・契約,値段,学研 家庭教師 値段,値あり,
学研の家庭教師,学研 家庭教師,料金・契約,価格,学研 家庭教師 価格,値あり,
学研の家庭教師,学研 家庭教師,料金・契約,入会金,学研 家庭教師 入会金,値あり,10
学研の家庭教師,学研 家庭教師,料金・契約,教材費,学研 家庭教師 教材費,値あり,
学研の家庭教師,学研 家庭教師,料金・契約,高い,学研 家庭教師 高い,値あり,
学研の家庭教師,学研 家庭教師,料金・契約,安い,学研 家庭教師 安い,値あり,
学研の家庭教師,学研 家庭教師,比較・選択,比較,学研 家庭教師 比較,値あり,
学研の家庭教師,学研 家庭教師,比較・選択,違い,学研 家庭教師 違い,値あり,
学研の家庭教師,学研 家庭教師,比較・選択,どっち,学研 家庭教師 どっち,値あり,
学研の家庭教師,学研 家庭教師,比較・選択,おすすめ,学研 家庭教師 おすすめ,値あり,
学研の家庭教師,学研 家庭教師,比較・選択,他社,学研 家庭教師 他社,値あり,
学研の家庭教師,学研 家庭教師,比較・選択,ランキング,学研 家庭教師 ランキング,値あり,
学研の家庭教師,学研 家庭教師,不安・ネガティブ確認,デメリット,学研 家庭教師 デメリット,値あり,
学研の家庭教師,学研 家庭教師,不安・ネガティブ確認,メリット,学研 家庭教師 メリット,値あり,
学研の家庭教師,学研 家庭教師,不安・ネガティブ確認,怪しい,学研 家庭教師 怪しい,値あり,
学研の家庭教師,学研 家庭教師,不安・ネガティブ確認,最悪,学研 家庭教師 最悪,値あり,
学研の家庭教師,学研 家庭教師,不安・ネガティブ確認,失敗,学研 家庭教師 失敗,値あり,
学研の家庭教師,学研 家庭教師,不安・ネガティブ確認,後悔,学研 家庭教師 後悔,値あり,
学研の家庭教師,学研 家庭教師,不安・ネガティブ確認,合わない,学研 家庭教師 合わない,値あり,
学研の家庭教師,学研 家庭教師,不安・ネガティブ確認,向いてない,学研 家庭教師 向いてない,値あり,
学研の家庭教師,学研 家庭教師,不安・ネガティブ確認,やめたい,学研 家庭教師 やめたい,値あり,
学研の家庭教師,学研 家庭教師,不安・ネガティブ確認,辞めたい,学研 家庭教師 辞めたい,値あり,20
学研の家庭教師,学研 家庭教師,不安・ネガティブ確認,退会,学研 家庭教師 退会,値あり,
学研の家庭教師,学研 家庭教師,不安・ネガティブ確認,解約,学研 家庭教師 解約,値あり,
学研の家庭教師,学研 家庭教師,申込直前,無料体験,学研 家庭教師 無料体験,値あり,
学研の家庭教師,学研 家庭教師,申込直前,体験,学研 家庭教師 体験,値あり,
学研の家庭教師,学研 家庭教師,申込直前,体験授業,学研 家庭教師 体験授業,値あり,
学研の家庭教師,学研 家庭教師,申込直前,無料相談,学研 家庭教師 無料相談,値あり,
学研の家庭教師,学研 家庭教師,申込直前,資料請求,学研 家庭教師 資料請求,値あり,
学研の家庭教師,学研 家庭教師,申込直前,申し込み,学研 家庭教師 申し込み,値あり,
学研の家庭教師,学研 家庭教師,申込直前,入会,学研 家庭教師 入会,値あり,
学研の家庭教師,学研 家庭教師,発達特性との相性,発達障害,学研 家庭教師 発達障害,値あり,40
学研の家庭教師,学研 家庭教師,発達特性との相性,発達障がい,学研 家庭教師 発達障がい,値あり,
学研の家庭教師,学研 家庭教師,発達特性との相性,グレーゾーン,学研 家庭教師 グレーゾーン,値あり,
学研の家庭教師,学研 家庭教師,発達特性との相性,ADHD,学研 家庭教師 ADHD,値あり,
学研の家庭教師,学研 家庭教師,発達特性との相性,ASD,学研 家庭教師 ASD,値あり,
学研の家庭教師,学研 家庭教師,発達特性との相性,自閉症,学研 家庭教師 自閉症,値あり,
学研の家庭教師,学研 家庭教師,発達特性との相性,LD,学研 家庭教師 LD,値あり,
学研の家庭教師,学研 家庭教師,発達特性との相性,学習障害,学研 家庭教師 学習障害,値あり,
学研の家庭教師,学研 家庭教師,発達特性との相性,境界知能,学研 家庭教師 境界知能,値あり,
学研の家庭教師,学研 家庭教師,発達特性との相性,不登校,学研 家庭教師 不登校,値あり,30
学研の家庭教師,学研 家庭教師,対象・用途,小学生,学研 家庭教師 小学生,値あり,
学研の家庭教師,学研 家庭教師,対象・用途,中学生,学研 家庭教師 中学生,値あり,
学研の家庭教師,学研 家庭教師,対象・用途,高校生,学研 家庭教師 高校生,値あり,
学研の家庭教師,学研 家庭教師,対象・用途,高校受験,学研 家庭教師 高校受験,値あり,
学研の家庭教師,学研 家庭教師,対象・用途,中学受験,学研 家庭教師 中学受験,値あり,10
学研の家庭教師,学研 家庭教師,対象・用途,大学受験,学研 家庭教師 大学受験,値あり,
学研の家庭教師,学研 家庭教師,追加：SERP・サジェスト由来,評判 悪い,学研 家庭教師 評判 悪い,値あり,
学研の家庭教師,学研 家庭教師,追加：SERP・サジェスト由来,やばい,学研 家庭教師 やばい,値あり,
学研の家庭教師,学研 家庭教師,追加：SERP・サジェスト由来,知恵袋,学研 家庭教師 知恵袋,値あり,
学研の家庭教師,学研 家庭教師,追加：SERP・サジェスト由来,2ch,学研 家庭教師 2ch,値あり,0
学研の家庭教師,学研 家庭教師,追加：SERP・サジェスト由来,料金表,学研 家庭教師 料金表,値あり,
学研の家庭教師,学研 家庭教師,追加：SERP・サジェスト由来,授業料,学研 家庭教師 授業料,値あり,
学研の家庭教師,学研 家庭教師,追加：SERP・サジェスト由来,夏期講習,学研 家庭教師 夏期講習,値あり,
学研の家庭教師,学研 家庭教師,追加：SERP・サジェスト由来,意味ない,学研 家庭教師 意味ない,値あり,
学研の家庭教師,学研 家庭教師,追加：SERP・サジェスト由来,バイト,学研 家庭教師 バイト,値あり,170
学研の家庭教師,学研 家庭教師,追加：SERP・サジェスト由来,求人,学研 家庭教師 求人,値あり,10
学研の家庭教師,学研 家庭教師,追加：KWP KeywordSeed由来,クチコミ,学研 家庭教師 クチコミ,値あり,
学研の家庭教師,学研 家庭教師,追加：KWP KeywordSeed由来,やめとけ,学研 家庭教師 やめとけ,値あり,
学研の家庭教師,学研 家庭教師,追加：KWP KeywordSeed由来,合格実績,学研 家庭教師 合格実績,値あり,
学研の家庭教師,学研 家庭教師,追加：KWP KeywordSeed由来,時間割,学研 家庭教師 時間割,値あり,
学研の家庭教師,学研 家庭教師,追加：KWP KeywordSeed由来,キャンペーン,学研 家庭教師 キャンペーン,値あり,
学研の家庭教師,学研 家庭教師,追加：KWP KeywordSeed由来,割引,学研 家庭教師 割引,値あり,
学研の家庭教師,学研 家庭教師,追加：KWP KeywordSeed由来,コース,学研 家庭教師 コース,値あり,10
学研の家庭教師,学研 家庭教師,追加：KWP KeywordSeed由来,春期講習,学研 家庭教師 春期講習,値あり,
学研の家庭教師,学研 家庭教師,追加：KWP KeywordSeed由来,冬期講習,学研 家庭教師 冬期講習,値あり,
学研の家庭教師,学研 家庭教師,追加：KWP KeywordSeed由来,電話番号,学研 家庭教師 電話番号,値あり,
学研の家庭教師,学研 家庭教師,追加：KWP KeywordSeed由来,ホームページ,学研 家庭教師 ホームページ,値あり,
学研の家庭教師,学研 家庭教師,追加：KWP KeywordSeed由来,株式会社,学研 家庭教師 株式会社,値あり,
学研の家庭教師,学研 家庭教師,追加：KWP KeywordSeed由来,講師,学研 家庭教師 講師,値あり,
学研の家庭教師,学研 家庭教師,追加：KWP KeywordSeed由来,とは,学研 家庭教師 とは,値あり,
家庭教師のガンバ,家庭教師のガンバ,評判・第三者評価,口コミ,家庭教師のガンバ 口コミ,値あり,210
家庭教師のガンバ,家庭教師のガンバ,評判・第三者評価,評判,家庭教師のガンバ 評判,値あり,30
家庭教師のガンバ,家庭教師のガンバ,評判・第三者評価,レビュー,家庭教師のガンバ レビュー,値あり,50
家庭教師のガンバ,家庭教師のガンバ,評判・第三者評価,体験談,家庭教師のガンバ 体験談,値あり,
家庭教師のガンバ,家庭教師のガンバ,評判・第三者評価,感想,家庭教師のガンバ 感想,値あり,
家庭教師のガンバ,家庭教師のガンバ,評判・第三者評価,評価,家庭教師のガンバ 評価,値あり,
家庭教師のガンバ,家庭教師のガンバ,料金・契約,料金,家庭教師のガンバ 料金,値あり,40
家庭教師のガンバ,家庭教師のガンバ,料金・契約,費用,家庭教師のガンバ 費用,値あり,
家庭教師のガンバ,家庭教師のガンバ,料金・契約,月謝,家庭教師のガンバ 月謝,値あり,
家庭教師のガンバ,家庭教師のガンバ,料金・契約,値段,家庭教師のガンバ 値段,値あり,
家庭教師のガンバ,家庭教師のガンバ,料金・契約,価格,家庭教師のガンバ 価格,値あり,
家庭教師のガンバ,家庭教師のガンバ,料金・契約,入会金,家庭教師のガンバ 入会金,値あり,10
家庭教師のガンバ,家庭教師のガンバ,料金・契約,教材費,家庭教師のガンバ 教材費,値あり,10
家庭教師のガンバ,家庭教師のガンバ,料金・契約,高い,家庭教師のガンバ 高い,値あり,
家庭教師のガンバ,家庭教師のガンバ,料金・契約,安い,家庭教師のガンバ 安い,値あり,
家庭教師のガンバ,家庭教師のガンバ,比較・選択,比較,家庭教師のガンバ 比較,値あり,
家庭教師のガンバ,家庭教師のガンバ,比較・選択,違い,家庭教師のガンバ 違い,値あり,
家庭教師のガンバ,家庭教師のガンバ,比較・選択,どっち,家庭教師のガンバ どっち,値あり,
家庭教師のガンバ,家庭教師のガンバ,比較・選択,おすすめ,家庭教師のガンバ おすすめ,値あり,
家庭教師のガンバ,家庭教師のガンバ,比較・選択,他社,家庭教師のガンバ 他社,値あり,
家庭教師のガンバ,家庭教師のガンバ,比較・選択,ランキング,家庭教師のガンバ ランキング,値あり,10
家庭教師のガンバ,家庭教師のガンバ,不安・ネガティブ確認,デメリット,家庭教師のガンバ デメリット,値あり,
家庭教師のガンバ,家庭教師のガンバ,不安・ネガティブ確認,メリット,家庭教師のガンバ メリット,値あり,
家庭教師のガンバ,家庭教師のガンバ,不安・ネガティブ確認,怪しい,家庭教師のガンバ 怪しい,値あり,
家庭教師のガンバ,家庭教師のガンバ,不安・ネガティブ確認,最悪,家庭教師のガンバ 最悪,値あり,
家庭教師のガンバ,家庭教師のガンバ,不安・ネガティブ確認,失敗,家庭教師のガンバ 失敗,値あり,
家庭教師のガンバ,家庭教師のガンバ,不安・ネガティブ確認,後悔,家庭教師のガンバ 後悔,値あり,
家庭教師のガンバ,家庭教師のガンバ,不安・ネガティブ確認,合わない,家庭教師のガンバ 合わない,値あり,
家庭教師のガンバ,家庭教師のガンバ,不安・ネガティブ確認,向いてない,家庭教師のガンバ 向いてない,値あり,
家庭教師のガンバ,家庭教師のガンバ,不安・ネガティブ確認,やめたい,家庭教師のガンバ やめたい,値あり,
家庭教師のガンバ,家庭教師のガンバ,不安・ネガティブ確認,辞めたい,家庭教師のガンバ 辞めたい,値あり,
家庭教師のガンバ,家庭教師のガンバ,不安・ネガティブ確認,退会,家庭教師のガンバ 退会,値あり,10
家庭教師のガンバ,家庭教師のガンバ,不安・ネガティブ確認,解約,家庭教師のガンバ 解約,値あり,
家庭教師のガンバ,家庭教師のガンバ,申込直前,無料体験,家庭教師のガンバ 無料体験,値あり,
家庭教師のガンバ,家庭教師のガンバ,申込直前,体験,家庭教師のガンバ 体験,値あり,
家庭教師のガンバ,家庭教師のガンバ,申込直前,体験授業,家庭教師のガンバ 体験授業,値あり,10
家庭教師のガンバ,家庭教師のガンバ,申込直前,無料相談,家庭教師のガンバ 無料相談,値あり,
家庭教師のガンバ,家庭教師のガンバ,申込直前,資料請求,家庭教師のガンバ 資料請求,値あり,
家庭教師のガンバ,家庭教師のガンバ,申込直前,申し込み,家庭教師のガンバ 申し込み,値あり,
家庭教師のガンバ,家庭教師のガンバ,申込直前,入会,家庭教師のガンバ 入会,値あり,
家庭教師のガンバ,家庭教師のガンバ,発達特性との相性,発達障害,家庭教師のガンバ 発達障害,値あり,
家庭教師のガンバ,家庭教師のガンバ,発達特性との相性,発達障がい,家庭教師のガンバ 発達障がい,値あり,
家庭教師のガンバ,家庭教師のガンバ,発達特性との相性,グレーゾーン,家庭教師のガンバ グレーゾーン,値あり,
家庭教師のガンバ,家庭教師のガンバ,発達特性との相性,ADHD,家庭教師のガンバ ADHD,値あり,
家庭教師のガンバ,家庭教師のガンバ,発達特性との相性,ASD,家庭教師のガンバ ASD,値あり,
家庭教師のガンバ,家庭教師のガンバ,発達特性との相性,自閉症,家庭教師のガンバ 自閉症,値あり,
家庭教師のガンバ,家庭教師のガンバ,発達特性との相性,LD,家庭教師のガンバ LD,値あり,
家庭教師のガンバ,家庭教師のガンバ,発達特性との相性,学習障害,家庭教師のガンバ 学習障害,値あり,
家庭教師のガンバ,家庭教師のガンバ,発達特性との相性,境界知能,家庭教師のガンバ 境界知能,値あり,
家庭教師のガンバ,家庭教師のガンバ,発達特性との相性,不登校,家庭教師のガンバ 不登校,値あり,10
家庭教師のガンバ,家庭教師のガンバ,対象・用途,小学生,家庭教師のガンバ 小学生,値あり,
家庭教師のガンバ,家庭教師のガンバ,対象・用途,中学生,家庭教師のガンバ 中学生,値あり,
家庭教師のガンバ,家庭教師のガンバ,対象・用途,高校生,家庭教師のガンバ 高校生,値あり,
家庭教師のガンバ,家庭教師のガンバ,対象・用途,高校受験,家庭教師のガンバ 高校受験,値あり,
家庭教師のガンバ,家庭教師のガンバ,対象・用途,中学受験,家庭教師のガンバ 中学受験,値あり,
家庭教師のガンバ,家庭教師のガンバ,対象・用途,大学受験,家庭教師のガンバ 大学受験,値あり,
家庭教師のガンバ,家庭教師のガンバ,追加：SERP・サジェスト由来,評判 悪い,家庭教師のガンバ 評判 悪い,値あり,
家庭教師のガンバ,家庭教師のガンバ,追加：SERP・サジェスト由来,やばい,家庭教師のガンバ やばい,値あり,210
家庭教師のガンバ,家庭教師のガンバ,追加：SERP・サジェスト由来,知恵袋,家庭教師のガンバ 知恵袋,値あり,
家庭教師のガンバ,家庭教師のガンバ,追加：SERP・サジェスト由来,2ch,家庭教師のガンバ 2ch,値あり,0
家庭教師のガンバ,家庭教師のガンバ,追加：SERP・サジェスト由来,料金表,家庭教師のガンバ 料金表,値あり,
家庭教師のガンバ,家庭教師のガンバ,追加：SERP・サジェスト由来,授業料,家庭教師のガンバ 授業料,値あり,
家庭教師のガンバ,家庭教師のガンバ,追加：SERP・サジェスト由来,夏期講習,家庭教師のガンバ 夏期講習,値あり,
家庭教師のガンバ,家庭教師のガンバ,追加：SERP・サジェスト由来,意味ない,家庭教師のガンバ 意味ない,値あり,
家庭教師のガンバ,家庭教師のガンバ,追加：SERP・サジェスト由来,バイト,家庭教師のガンバ バイト,値あり,170
家庭教師のガンバ,家庭教師のガンバ,追加：SERP・サジェスト由来,求人,家庭教師のガンバ 求人,値あり,10
家庭教師のガンバ,家庭教師のガンバ,追加：KWP KeywordSeed由来,クチコミ,家庭教師のガンバ クチコミ,値あり,10
家庭教師のガンバ,家庭教師のガンバ,追加：KWP KeywordSeed由来,やめとけ,家庭教師のガンバ やめとけ,値あり,
家庭教師のガンバ,家庭教師のガンバ,追加：KWP KeywordSeed由来,合格実績,家庭教師のガンバ 合格実績,値あり,
家庭教師のガンバ,家庭教師のガンバ,追加：KWP KeywordSeed由来,時間割,家庭教師のガンバ 時間割,値あり,
家庭教師のガンバ,家庭教師のガンバ,追加：KWP KeywordSeed由来,キャンペーン,家庭教師のガンバ キャンペーン,値あり,
家庭教師のガンバ,家庭教師のガンバ,追加：KWP KeywordSeed由来,割引,家庭教師のガンバ 割引,値あり,
家庭教師のガンバ,家庭教師のガンバ,追加：KWP KeywordSeed由来,コース,家庭教師のガンバ コース,値あり,
家庭教師のガンバ,家庭教師のガンバ,追加：KWP KeywordSeed由来,春期講習,家庭教師のガンバ 春期講習,値あり,
家庭教師のガンバ,家庭教師のガンバ,追加：KWP KeywordSeed由来,冬期講習,家庭教師のガンバ 冬期講習,値あり,
家庭教師のガンバ,家庭教師のガンバ,追加：KWP KeywordSeed由来,電話番号,家庭教師のガンバ 電話番号,値あり,10
家庭教師のガンバ,家庭教師のガンバ,追加：KWP KeywordSeed由来,ホームページ,家庭教師のガンバ ホームページ,値あり,
家庭教師のガンバ,家庭教師のガンバ,追加：KWP KeywordSeed由来,株式会社,家庭教師のガンバ 株式会社,値あり,
家庭教師のガンバ,家庭教師のガンバ,追加：KWP KeywordSeed由来,講師,家庭教師のガンバ 講師,値あり,10
家庭教師のガンバ,家庭教師のガンバ,追加：KWP KeywordSeed由来,とは,家庭教師のガンバ とは,値あり,
家庭教師のガンバ,家庭教師のガンバ,発達特性×口コミ,発達障害 口コミ,家庭教師のガンバ 発達障害 口コミ,値あり,
家庭教師のガンバ,家庭教師のガンバ,発達特性×口コミ,発達障がい 口コミ,家庭教師のガンバ 発達障がい 口コミ,値あり,
家庭教師のガンバ,家庭教師のガンバ,発達特性×口コミ,グレーゾーン 口コミ,家庭教師のガンバ グレーゾーン 口コミ,値あり,
家庭教師のガンバ,家庭教師のガンバ,発達特性×口コミ,ADHD 口コミ,家庭教師のガンバ ADHD 口コミ,値あり,
家庭教師のガンバ,家庭教師のガンバ,発達特性×口コミ,ASD 口コミ,家庭教師のガンバ ASD 口コミ,値あり,
家庭教師のガンバ,家庭教師のガンバ,発達特性×口コミ,自閉症 口コミ,家庭教師のガンバ 自閉症 口コミ,値あり,
家庭教師のガンバ,家庭教師のガンバ,発達特性×口コミ,LD 口コミ,家庭教師のガンバ LD 口コミ,値あり,
家庭教師のガンバ,家庭教師のガンバ,発達特性×口コミ,学習障害 口コミ,家庭教師のガンバ 学習障害 口コミ,値あり,
家庭教師のガンバ,家庭教師のガンバ,発達特性×口コミ,境界知能 口コミ,家庭教師のガンバ 境界知能 口コミ,値あり,
家庭教師のガンバ,家庭教師のガンバ,発達特性×口コミ,不登校 口コミ,家庭教師のガンバ 不登校 口コミ,値あり,
家庭教師のガンバ,家庭教師のガンバ,発達特性×評判,発達障害 評判,家庭教師のガンバ 発達障害 評判,値あり,
家庭教師のガンバ,家庭教師のガンバ,発達特性×評判,発達障がい 評判,家庭教師のガンバ 発達障がい 評判,値あり,
家庭教師のガンバ,家庭教師のガンバ,発達特性×評判,グレーゾーン 評判,家庭教師のガンバ グレーゾーン 評判,値あり,
家庭教師のガンバ,家庭教師のガンバ,発達特性×評判,ADHD 評判,家庭教師のガンバ ADHD 評判,値あり,
家庭教師のガンバ,家庭教師のガンバ,発達特性×評判,ASD 評判,家庭教師のガンバ ASD 評判,値あり,
家庭教師のガンバ,家庭教師のガンバ,発達特性×評判,自閉症 評判,家庭教師のガンバ 自閉症 評判,値あり,
家庭教師のガンバ,家庭教師のガンバ,発達特性×評判,LD 評判,家庭教師のガンバ LD 評判,値あり,
家庭教師のガンバ,家庭教師のガンバ,発達特性×評判,学習障害 評判,家庭教師のガンバ 学習障害 評判,値あり,
家庭教師のガンバ,家庭教師のガンバ,発達特性×評判,境界知能 評判,家庭教師のガンバ 境界知能 評判,値あり,
家庭教師のガンバ,家庭教師のガンバ,発達特性×評判,不登校 評判,家庭教師のガンバ 不登校 評判,値あり,
家庭教師のガンバ,家庭教師のガンバ,発達特性×料金,発達障害 料金,家庭教師のガンバ 発達障害 料金,値あり,
家庭教師のガンバ,家庭教師のガンバ,発達特性×料金,発達障がい 料金,家庭教師のガンバ 発達障がい 料金,値あり,
家庭教師のガンバ,家庭教師のガンバ,発達特性×料金,グレーゾーン 料金,家庭教師のガンバ グレーゾーン 料金,値あり,
家庭教師のガンバ,家庭教師のガンバ,発達特性×料金,ADHD 料金,家庭教師のガンバ ADHD 料金,値あり,
家庭教師のガンバ,家庭教師のガンバ,発達特性×料金,ASD 料金,家庭教師のガンバ ASD 料金,値あり,
家庭教師のガンバ,家庭教師のガンバ,発達特性×料金,自閉症 料金,家庭教師のガンバ 自閉症 料金,値あり,
家庭教師のガンバ,家庭教師のガンバ,発達特性×料金,LD 料金,家庭教師のガンバ LD 料金,値あり,
家庭教師のガンバ,家庭教師のガンバ,発達特性×料金,学習障害 料金,家庭教師のガンバ 学習障害 料金,値あり,
家庭教師のガンバ,家庭教師のガンバ,発達特性×料金,境界知能 料金,家庭教師のガンバ 境界知能 料金,値あり,
家庭教師のガンバ,家庭教師のガンバ,発達特性×料金,不登校 料金,家庭教師のガンバ 不登校 料金,値あり,
家庭教師のガンバ,ガンバ 家庭教師,評判・第三者評価,口コミ,ガンバ 家庭教師 口コミ,値あり,10
家庭教師のガンバ,ガンバ 家庭教師,評判・第三者評価,評判,ガンバ 家庭教師 評判,値あり,30
家庭教師のガンバ,ガンバ 家庭教師,評判・第三者評価,レビュー,ガンバ 家庭教師 レビュー,値あり,
家庭教師のガンバ,ガンバ 家庭教師,評判・第三者評価,体験談,ガンバ 家庭教師 体験談,値あり,
家庭教師のガンバ,ガンバ 家庭教師,評判・第三者評価,感想,ガンバ 家庭教師 感想,値あり,
家庭教師のガンバ,ガンバ 家庭教師,評判・第三者評価,評価,ガンバ 家庭教師 評価,値あり,
家庭教師のガンバ,ガンバ 家庭教師,料金・契約,料金,ガンバ 家庭教師 料金,値あり,
家庭教師のガンバ,ガンバ 家庭教師,料金・契約,費用,ガンバ 家庭教師 費用,値あり,
家庭教師のガンバ,ガンバ 家庭教師,料金・契約,月謝,ガンバ 家庭教師 月謝,値あり,
家庭教師のガンバ,ガンバ 家庭教師,料金・契約,値段,ガンバ 家庭教師 値段,値あり,
家庭教師のガンバ,ガンバ 家庭教師,料金・契約,価格,ガンバ 家庭教師 価格,値あり,
家庭教師のガンバ,ガンバ 家庭教師,料金・契約,入会金,ガンバ 家庭教師 入会金,値あり,
家庭教師のガンバ,ガンバ 家庭教師,料金・契約,教材費,ガンバ 家庭教師 教材費,値あり,
家庭教師のガンバ,ガンバ 家庭教師,料金・契約,高い,ガンバ 家庭教師 高い,値あり,
家庭教師のガンバ,ガンバ 家庭教師,料金・契約,安い,ガンバ 家庭教師 安い,値あり,
家庭教師のガンバ,ガンバ 家庭教師,比較・選択,比較,ガンバ 家庭教師 比較,値あり,
家庭教師のガンバ,ガンバ 家庭教師,比較・選択,違い,ガンバ 家庭教師 違い,値あり,
家庭教師のガンバ,ガンバ 家庭教師,比較・選択,どっち,ガンバ 家庭教師 どっち,値あり,
家庭教師のガンバ,ガンバ 家庭教師,比較・選択,おすすめ,ガンバ 家庭教師 おすすめ,値あり,
家庭教師のガンバ,ガンバ 家庭教師,比較・選択,他社,ガンバ 家庭教師 他社,値あり,
家庭教師のガンバ,ガンバ 家庭教師,比較・選択,ランキング,ガンバ 家庭教師 ランキング,値あり,
家庭教師のガンバ,ガンバ 家庭教師,不安・ネガティブ確認,デメリット,ガンバ 家庭教師 デメリット,値あり,
家庭教師のガンバ,ガンバ 家庭教師,不安・ネガティブ確認,メリット,ガンバ 家庭教師 メリット,値あり,
家庭教師のガンバ,ガンバ 家庭教師,不安・ネガティブ確認,怪しい,ガンバ 家庭教師 怪しい,値あり,
家庭教師のガンバ,ガンバ 家庭教師,不安・ネガティブ確認,最悪,ガンバ 家庭教師 最悪,値あり,
家庭教師のガンバ,ガンバ 家庭教師,不安・ネガティブ確認,失敗,ガンバ 家庭教師 失敗,値あり,
家庭教師のガンバ,ガンバ 家庭教師,不安・ネガティブ確認,後悔,ガンバ 家庭教師 後悔,値あり,
家庭教師のガンバ,ガンバ 家庭教師,不安・ネガティブ確認,合わない,ガンバ 家庭教師 合わない,値あり,
家庭教師のガンバ,ガンバ 家庭教師,不安・ネガティブ確認,向いてない,ガンバ 家庭教師 向いてない,値あり,
家庭教師のガンバ,ガンバ 家庭教師,不安・ネガティブ確認,やめたい,ガンバ 家庭教師 やめたい,値あり,
家庭教師のガンバ,ガンバ 家庭教師,不安・ネガティブ確認,辞めたい,ガンバ 家庭教師 辞めたい,値あり,
家庭教師のガンバ,ガンバ 家庭教師,不安・ネガティブ確認,退会,ガンバ 家庭教師 退会,値あり,
家庭教師のガンバ,ガンバ 家庭教師,不安・ネガティブ確認,解約,ガンバ 家庭教師 解約,値あり,
家庭教師のガンバ,ガンバ 家庭教師,申込直前,無料体験,ガンバ 家庭教師 無料体験,値あり,
家庭教師のガンバ,ガンバ 家庭教師,申込直前,体験,ガンバ 家庭教師 体験,値あり,
家庭教師のガンバ,ガンバ 家庭教師,申込直前,体験授業,ガンバ 家庭教師 体験授業,値あり,
家庭教師のガンバ,ガンバ 家庭教師,申込直前,無料相談,ガンバ 家庭教師 無料相談,値あり,
家庭教師のガンバ,ガンバ 家庭教師,申込直前,資料請求,ガンバ 家庭教師 資料請求,値あり,
家庭教師のガンバ,ガンバ 家庭教師,申込直前,申し込み,ガンバ 家庭教師 申し込み,値あり,
家庭教師のガンバ,ガンバ 家庭教師,申込直前,入会,ガンバ 家庭教師 入会,値あり,
家庭教師のガンバ,ガンバ 家庭教師,発達特性との相性,発達障害,ガンバ 家庭教師 発達障害,値あり,
家庭教師のガンバ,ガンバ 家庭教師,発達特性との相性,発達障がい,ガンバ 家庭教師 発達障がい,値あり,
家庭教師のガンバ,ガンバ 家庭教師,発達特性との相性,グレーゾーン,ガンバ 家庭教師 グレーゾーン,値あり,
家庭教師のガンバ,ガンバ 家庭教師,発達特性との相性,ADHD,ガンバ 家庭教師 ADHD,値あり,
家庭教師のガンバ,ガンバ 家庭教師,発達特性との相性,ASD,ガンバ 家庭教師 ASD,値あり,
家庭教師のガンバ,ガンバ 家庭教師,発達特性との相性,自閉症,ガンバ 家庭教師 自閉症,値あり,
家庭教師のガンバ,ガンバ 家庭教師,発達特性との相性,LD,ガンバ 家庭教師 LD,値あり,
家庭教師のガンバ,ガンバ 家庭教師,発達特性との相性,学習障害,ガンバ 家庭教師 学習障害,値あり,
家庭教師のガンバ,ガンバ 家庭教師,発達特性との相性,境界知能,ガンバ 家庭教師 境界知能,値あり,
家庭教師のガンバ,ガンバ 家庭教師,発達特性との相性,不登校,ガンバ 家庭教師 不登校,値あり,
家庭教師のガンバ,ガンバ 家庭教師,対象・用途,小学生,ガンバ 家庭教師 小学生,値あり,
家庭教師のガンバ,ガンバ 家庭教師,対象・用途,中学生,ガンバ 家庭教師 中学生,値あり,
家庭教師のガンバ,ガンバ 家庭教師,対象・用途,高校生,ガンバ 家庭教師 高校生,値あり,
家庭教師のガンバ,ガンバ 家庭教師,対象・用途,高校受験,ガンバ 家庭教師 高校受験,値あり,
家庭教師のガンバ,ガンバ 家庭教師,対象・用途,中学受験,ガンバ 家庭教師 中学受験,値あり,
家庭教師のガンバ,ガンバ 家庭教師,対象・用途,大学受験,ガンバ 家庭教師 大学受験,値あり,
家庭教師のガンバ,ガンバ 家庭教師,追加：SERP・サジェスト由来,評判 悪い,ガンバ 家庭教師 評判 悪い,値あり,
家庭教師のガンバ,ガンバ 家庭教師,追加：SERP・サジェスト由来,やばい,ガンバ 家庭教師 やばい,値あり,
家庭教師のガンバ,ガンバ 家庭教師,追加：SERP・サジェスト由来,知恵袋,ガンバ 家庭教師 知恵袋,値あり,
家庭教師のガンバ,ガンバ 家庭教師,追加：SERP・サジェスト由来,2ch,ガンバ 家庭教師 2ch,値あり,
家庭教師のガンバ,ガンバ 家庭教師,追加：SERP・サジェスト由来,料金表,ガンバ 家庭教師 料金表,値あり,
家庭教師のガンバ,ガンバ 家庭教師,追加：SERP・サジェスト由来,授業料,ガンバ 家庭教師 授業料,値あり,
家庭教師のガンバ,ガンバ 家庭教師,追加：SERP・サジェスト由来,夏期講習,ガンバ 家庭教師 夏期講習,値あり,
家庭教師のガンバ,ガンバ 家庭教師,追加：SERP・サジェスト由来,意味ない,ガンバ 家庭教師 意味ない,値あり,
家庭教師のガンバ,ガンバ 家庭教師,追加：SERP・サジェスト由来,バイト,ガンバ 家庭教師 バイト,値あり,170
家庭教師のガンバ,ガンバ 家庭教師,追加：SERP・サジェスト由来,求人,ガンバ 家庭教師 求人,値あり,
家庭教師のガンバ,ガンバ 家庭教師,追加：KWP KeywordSeed由来,クチコミ,ガンバ 家庭教師 クチコミ,値あり,
家庭教師のガンバ,ガンバ 家庭教師,追加：KWP KeywordSeed由来,やめとけ,ガンバ 家庭教師 やめとけ,値あり,
家庭教師のガンバ,ガンバ 家庭教師,追加：KWP KeywordSeed由来,合格実績,ガンバ 家庭教師 合格実績,値あり,
家庭教師のガンバ,ガンバ 家庭教師,追加：KWP KeywordSeed由来,時間割,ガンバ 家庭教師 時間割,値あり,
家庭教師のガンバ,ガンバ 家庭教師,追加：KWP KeywordSeed由来,キャンペーン,ガンバ 家庭教師 キャンペーン,値あり,
家庭教師のガンバ,ガンバ 家庭教師,追加：KWP KeywordSeed由来,割引,ガンバ 家庭教師 割引,値あり,
家庭教師のガンバ,ガンバ 家庭教師,追加：KWP KeywordSeed由来,コース,ガンバ 家庭教師 コース,値あり,
家庭教師のガンバ,ガンバ 家庭教師,追加：KWP KeywordSeed由来,春期講習,ガンバ 家庭教師 春期講習,値あり,
家庭教師のガンバ,ガンバ 家庭教師,追加：KWP KeywordSeed由来,冬期講習,ガンバ 家庭教師 冬期講習,値あり,
家庭教師のガンバ,ガンバ 家庭教師,追加：KWP KeywordSeed由来,電話番号,ガンバ 家庭教師 電話番号,値あり,
家庭教師のガンバ,ガンバ 家庭教師,追加：KWP KeywordSeed由来,ホームページ,ガンバ 家庭教師 ホームページ,値あり,
家庭教師のガンバ,ガンバ 家庭教師,追加：KWP KeywordSeed由来,株式会社,ガンバ 家庭教師 株式会社,値あり,
家庭教師のガンバ,ガンバ 家庭教師,追加：KWP KeywordSeed由来,講師,ガンバ 家庭教師 講師,値あり,
家庭教師のガンバ,ガンバ 家庭教師,追加：KWP KeywordSeed由来,とは,ガンバ 家庭教師 とは,値あり,
家庭教師のやる気アシスト,やる気アシスト,評判・第三者評価,口コミ,やる気アシスト 口コミ,値あり,
家庭教師のやる気アシスト,やる気アシスト,評判・第三者評価,評判,やる気アシスト 評判,値あり,10
家庭教師のやる気アシスト,やる気アシスト,評判・第三者評価,レビュー,やる気アシスト レビュー,値あり,
家庭教師のやる気アシスト,やる気アシスト,評判・第三者評価,体験談,やる気アシスト 体験談,値あり,
家庭教師のやる気アシスト,やる気アシスト,評判・第三者評価,感想,やる気アシスト 感想,値あり,
家庭教師のやる気アシスト,やる気アシスト,評判・第三者評価,評価,やる気アシスト 評価,値あり,
家庭教師のやる気アシスト,やる気アシスト,料金・契約,料金,やる気アシスト 料金,値あり,
家庭教師のやる気アシスト,やる気アシスト,料金・契約,費用,やる気アシスト 費用,値あり,
家庭教師のやる気アシスト,やる気アシスト,料金・契約,月謝,やる気アシスト 月謝,値あり,
家庭教師のやる気アシスト,やる気アシスト,料金・契約,値段,やる気アシスト 値段,値あり,
家庭教師のやる気アシスト,やる気アシスト,料金・契約,価格,やる気アシスト 価格,値あり,
家庭教師のやる気アシスト,やる気アシスト,料金・契約,入会金,やる気アシスト 入会金,値あり,
家庭教師のやる気アシスト,やる気アシスト,料金・契約,教材費,やる気アシスト 教材費,値あり,
家庭教師のやる気アシスト,やる気アシスト,料金・契約,高い,やる気アシスト 高い,値あり,
家庭教師のやる気アシスト,やる気アシスト,料金・契約,安い,やる気アシスト 安い,値あり,
家庭教師のやる気アシスト,やる気アシスト,比較・選択,比較,やる気アシスト 比較,値あり,
家庭教師のやる気アシスト,やる気アシスト,比較・選択,違い,やる気アシスト 違い,値あり,
家庭教師のやる気アシスト,やる気アシスト,比較・選択,どっち,やる気アシスト どっち,値あり,
家庭教師のやる気アシスト,やる気アシスト,比較・選択,おすすめ,やる気アシスト おすすめ,値あり,
家庭教師のやる気アシスト,やる気アシスト,比較・選択,他社,やる気アシスト 他社,値あり,
家庭教師のやる気アシスト,やる気アシスト,比較・選択,ランキング,やる気アシスト ランキング,値あり,
家庭教師のやる気アシスト,やる気アシスト,不安・ネガティブ確認,デメリット,やる気アシスト デメリット,値あり,
家庭教師のやる気アシスト,やる気アシスト,不安・ネガティブ確認,メリット,やる気アシスト メリット,値あり,
家庭教師のやる気アシスト,やる気アシスト,不安・ネガティブ確認,怪しい,やる気アシスト 怪しい,値あり,
家庭教師のやる気アシスト,やる気アシスト,不安・ネガティブ確認,最悪,やる気アシスト 最悪,値あり,
家庭教師のやる気アシスト,やる気アシスト,不安・ネガティブ確認,失敗,やる気アシスト 失敗,値あり,
家庭教師のやる気アシスト,やる気アシスト,不安・ネガティブ確認,後悔,やる気アシスト 後悔,値あり,
家庭教師のやる気アシスト,やる気アシスト,不安・ネガティブ確認,合わない,やる気アシスト 合わない,値あり,
家庭教師のやる気アシスト,やる気アシスト,不安・ネガティブ確認,向いてない,やる気アシスト 向いてない,値あり,
家庭教師のやる気アシスト,やる気アシスト,不安・ネガティブ確認,やめたい,やる気アシスト やめたい,値あり,
家庭教師のやる気アシスト,やる気アシスト,不安・ネガティブ確認,辞めたい,やる気アシスト 辞めたい,値あり,
家庭教師のやる気アシスト,やる気アシスト,不安・ネガティブ確認,退会,やる気アシスト 退会,値あり,
家庭教師のやる気アシスト,やる気アシスト,不安・ネガティブ確認,解約,やる気アシスト 解約,値あり,
家庭教師のやる気アシスト,やる気アシスト,申込直前,無料体験,やる気アシスト 無料体験,値あり,
家庭教師のやる気アシスト,やる気アシスト,申込直前,体験,やる気アシスト 体験,値あり,
家庭教師のやる気アシスト,やる気アシスト,申込直前,体験授業,やる気アシスト 体験授業,値あり,
家庭教師のやる気アシスト,やる気アシスト,申込直前,無料相談,やる気アシスト 無料相談,値あり,
家庭教師のやる気アシスト,やる気アシスト,申込直前,資料請求,やる気アシスト 資料請求,値あり,
家庭教師のやる気アシスト,やる気アシスト,申込直前,申し込み,やる気アシスト 申し込み,値あり,
家庭教師のやる気アシスト,やる気アシスト,申込直前,入会,やる気アシスト 入会,値あり,
家庭教師のやる気アシスト,やる気アシスト,発達特性との相性,発達障害,やる気アシスト 発達障害,値あり,
家庭教師のやる気アシスト,やる気アシスト,発達特性との相性,発達障がい,やる気アシスト 発達障がい,値あり,
家庭教師のやる気アシスト,やる気アシスト,発達特性との相性,グレーゾーン,やる気アシスト グレーゾーン,値あり,
家庭教師のやる気アシスト,やる気アシスト,発達特性との相性,ADHD,やる気アシスト ADHD,値あり,
家庭教師のやる気アシスト,やる気アシスト,発達特性との相性,ASD,やる気アシスト ASD,値あり,
家庭教師のやる気アシスト,やる気アシスト,発達特性との相性,自閉症,やる気アシスト 自閉症,値あり,
家庭教師のやる気アシスト,やる気アシスト,発達特性との相性,LD,やる気アシスト LD,値あり,
家庭教師のやる気アシスト,やる気アシスト,発達特性との相性,学習障害,やる気アシスト 学習障害,値あり,
家庭教師のやる気アシスト,やる気アシスト,発達特性との相性,境界知能,やる気アシスト 境界知能,値あり,
家庭教師のやる気アシスト,やる気アシスト,発達特性との相性,不登校,やる気アシスト 不登校,値あり,
家庭教師のやる気アシスト,やる気アシスト,対象・用途,小学生,やる気アシスト 小学生,値あり,
家庭教師のやる気アシスト,やる気アシスト,対象・用途,中学生,やる気アシスト 中学生,値あり,
家庭教師のやる気アシスト,やる気アシスト,対象・用途,高校生,やる気アシスト 高校生,値あり,
家庭教師のやる気アシスト,やる気アシスト,対象・用途,高校受験,やる気アシスト 高校受験,値あり,
家庭教師のやる気アシスト,やる気アシスト,対象・用途,中学受験,やる気アシスト 中学受験,値あり,
家庭教師のやる気アシスト,やる気アシスト,対象・用途,大学受験,やる気アシスト 大学受験,値あり,
家庭教師のやる気アシスト,やる気アシスト,追加：SERP・サジェスト由来,評判 悪い,やる気アシスト 評判 悪い,値あり,
家庭教師のやる気アシスト,やる気アシスト,追加：SERP・サジェスト由来,やばい,やる気アシスト やばい,値あり,
家庭教師のやる気アシスト,やる気アシスト,追加：SERP・サジェスト由来,知恵袋,やる気アシスト 知恵袋,値あり,
家庭教師のやる気アシスト,やる気アシスト,追加：SERP・サジェスト由来,2ch,やる気アシスト 2ch,値あり,
家庭教師のやる気アシスト,やる気アシスト,追加：SERP・サジェスト由来,料金表,やる気アシスト 料金表,値あり,
家庭教師のやる気アシスト,やる気アシスト,追加：SERP・サジェスト由来,授業料,やる気アシスト 授業料,値あり,
家庭教師のやる気アシスト,やる気アシスト,追加：SERP・サジェスト由来,夏期講習,やる気アシスト 夏期講習,値あり,
家庭教師のやる気アシスト,やる気アシスト,追加：SERP・サジェスト由来,意味ない,やる気アシスト 意味ない,値あり,
家庭教師のやる気アシスト,やる気アシスト,追加：SERP・サジェスト由来,バイト,やる気アシスト バイト,値あり,
家庭教師のやる気アシスト,やる気アシスト,追加：SERP・サジェスト由来,求人,やる気アシスト 求人,値あり,
家庭教師のやる気アシスト,やる気アシスト,追加：KWP KeywordSeed由来,クチコミ,やる気アシスト クチコミ,値あり,
家庭教師のやる気アシスト,やる気アシスト,追加：KWP KeywordSeed由来,やめとけ,やる気アシスト やめとけ,値あり,
家庭教師のやる気アシスト,やる気アシスト,追加：KWP KeywordSeed由来,合格実績,やる気アシスト 合格実績,値あり,
家庭教師のやる気アシスト,やる気アシスト,追加：KWP KeywordSeed由来,時間割,やる気アシスト 時間割,値あり,
家庭教師のやる気アシスト,やる気アシスト,追加：KWP KeywordSeed由来,キャンペーン,やる気アシスト キャンペーン,値あり,
家庭教師のやる気アシスト,やる気アシスト,追加：KWP KeywordSeed由来,割引,やる気アシスト 割引,値あり,
家庭教師のやる気アシスト,やる気アシスト,追加：KWP KeywordSeed由来,コース,やる気アシスト コース,値あり,
家庭教師のやる気アシスト,やる気アシスト,追加：KWP KeywordSeed由来,春期講習,やる気アシスト 春期講習,値あり,
家庭教師のやる気アシスト,やる気アシスト,追加：KWP KeywordSeed由来,冬期講習,やる気アシスト 冬期講習,値あり,
家庭教師のやる気アシスト,やる気アシスト,追加：KWP KeywordSeed由来,電話番号,やる気アシスト 電話番号,値あり,
家庭教師のやる気アシスト,やる気アシスト,追加：KWP KeywordSeed由来,ホームページ,やる気アシスト ホームページ,値あり,
家庭教師のやる気アシスト,やる気アシスト,追加：KWP KeywordSeed由来,株式会社,やる気アシスト 株式会社,値あり,
家庭教師のやる気アシスト,やる気アシスト,追加：KWP KeywordSeed由来,講師,やる気アシスト 講師,値あり,
家庭教師のやる気アシスト,やる気アシスト,追加：KWP KeywordSeed由来,とは,やる気アシスト とは,値あり,
家庭教師のやる気アシスト,やる気アシスト,発達特性×口コミ,発達障害 口コミ,やる気アシスト 発達障害 口コミ,値あり,
家庭教師のやる気アシスト,やる気アシスト,発達特性×口コミ,発達障がい 口コミ,やる気アシスト 発達障がい 口コミ,値あり,
家庭教師のやる気アシスト,やる気アシスト,発達特性×口コミ,グレーゾーン 口コミ,やる気アシスト グレーゾーン 口コミ,値あり,
家庭教師のやる気アシスト,やる気アシスト,発達特性×口コミ,ADHD 口コミ,やる気アシスト ADHD 口コミ,値あり,
家庭教師のやる気アシスト,やる気アシスト,発達特性×口コミ,ASD 口コミ,やる気アシスト ASD 口コミ,値あり,
家庭教師のやる気アシスト,やる気アシスト,発達特性×口コミ,自閉症 口コミ,やる気アシスト 自閉症 口コミ,値あり,
家庭教師のやる気アシスト,やる気アシスト,発達特性×口コミ,LD 口コミ,やる気アシスト LD 口コミ,値あり,
家庭教師のやる気アシスト,やる気アシスト,発達特性×口コミ,学習障害 口コミ,やる気アシスト 学習障害 口コミ,値あり,
家庭教師のやる気アシスト,やる気アシスト,発達特性×口コミ,境界知能 口コミ,やる気アシスト 境界知能 口コミ,値あり,
家庭教師のやる気アシスト,やる気アシスト,発達特性×口コミ,不登校 口コミ,やる気アシスト 不登校 口コミ,値あり,
家庭教師のやる気アシスト,やる気アシスト,発達特性×評判,発達障害 評判,やる気アシスト 発達障害 評判,値あり,
家庭教師のやる気アシスト,やる気アシスト,発達特性×評判,発達障がい 評判,やる気アシスト 発達障がい 評判,値あり,
家庭教師のやる気アシスト,やる気アシスト,発達特性×評判,グレーゾーン 評判,やる気アシスト グレーゾーン 評判,値あり,
家庭教師のやる気アシスト,やる気アシスト,発達特性×評判,ADHD 評判,やる気アシスト ADHD 評判,値あり,
家庭教師のやる気アシスト,やる気アシスト,発達特性×評判,ASD 評判,やる気アシスト ASD 評判,値あり,
家庭教師のやる気アシスト,やる気アシスト,発達特性×評判,自閉症 評判,やる気アシスト 自閉症 評判,値あり,
家庭教師のやる気アシスト,やる気アシスト,発達特性×評判,LD 評判,やる気アシスト LD 評判,値あり,
家庭教師のやる気アシスト,やる気アシスト,発達特性×評判,学習障害 評判,やる気アシスト 学習障害 評判,値あり,
家庭教師のやる気アシスト,やる気アシスト,発達特性×評判,境界知能 評判,やる気アシスト 境界知能 評判,値あり,
家庭教師のやる気アシスト,やる気アシスト,発達特性×評判,不登校 評判,やる気アシスト 不登校 評判,値あり,
家庭教師のやる気アシスト,やる気アシスト,発達特性×料金,発達障害 料金,やる気アシスト 発達障害 料金,値あり,
家庭教師のやる気アシスト,やる気アシスト,発達特性×料金,発達障がい 料金,やる気アシスト 発達障がい 料金,値あり,
家庭教師のやる気アシスト,やる気アシスト,発達特性×料金,グレーゾーン 料金,やる気アシスト グレーゾーン 料金,値あり,
家庭教師のやる気アシスト,やる気アシスト,発達特性×料金,ADHD 料金,やる気アシスト ADHD 料金,値あり,
家庭教師のやる気アシスト,やる気アシスト,発達特性×料金,ASD 料金,やる気アシスト ASD 料金,値あり,
家庭教師のやる気アシスト,やる気アシスト,発達特性×料金,自閉症 料金,やる気アシスト 自閉症 料金,値あり,
家庭教師のやる気アシスト,やる気アシスト,発達特性×料金,LD 料金,やる気アシスト LD 料金,値あり,
家庭教師のやる気アシスト,やる気アシスト,発達特性×料金,学習障害 料金,やる気アシスト 学習障害 料金,値あり,
家庭教師のやる気アシスト,やる気アシスト,発達特性×料金,境界知能 料金,やる気アシスト 境界知能 料金,値あり,
家庭教師のやる気アシスト,やる気アシスト,発達特性×料金,不登校 料金,やる気アシスト 不登校 料金,値あり,
家庭教師のやる気アシスト,家庭教師のやる気アシスト,評判・第三者評価,口コミ,家庭教師のやる気アシスト 口コミ,値あり,
家庭教師のやる気アシスト,家庭教師のやる気アシスト,評判・第三者評価,評判,家庭教師のやる気アシスト 評判,値あり,10
家庭教師のやる気アシスト,家庭教師のやる気アシスト,評判・第三者評価,レビュー,家庭教師のやる気アシスト レビュー,値あり,
家庭教師のやる気アシスト,家庭教師のやる気アシスト,評判・第三者評価,体験談,家庭教師のやる気アシスト 体験談,値あり,
家庭教師のやる気アシスト,家庭教師のやる気アシスト,評判・第三者評価,感想,家庭教師のやる気アシスト 感想,値あり,
家庭教師のやる気アシスト,家庭教師のやる気アシスト,評判・第三者評価,評価,家庭教師のやる気アシスト 評価,値あり,
家庭教師のやる気アシスト,家庭教師のやる気アシスト,料金・契約,料金,家庭教師のやる気アシスト 料金,値あり,
家庭教師のやる気アシスト,家庭教師のやる気アシスト,料金・契約,費用,家庭教師のやる気アシスト 費用,値あり,
家庭教師のやる気アシスト,家庭教師のやる気アシスト,料金・契約,月謝,家庭教師のやる気アシスト 月謝,値あり,
家庭教師のやる気アシスト,家庭教師のやる気アシスト,料金・契約,値段,家庭教師のやる気アシスト 値段,値あり,
家庭教師のやる気アシスト,家庭教師のやる気アシスト,料金・契約,価格,家庭教師のやる気アシスト 価格,値あり,
家庭教師のやる気アシスト,家庭教師のやる気アシスト,料金・契約,入会金,家庭教師のやる気アシスト 入会金,値あり,
家庭教師のやる気アシスト,家庭教師のやる気アシスト,料金・契約,教材費,家庭教師のやる気アシスト 教材費,値あり,
家庭教師のやる気アシスト,家庭教師のやる気アシスト,料金・契約,高い,家庭教師のやる気アシスト 高い,値あり,
家庭教師のやる気アシスト,家庭教師のやる気アシスト,料金・契約,安い,家庭教師のやる気アシスト 安い,値あり,
家庭教師のやる気アシスト,家庭教師のやる気アシスト,比較・選択,比較,家庭教師のやる気アシスト 比較,値あり,
家庭教師のやる気アシスト,家庭教師のやる気アシスト,比較・選択,違い,家庭教師のやる気アシスト 違い,値あり,
家庭教師のやる気アシスト,家庭教師のやる気アシスト,比較・選択,どっち,家庭教師のやる気アシスト どっち,値あり,
家庭教師のやる気アシスト,家庭教師のやる気アシスト,比較・選択,おすすめ,家庭教師のやる気アシスト おすすめ,値あり,
家庭教師のやる気アシスト,家庭教師のやる気アシスト,比較・選択,他社,家庭教師のやる気アシスト 他社,値あり,
家庭教師のやる気アシスト,家庭教師のやる気アシスト,比較・選択,ランキング,家庭教師のやる気アシスト ランキング,値あり,
家庭教師のやる気アシスト,家庭教師のやる気アシスト,不安・ネガティブ確認,デメリット,家庭教師のやる気アシスト デメリット,値あり,
家庭教師のやる気アシスト,家庭教師のやる気アシスト,不安・ネガティブ確認,メリット,家庭教師のやる気アシスト メリット,値あり,
家庭教師のやる気アシスト,家庭教師のやる気アシスト,不安・ネガティブ確認,怪しい,家庭教師のやる気アシスト 怪しい,値あり,
家庭教師のやる気アシスト,家庭教師のやる気アシスト,不安・ネガティブ確認,最悪,家庭教師のやる気アシスト 最悪,値あり,
家庭教師のやる気アシスト,家庭教師のやる気アシスト,不安・ネガティブ確認,失敗,家庭教師のやる気アシスト 失敗,値あり,
家庭教師のやる気アシスト,家庭教師のやる気アシスト,不安・ネガティブ確認,後悔,家庭教師のやる気アシスト 後悔,値あり,
家庭教師のやる気アシスト,家庭教師のやる気アシスト,不安・ネガティブ確認,合わない,家庭教師のやる気アシスト 合わない,値あり,
家庭教師のやる気アシスト,家庭教師のやる気アシスト,不安・ネガティブ確認,向いてない,家庭教師のやる気アシスト 向いてない,値あり,
家庭教師のやる気アシスト,家庭教師のやる気アシスト,不安・ネガティブ確認,やめたい,家庭教師のやる気アシスト やめたい,値あり,
家庭教師のやる気アシスト,家庭教師のやる気アシスト,不安・ネガティブ確認,辞めたい,家庭教師のやる気アシスト 辞めたい,値あり,
家庭教師のやる気アシスト,家庭教師のやる気アシスト,不安・ネガティブ確認,退会,家庭教師のやる気アシスト 退会,値あり,
家庭教師のやる気アシスト,家庭教師のやる気アシスト,不安・ネガティブ確認,解約,家庭教師のやる気アシスト 解約,値あり,
家庭教師のやる気アシスト,家庭教師のやる気アシスト,申込直前,無料体験,家庭教師のやる気アシスト 無料体験,値あり,
家庭教師のやる気アシスト,家庭教師のやる気アシスト,申込直前,体験,家庭教師のやる気アシスト 体験,値あり,
家庭教師のやる気アシスト,家庭教師のやる気アシスト,申込直前,体験授業,家庭教師のやる気アシスト 体験授業,値あり,
家庭教師のやる気アシスト,家庭教師のやる気アシスト,申込直前,無料相談,家庭教師のやる気アシスト 無料相談,値あり,
家庭教師のやる気アシスト,家庭教師のやる気アシスト,申込直前,資料請求,家庭教師のやる気アシスト 資料請求,値あり,
家庭教師のやる気アシスト,家庭教師のやる気アシスト,申込直前,申し込み,家庭教師のやる気アシスト 申し込み,値あり,
家庭教師のやる気アシスト,家庭教師のやる気アシスト,申込直前,入会,家庭教師のやる気アシスト 入会,値あり,
家庭教師のやる気アシスト,家庭教師のやる気アシスト,発達特性との相性,発達障害,家庭教師のやる気アシスト 発達障害,値あり,
家庭教師のやる気アシスト,家庭教師のやる気アシスト,発達特性との相性,発達障がい,家庭教師のやる気アシスト 発達障がい,値あり,
家庭教師のやる気アシスト,家庭教師のやる気アシスト,発達特性との相性,グレーゾーン,家庭教師のやる気アシスト グレーゾーン,値あり,
家庭教師のやる気アシスト,家庭教師のやる気アシスト,発達特性との相性,ADHD,家庭教師のやる気アシスト ADHD,値あり,
家庭教師のやる気アシスト,家庭教師のやる気アシスト,発達特性との相性,ASD,家庭教師のやる気アシスト ASD,値あり,
家庭教師のやる気アシスト,家庭教師のやる気アシスト,発達特性との相性,自閉症,家庭教師のやる気アシスト 自閉症,値あり,
家庭教師のやる気アシスト,家庭教師のやる気アシスト,発達特性との相性,LD,家庭教師のやる気アシスト LD,値あり,
家庭教師のやる気アシスト,家庭教師のやる気アシスト,発達特性との相性,学習障害,家庭教師のやる気アシスト 学習障害,値あり,
家庭教師のやる気アシスト,家庭教師のやる気アシスト,発達特性との相性,境界知能,家庭教師のやる気アシスト 境界知能,値あり,
家庭教師のやる気アシスト,家庭教師のやる気アシスト,発達特性との相性,不登校,家庭教師のやる気アシスト 不登校,値あり,
家庭教師のやる気アシスト,家庭教師のやる気アシスト,対象・用途,小学生,家庭教師のやる気アシスト 小学生,値あり,
家庭教師のやる気アシスト,家庭教師のやる気アシスト,対象・用途,中学生,家庭教師のやる気アシスト 中学生,値あり,
家庭教師のやる気アシスト,家庭教師のやる気アシスト,対象・用途,高校生,家庭教師のやる気アシスト 高校生,値あり,
家庭教師のやる気アシスト,家庭教師のやる気アシスト,対象・用途,高校受験,家庭教師のやる気アシスト 高校受験,値あり,
家庭教師のやる気アシスト,家庭教師のやる気アシスト,対象・用途,中学受験,家庭教師のやる気アシスト 中学受験,値あり,
家庭教師のやる気アシスト,家庭教師のやる気アシスト,対象・用途,大学受験,家庭教師のやる気アシスト 大学受験,値あり,
家庭教師のやる気アシスト,家庭教師のやる気アシスト,追加：SERP・サジェスト由来,評判 悪い,家庭教師のやる気アシスト 評判 悪い,値あり,
家庭教師のやる気アシスト,家庭教師のやる気アシスト,追加：SERP・サジェスト由来,やばい,家庭教師のやる気アシスト やばい,値あり,
家庭教師のやる気アシスト,家庭教師のやる気アシスト,追加：SERP・サジェスト由来,知恵袋,家庭教師のやる気アシスト 知恵袋,値あり,
家庭教師のやる気アシスト,家庭教師のやる気アシスト,追加：SERP・サジェスト由来,2ch,家庭教師のやる気アシスト 2ch,値あり,
家庭教師のやる気アシスト,家庭教師のやる気アシスト,追加：SERP・サジェスト由来,料金表,家庭教師のやる気アシスト 料金表,値あり,
家庭教師のやる気アシスト,家庭教師のやる気アシスト,追加：SERP・サジェスト由来,授業料,家庭教師のやる気アシスト 授業料,値あり,
家庭教師のやる気アシスト,家庭教師のやる気アシスト,追加：SERP・サジェスト由来,夏期講習,家庭教師のやる気アシスト 夏期講習,値あり,
家庭教師のやる気アシスト,家庭教師のやる気アシスト,追加：SERP・サジェスト由来,意味ない,家庭教師のやる気アシスト 意味ない,値あり,
家庭教師のやる気アシスト,家庭教師のやる気アシスト,追加：SERP・サジェスト由来,バイト,家庭教師のやる気アシスト バイト,値あり,10
家庭教師のやる気アシスト,家庭教師のやる気アシスト,追加：SERP・サジェスト由来,求人,家庭教師のやる気アシスト 求人,値あり,
家庭教師のやる気アシスト,家庭教師のやる気アシスト,追加：KWP KeywordSeed由来,クチコミ,家庭教師のやる気アシスト クチコミ,値あり,
家庭教師のやる気アシスト,家庭教師のやる気アシスト,追加：KWP KeywordSeed由来,やめとけ,家庭教師のやる気アシスト やめとけ,値あり,
家庭教師のやる気アシスト,家庭教師のやる気アシスト,追加：KWP KeywordSeed由来,合格実績,家庭教師のやる気アシスト 合格実績,値あり,
家庭教師のやる気アシスト,家庭教師のやる気アシスト,追加：KWP KeywordSeed由来,時間割,家庭教師のやる気アシスト 時間割,値あり,
家庭教師のやる気アシスト,家庭教師のやる気アシスト,追加：KWP KeywordSeed由来,キャンペーン,家庭教師のやる気アシスト キャンペーン,値あり,
家庭教師のやる気アシスト,家庭教師のやる気アシスト,追加：KWP KeywordSeed由来,割引,家庭教師のやる気アシスト 割引,値あり,
家庭教師のやる気アシスト,家庭教師のやる気アシスト,追加：KWP KeywordSeed由来,コース,家庭教師のやる気アシスト コース,値あり,
家庭教師のやる気アシスト,家庭教師のやる気アシスト,追加：KWP KeywordSeed由来,春期講習,家庭教師のやる気アシスト 春期講習,値あり,
家庭教師のやる気アシスト,家庭教師のやる気アシスト,追加：KWP KeywordSeed由来,冬期講習,家庭教師のやる気アシスト 冬期講習,値あり,
家庭教師のやる気アシスト,家庭教師のやる気アシスト,追加：KWP KeywordSeed由来,電話番号,家庭教師のやる気アシスト 電話番号,値あり,
家庭教師のやる気アシスト,家庭教師のやる気アシスト,追加：KWP KeywordSeed由来,ホームページ,家庭教師のやる気アシスト ホームページ,値あり,
家庭教師のやる気アシスト,家庭教師のやる気アシスト,追加：KWP KeywordSeed由来,株式会社,家庭教師のやる気アシスト 株式会社,値あり,
家庭教師のやる気アシスト,家庭教師のやる気アシスト,追加：KWP KeywordSeed由来,講師,家庭教師のやる気アシスト 講師,値あり,
家庭教師のやる気アシスト,家庭教師のやる気アシスト,追加：KWP KeywordSeed由来,とは,家庭教師のやる気アシスト とは,値あり,
家庭教師のマスター,家庭教師のマスター,評判・第三者評価,口コミ,家庭教師のマスター 口コミ,値あり,210
家庭教師のマスター,家庭教師のマスター,評判・第三者評価,評判,家庭教師のマスター 評判,値あり,50
家庭教師のマスター,家庭教師のマスター,評判・第三者評価,レビュー,家庭教師のマスター レビュー,値あり,
家庭教師のマスター,家庭教師のマスター,評判・第三者評価,体験談,家庭教師のマスター 体験談,値あり,
家庭教師のマスター,家庭教師のマスター,評判・第三者評価,感想,家庭教師のマスター 感想,値あり,
家庭教師のマスター,家庭教師のマスター,評判・第三者評価,評価,家庭教師のマスター 評価,値あり,10
家庭教師のマスター,家庭教師のマスター,料金・契約,料金,家庭教師のマスター 料金,値あり,20
家庭教師のマスター,家庭教師のマスター,料金・契約,費用,家庭教師のマスター 費用,値あり,
家庭教師のマスター,家庭教師のマスター,料金・契約,月謝,家庭教師のマスター 月謝,値あり,
家庭教師のマスター,家庭教師のマスター,料金・契約,値段,家庭教師のマスター 値段,値あり,
家庭教師のマスター,家庭教師のマスター,料金・契約,価格,家庭教師のマスター 価格,値あり,
家庭教師のマスター,家庭教師のマスター,料金・契約,入会金,家庭教師のマスター 入会金,値あり,10
家庭教師のマスター,家庭教師のマスター,料金・契約,教材費,家庭教師のマスター 教材費,値あり,10
家庭教師のマスター,家庭教師のマスター,料金・契約,高い,家庭教師のマスター 高い,値あり,
家庭教師のマスター,家庭教師のマスター,料金・契約,安い,家庭教師のマスター 安い,値あり,
家庭教師のマスター,家庭教師のマスター,比較・選択,比較,家庭教師のマスター 比較,値あり,
家庭教師のマスター,家庭教師のマスター,比較・選択,違い,家庭教師のマスター 違い,値あり,
家庭教師のマスター,家庭教師のマスター,比較・選択,どっち,家庭教師のマスター どっち,値あり,
家庭教師のマスター,家庭教師のマスター,比較・選択,おすすめ,家庭教師のマスター おすすめ,値あり,
家庭教師のマスター,家庭教師のマスター,比較・選択,他社,家庭教師のマスター 他社,値あり,
家庭教師のマスター,家庭教師のマスター,比較・選択,ランキング,家庭教師のマスター ランキング,値あり,
家庭教師のマスター,家庭教師のマスター,不安・ネガティブ確認,デメリット,家庭教師のマスター デメリット,値あり,
家庭教師のマスター,家庭教師のマスター,不安・ネガティブ確認,メリット,家庭教師のマスター メリット,値あり,
家庭教師のマスター,家庭教師のマスター,不安・ネガティブ確認,怪しい,家庭教師のマスター 怪しい,値あり,
家庭教師のマスター,家庭教師のマスター,不安・ネガティブ確認,最悪,家庭教師のマスター 最悪,値あり,
家庭教師のマスター,家庭教師のマスター,不安・ネガティブ確認,失敗,家庭教師のマスター 失敗,値あり,
家庭教師のマスター,家庭教師のマスター,不安・ネガティブ確認,後悔,家庭教師のマスター 後悔,値あり,
家庭教師のマスター,家庭教師のマスター,不安・ネガティブ確認,合わない,家庭教師のマスター 合わない,値あり,
家庭教師のマスター,家庭教師のマスター,不安・ネガティブ確認,向いてない,家庭教師のマスター 向いてない,値あり,
家庭教師のマスター,家庭教師のマスター,不安・ネガティブ確認,やめたい,家庭教師のマスター やめたい,値あり,
家庭教師のマスター,家庭教師のマスター,不安・ネガティブ確認,辞めたい,家庭教師のマスター 辞めたい,値あり,
家庭教師のマスター,家庭教師のマスター,不安・ネガティブ確認,退会,家庭教師のマスター 退会,値あり,10
家庭教師のマスター,家庭教師のマスター,不安・ネガティブ確認,解約,家庭教師のマスター 解約,値あり,10
家庭教師のマスター,家庭教師のマスター,申込直前,無料体験,家庭教師のマスター 無料体験,値あり,
家庭教師のマスター,家庭教師のマスター,申込直前,体験,家庭教師のマスター 体験,値あり,
家庭教師のマスター,家庭教師のマスター,申込直前,体験授業,家庭教師のマスター 体験授業,値あり,
家庭教師のマスター,家庭教師のマスター,申込直前,無料相談,家庭教師のマスター 無料相談,値あり,
家庭教師のマスター,家庭教師のマスター,申込直前,資料請求,家庭教師のマスター 資料請求,値あり,
家庭教師のマスター,家庭教師のマスター,申込直前,申し込み,家庭教師のマスター 申し込み,値あり,
家庭教師のマスター,家庭教師のマスター,申込直前,入会,家庭教師のマスター 入会,値あり,
家庭教師のマスター,家庭教師のマスター,発達特性との相性,発達障害,家庭教師のマスター 発達障害,値あり,
家庭教師のマスター,家庭教師のマスター,発達特性との相性,発達障がい,家庭教師のマスター 発達障がい,値あり,
家庭教師のマスター,家庭教師のマスター,発達特性との相性,グレーゾーン,家庭教師のマスター グレーゾーン,値あり,
家庭教師のマスター,家庭教師のマスター,発達特性との相性,ADHD,家庭教師のマスター ADHD,値あり,
家庭教師のマスター,家庭教師のマスター,発達特性との相性,ASD,家庭教師のマスター ASD,値あり,
家庭教師のマスター,家庭教師のマスター,発達特性との相性,自閉症,家庭教師のマスター 自閉症,値あり,
家庭教師のマスター,家庭教師のマスター,発達特性との相性,LD,家庭教師のマスター LD,値あり,
家庭教師のマスター,家庭教師のマスター,発達特性との相性,学習障害,家庭教師のマスター 学習障害,値あり,
家庭教師のマスター,家庭教師のマスター,発達特性との相性,境界知能,家庭教師のマスター 境界知能,値あり,
家庭教師のマスター,家庭教師のマスター,発達特性との相性,不登校,家庭教師のマスター 不登校,値あり,
家庭教師のマスター,家庭教師のマスター,対象・用途,小学生,家庭教師のマスター 小学生,値あり,
家庭教師のマスター,家庭教師のマスター,対象・用途,中学生,家庭教師のマスター 中学生,値あり,
家庭教師のマスター,家庭教師のマスター,対象・用途,高校生,家庭教師のマスター 高校生,値あり,
家庭教師のマスター,家庭教師のマスター,対象・用途,高校受験,家庭教師のマスター 高校受験,値あり,
家庭教師のマスター,家庭教師のマスター,対象・用途,中学受験,家庭教師のマスター 中学受験,値あり,
家庭教師のマスター,家庭教師のマスター,対象・用途,大学受験,家庭教師のマスター 大学受験,値あり,
家庭教師のマスター,家庭教師のマスター,追加：SERP・サジェスト由来,評判 悪い,家庭教師のマスター 評判 悪い,値あり,
家庭教師のマスター,家庭教師のマスター,追加：SERP・サジェスト由来,やばい,家庭教師のマスター やばい,値あり,110
家庭教師のマスター,家庭教師のマスター,追加：SERP・サジェスト由来,知恵袋,家庭教師のマスター 知恵袋,値あり,10
家庭教師のマスター,家庭教師のマスター,追加：SERP・サジェスト由来,2ch,家庭教師のマスター 2ch,値あり,0
家庭教師のマスター,家庭教師のマスター,追加：SERP・サジェスト由来,料金表,家庭教師のマスター 料金表,値あり,
家庭教師のマスター,家庭教師のマスター,追加：SERP・サジェスト由来,授業料,家庭教師のマスター 授業料,値あり,
家庭教師のマスター,家庭教師のマスター,追加：SERP・サジェスト由来,夏期講習,家庭教師のマスター 夏期講習,値あり,10
家庭教師のマスター,家庭教師のマスター,追加：SERP・サジェスト由来,意味ない,家庭教師のマスター 意味ない,値あり,
家庭教師のマスター,家庭教師のマスター,追加：SERP・サジェスト由来,バイト,家庭教師のマスター バイト,値あり,70
家庭教師のマスター,家庭教師のマスター,追加：SERP・サジェスト由来,求人,家庭教師のマスター 求人,値あり,10
家庭教師のマスター,家庭教師のマスター,追加：KWP KeywordSeed由来,クチコミ,家庭教師のマスター クチコミ,値あり,
家庭教師のマスター,家庭教師のマスター,追加：KWP KeywordSeed由来,やめとけ,家庭教師のマスター やめとけ,値あり,
家庭教師のマスター,家庭教師のマスター,追加：KWP KeywordSeed由来,合格実績,家庭教師のマスター 合格実績,値あり,
家庭教師のマスター,家庭教師のマスター,追加：KWP KeywordSeed由来,時間割,家庭教師のマスター 時間割,値あり,
家庭教師のマスター,家庭教師のマスター,追加：KWP KeywordSeed由来,キャンペーン,家庭教師のマスター キャンペーン,値あり,
家庭教師のマスター,家庭教師のマスター,追加：KWP KeywordSeed由来,割引,家庭教師のマスター 割引,値あり,
家庭教師のマスター,家庭教師のマスター,追加：KWP KeywordSeed由来,コース,家庭教師のマスター コース,値あり,
家庭教師のマスター,家庭教師のマスター,追加：KWP KeywordSeed由来,春期講習,家庭教師のマスター 春期講習,値あり,
家庭教師のマスター,家庭教師のマスター,追加：KWP KeywordSeed由来,冬期講習,家庭教師のマスター 冬期講習,値あり,
家庭教師のマスター,家庭教師のマスター,追加：KWP KeywordSeed由来,電話番号,家庭教師のマスター 電話番号,値あり,10
家庭教師のマスター,家庭教師のマスター,追加：KWP KeywordSeed由来,ホームページ,家庭教師のマスター ホームページ,値あり,
家庭教師のマスター,家庭教師のマスター,追加：KWP KeywordSeed由来,株式会社,家庭教師のマスター 株式会社,値あり,
家庭教師のマスター,家庭教師のマスター,追加：KWP KeywordSeed由来,講師,家庭教師のマスター 講師,値あり,
家庭教師のマスター,家庭教師のマスター,追加：KWP KeywordSeed由来,とは,家庭教師のマスター とは,値あり,
家庭教師のマスター,家庭教師のマスター,発達特性×口コミ,発達障害 口コミ,家庭教師のマスター 発達障害 口コミ,値あり,
家庭教師のマスター,家庭教師のマスター,発達特性×口コミ,発達障がい 口コミ,家庭教師のマスター 発達障がい 口コミ,値あり,
家庭教師のマスター,家庭教師のマスター,発達特性×口コミ,グレーゾーン 口コミ,家庭教師のマスター グレーゾーン 口コミ,値あり,
家庭教師のマスター,家庭教師のマスター,発達特性×口コミ,ADHD 口コミ,家庭教師のマスター ADHD 口コミ,値あり,
家庭教師のマスター,家庭教師のマスター,発達特性×口コミ,ASD 口コミ,家庭教師のマスター ASD 口コミ,値あり,
家庭教師のマスター,家庭教師のマスター,発達特性×口コミ,自閉症 口コミ,家庭教師のマスター 自閉症 口コミ,値あり,
家庭教師のマスター,家庭教師のマスター,発達特性×口コミ,LD 口コミ,家庭教師のマスター LD 口コミ,値あり,
家庭教師のマスター,家庭教師のマスター,発達特性×口コミ,学習障害 口コミ,家庭教師のマスター 学習障害 口コミ,値あり,
家庭教師のマスター,家庭教師のマスター,発達特性×口コミ,境界知能 口コミ,家庭教師のマスター 境界知能 口コミ,値あり,
家庭教師のマスター,家庭教師のマスター,発達特性×口コミ,不登校 口コミ,家庭教師のマスター 不登校 口コミ,値あり,
家庭教師のマスター,家庭教師のマスター,発達特性×評判,発達障害 評判,家庭教師のマスター 発達障害 評判,値あり,
家庭教師のマスター,家庭教師のマスター,発達特性×評判,発達障がい 評判,家庭教師のマスター 発達障がい 評判,値あり,
家庭教師のマスター,家庭教師のマスター,発達特性×評判,グレーゾーン 評判,家庭教師のマスター グレーゾーン 評判,値あり,
家庭教師のマスター,家庭教師のマスター,発達特性×評判,ADHD 評判,家庭教師のマスター ADHD 評判,値あり,
家庭教師のマスター,家庭教師のマスター,発達特性×評判,ASD 評判,家庭教師のマスター ASD 評判,値あり,
家庭教師のマスター,家庭教師のマスター,発達特性×評判,自閉症 評判,家庭教師のマスター 自閉症 評判,値あり,
家庭教師のマスター,家庭教師のマスター,発達特性×評判,LD 評判,家庭教師のマスター LD 評判,値あり,
家庭教師のマスター,家庭教師のマスター,発達特性×評判,学習障害 評判,家庭教師のマスター 学習障害 評判,値あり,
家庭教師のマスター,家庭教師のマスター,発達特性×評判,境界知能 評判,家庭教師のマスター 境界知能 評判,値あり,
家庭教師のマスター,家庭教師のマスター,発達特性×評判,不登校 評判,家庭教師のマスター 不登校 評判,値あり,
家庭教師のマスター,家庭教師のマスター,発達特性×料金,発達障害 料金,家庭教師のマスター 発達障害 料金,値あり,
家庭教師のマスター,家庭教師のマスター,発達特性×料金,発達障がい 料金,家庭教師のマスター 発達障がい 料金,値あり,
家庭教師のマスター,家庭教師のマスター,発達特性×料金,グレーゾーン 料金,家庭教師のマスター グレーゾーン 料金,値あり,
家庭教師のマスター,家庭教師のマスター,発達特性×料金,ADHD 料金,家庭教師のマスター ADHD 料金,値あり,
家庭教師のマスター,家庭教師のマスター,発達特性×料金,ASD 料金,家庭教師のマスター ASD 料金,値あり,
家庭教師のマスター,家庭教師のマスター,発達特性×料金,自閉症 料金,家庭教師のマスター 自閉症 料金,値あり,
家庭教師のマスター,家庭教師のマスター,発達特性×料金,LD 料金,家庭教師のマスター LD 料金,値あり,
家庭教師のマスター,家庭教師のマスター,発達特性×料金,学習障害 料金,家庭教師のマスター 学習障害 料金,値あり,
家庭教師のマスター,家庭教師のマスター,発達特性×料金,境界知能 料金,家庭教師のマスター 境界知能 料金,値あり,
家庭教師のマスター,家庭教師のマスター,発達特性×料金,不登校 料金,家庭教師のマスター 不登校 料金,値あり,
家庭教師のマスター,マスター 家庭教師,評判・第三者評価,口コミ,マスター 家庭教師 口コミ,値あり,
家庭教師のマスター,マスター 家庭教師,評判・第三者評価,評判,マスター 家庭教師 評判,値あり,50
家庭教師のマスター,マスター 家庭教師,評判・第三者評価,レビュー,マスター 家庭教師 レビュー,値あり,
家庭教師のマスター,マスター 家庭教師,評判・第三者評価,体験談,マスター 家庭教師 体験談,値あり,
家庭教師のマスター,マスター 家庭教師,評判・第三者評価,感想,マスター 家庭教師 感想,値あり,
家庭教師のマスター,マスター 家庭教師,評判・第三者評価,評価,マスター 家庭教師 評価,値あり,
家庭教師のマスター,マスター 家庭教師,料金・契約,料金,マスター 家庭教師 料金,値あり,
家庭教師のマスター,マスター 家庭教師,料金・契約,費用,マスター 家庭教師 費用,値あり,
家庭教師のマスター,マスター 家庭教師,料金・契約,月謝,マスター 家庭教師 月謝,値あり,
家庭教師のマスター,マスター 家庭教師,料金・契約,値段,マスター 家庭教師 値段,値あり,
家庭教師のマスター,マスター 家庭教師,料金・契約,価格,マスター 家庭教師 価格,値あり,
家庭教師のマスター,マスター 家庭教師,料金・契約,入会金,マスター 家庭教師 入会金,値あり,
家庭教師のマスター,マスター 家庭教師,料金・契約,教材費,マスター 家庭教師 教材費,値あり,
家庭教師のマスター,マスター 家庭教師,料金・契約,高い,マスター 家庭教師 高い,値あり,
家庭教師のマスター,マスター 家庭教師,料金・契約,安い,マスター 家庭教師 安い,値あり,
家庭教師のマスター,マスター 家庭教師,比較・選択,比較,マスター 家庭教師 比較,値あり,
家庭教師のマスター,マスター 家庭教師,比較・選択,違い,マスター 家庭教師 違い,値あり,
家庭教師のマスター,マスター 家庭教師,比較・選択,どっち,マスター 家庭教師 どっち,値あり,
家庭教師のマスター,マスター 家庭教師,比較・選択,おすすめ,マスター 家庭教師 おすすめ,値あり,
家庭教師のマスター,マスター 家庭教師,比較・選択,他社,マスター 家庭教師 他社,値あり,
家庭教師のマスター,マスター 家庭教師,比較・選択,ランキング,マスター 家庭教師 ランキング,値あり,
家庭教師のマスター,マスター 家庭教師,不安・ネガティブ確認,デメリット,マスター 家庭教師 デメリット,値あり,
家庭教師のマスター,マスター 家庭教師,不安・ネガティブ確認,メリット,マスター 家庭教師 メリット,値あり,
家庭教師のマスター,マスター 家庭教師,不安・ネガティブ確認,怪しい,マスター 家庭教師 怪しい,値あり,
家庭教師のマスター,マスター 家庭教師,不安・ネガティブ確認,最悪,マスター 家庭教師 最悪,値あり,
家庭教師のマスター,マスター 家庭教師,不安・ネガティブ確認,失敗,マスター 家庭教師 失敗,値あり,
家庭教師のマスター,マスター 家庭教師,不安・ネガティブ確認,後悔,マスター 家庭教師 後悔,値あり,
家庭教師のマスター,マスター 家庭教師,不安・ネガティブ確認,合わない,マスター 家庭教師 合わない,値あり,
家庭教師のマスター,マスター 家庭教師,不安・ネガティブ確認,向いてない,マスター 家庭教師 向いてない,値あり,
家庭教師のマスター,マスター 家庭教師,不安・ネガティブ確認,やめたい,マスター 家庭教師 やめたい,値あり,
家庭教師のマスター,マスター 家庭教師,不安・ネガティブ確認,辞めたい,マスター 家庭教師 辞めたい,値あり,
家庭教師のマスター,マスター 家庭教師,不安・ネガティブ確認,退会,マスター 家庭教師 退会,値あり,
家庭教師のマスター,マスター 家庭教師,不安・ネガティブ確認,解約,マスター 家庭教師 解約,値あり,
家庭教師のマスター,マスター 家庭教師,申込直前,無料体験,マスター 家庭教師 無料体験,値あり,
家庭教師のマスター,マスター 家庭教師,申込直前,体験,マスター 家庭教師 体験,値あり,
家庭教師のマスター,マスター 家庭教師,申込直前,体験授業,マスター 家庭教師 体験授業,値あり,
家庭教師のマスター,マスター 家庭教師,申込直前,無料相談,マスター 家庭教師 無料相談,値あり,
家庭教師のマスター,マスター 家庭教師,申込直前,資料請求,マスター 家庭教師 資料請求,値あり,
家庭教師のマスター,マスター 家庭教師,申込直前,申し込み,マスター 家庭教師 申し込み,値あり,
家庭教師のマスター,マスター 家庭教師,申込直前,入会,マスター 家庭教師 入会,値あり,
家庭教師のマスター,マスター 家庭教師,発達特性との相性,発達障害,マスター 家庭教師 発達障害,値あり,
家庭教師のマスター,マスター 家庭教師,発達特性との相性,発達障がい,マスター 家庭教師 発達障がい,値あり,
家庭教師のマスター,マスター 家庭教師,発達特性との相性,グレーゾーン,マスター 家庭教師 グレーゾーン,値あり,
家庭教師のマスター,マスター 家庭教師,発達特性との相性,ADHD,マスター 家庭教師 ADHD,値あり,
家庭教師のマスター,マスター 家庭教師,発達特性との相性,ASD,マスター 家庭教師 ASD,値あり,
家庭教師のマスター,マスター 家庭教師,発達特性との相性,自閉症,マスター 家庭教師 自閉症,値あり,
家庭教師のマスター,マスター 家庭教師,発達特性との相性,LD,マスター 家庭教師 LD,値あり,
家庭教師のマスター,マスター 家庭教師,発達特性との相性,学習障害,マスター 家庭教師 学習障害,値あり,
家庭教師のマスター,マスター 家庭教師,発達特性との相性,境界知能,マスター 家庭教師 境界知能,値あり,
家庭教師のマスター,マスター 家庭教師,発達特性との相性,不登校,マスター 家庭教師 不登校,値あり,
家庭教師のマスター,マスター 家庭教師,対象・用途,小学生,マスター 家庭教師 小学生,値あり,
家庭教師のマスター,マスター 家庭教師,対象・用途,中学生,マスター 家庭教師 中学生,値あり,
家庭教師のマスター,マスター 家庭教師,対象・用途,高校生,マスター 家庭教師 高校生,値あり,
家庭教師のマスター,マスター 家庭教師,対象・用途,高校受験,マスター 家庭教師 高校受験,値あり,
家庭教師のマスター,マスター 家庭教師,対象・用途,中学受験,マスター 家庭教師 中学受験,値あり,
家庭教師のマスター,マスター 家庭教師,対象・用途,大学受験,マスター 家庭教師 大学受験,値あり,
家庭教師のマスター,マスター 家庭教師,追加：SERP・サジェスト由来,評判 悪い,マスター 家庭教師 評判 悪い,値あり,
家庭教師のマスター,マスター 家庭教師,追加：SERP・サジェスト由来,やばい,マスター 家庭教師 やばい,値あり,
家庭教師のマスター,マスター 家庭教師,追加：SERP・サジェスト由来,知恵袋,マスター 家庭教師 知恵袋,値あり,
家庭教師のマスター,マスター 家庭教師,追加：SERP・サジェスト由来,2ch,マスター 家庭教師 2ch,値あり,
家庭教師のマスター,マスター 家庭教師,追加：SERP・サジェスト由来,料金表,マスター 家庭教師 料金表,値あり,
家庭教師のマスター,マスター 家庭教師,追加：SERP・サジェスト由来,授業料,マスター 家庭教師 授業料,値あり,
家庭教師のマスター,マスター 家庭教師,追加：SERP・サジェスト由来,夏期講習,マスター 家庭教師 夏期講習,値あり,
家庭教師のマスター,マスター 家庭教師,追加：SERP・サジェスト由来,意味ない,マスター 家庭教師 意味ない,値あり,
家庭教師のマスター,マスター 家庭教師,追加：SERP・サジェスト由来,バイト,マスター 家庭教師 バイト,値あり,10
家庭教師のマスター,マスター 家庭教師,追加：SERP・サジェスト由来,求人,マスター 家庭教師 求人,値あり,
家庭教師のマスター,マスター 家庭教師,追加：KWP KeywordSeed由来,クチコミ,マスター 家庭教師 クチコミ,値あり,
家庭教師のマスター,マスター 家庭教師,追加：KWP KeywordSeed由来,やめとけ,マスター 家庭教師 やめとけ,値あり,
家庭教師のマスター,マスター 家庭教師,追加：KWP KeywordSeed由来,合格実績,マスター 家庭教師 合格実績,値あり,
家庭教師のマスター,マスター 家庭教師,追加：KWP KeywordSeed由来,時間割,マスター 家庭教師 時間割,値あり,
家庭教師のマスター,マスター 家庭教師,追加：KWP KeywordSeed由来,キャンペーン,マスター 家庭教師 キャンペーン,値あり,
家庭教師のマスター,マスター 家庭教師,追加：KWP KeywordSeed由来,割引,マスター 家庭教師 割引,値あり,
家庭教師のマスター,マスター 家庭教師,追加：KWP KeywordSeed由来,コース,マスター 家庭教師 コース,値あり,
家庭教師のマスター,マスター 家庭教師,追加：KWP KeywordSeed由来,春期講習,マスター 家庭教師 春期講習,値あり,
家庭教師のマスター,マスター 家庭教師,追加：KWP KeywordSeed由来,冬期講習,マスター 家庭教師 冬期講習,値あり,
家庭教師のマスター,マスター 家庭教師,追加：KWP KeywordSeed由来,電話番号,マスター 家庭教師 電話番号,値あり,
家庭教師のマスター,マスター 家庭教師,追加：KWP KeywordSeed由来,ホームページ,マスター 家庭教師 ホームページ,値あり,
家庭教師のマスター,マスター 家庭教師,追加：KWP KeywordSeed由来,株式会社,マスター 家庭教師 株式会社,値あり,
家庭教師のマスター,マスター 家庭教師,追加：KWP KeywordSeed由来,講師,マスター 家庭教師 講師,値あり,
家庭教師のマスター,マスター 家庭教師,追加：KWP KeywordSeed由来,とは,マスター 家庭教師 とは,値あり,
全国家庭教師協会,全国家庭教師協会,評判・第三者評価,口コミ,全国家庭教師協会 口コミ,値あり,30
全国家庭教師協会,全国家庭教師協会,評判・第三者評価,評判,全国家庭教師協会 評判,値あり,10
全国家庭教師協会,全国家庭教師協会,評判・第三者評価,レビュー,全国家庭教師協会 レビュー,値あり,
全国家庭教師協会,全国家庭教師協会,評判・第三者評価,体験談,全国家庭教師協会 体験談,値あり,
全国家庭教師協会,全国家庭教師協会,評判・第三者評価,感想,全国家庭教師協会 感想,値あり,
全国家庭教師協会,全国家庭教師協会,評判・第三者評価,評価,全国家庭教師協会 評価,値あり,
全国家庭教師協会,全国家庭教師協会,料金・契約,料金,全国家庭教師協会 料金,値あり,
全国家庭教師協会,全国家庭教師協会,料金・契約,費用,全国家庭教師協会 費用,値あり,
全国家庭教師協会,全国家庭教師協会,料金・契約,月謝,全国家庭教師協会 月謝,値あり,
全国家庭教師協会,全国家庭教師協会,料金・契約,値段,全国家庭教師協会 値段,値あり,
全国家庭教師協会,全国家庭教師協会,料金・契約,価格,全国家庭教師協会 価格,値あり,
全国家庭教師協会,全国家庭教師協会,料金・契約,入会金,全国家庭教師協会 入会金,値あり,
全国家庭教師協会,全国家庭教師協会,料金・契約,教材費,全国家庭教師協会 教材費,値あり,
全国家庭教師協会,全国家庭教師協会,料金・契約,高い,全国家庭教師協会 高い,値あり,
全国家庭教師協会,全国家庭教師協会,料金・契約,安い,全国家庭教師協会 安い,値あり,
全国家庭教師協会,全国家庭教師協会,比較・選択,比較,全国家庭教師協会 比較,値あり,
全国家庭教師協会,全国家庭教師協会,比較・選択,違い,全国家庭教師協会 違い,値あり,
全国家庭教師協会,全国家庭教師協会,比較・選択,どっち,全国家庭教師協会 どっち,値あり,
全国家庭教師協会,全国家庭教師協会,比較・選択,おすすめ,全国家庭教師協会 おすすめ,値あり,
全国家庭教師協会,全国家庭教師協会,比較・選択,他社,全国家庭教師協会 他社,値あり,
全国家庭教師協会,全国家庭教師協会,比較・選択,ランキング,全国家庭教師協会 ランキング,値あり,
全国家庭教師協会,全国家庭教師協会,不安・ネガティブ確認,デメリット,全国家庭教師協会 デメリット,値あり,
全国家庭教師協会,全国家庭教師協会,不安・ネガティブ確認,メリット,全国家庭教師協会 メリット,値あり,
全国家庭教師協会,全国家庭教師協会,不安・ネガティブ確認,怪しい,全国家庭教師協会 怪しい,値あり,
全国家庭教師協会,全国家庭教師協会,不安・ネガティブ確認,最悪,全国家庭教師協会 最悪,値あり,
全国家庭教師協会,全国家庭教師協会,不安・ネガティブ確認,失敗,全国家庭教師協会 失敗,値あり,
全国家庭教師協会,全国家庭教師協会,不安・ネガティブ確認,後悔,全国家庭教師協会 後悔,値あり,
全国家庭教師協会,全国家庭教師協会,不安・ネガティブ確認,合わない,全国家庭教師協会 合わない,値あり,
全国家庭教師協会,全国家庭教師協会,不安・ネガティブ確認,向いてない,全国家庭教師協会 向いてない,値あり,
全国家庭教師協会,全国家庭教師協会,不安・ネガティブ確認,やめたい,全国家庭教師協会 やめたい,値あり,
全国家庭教師協会,全国家庭教師協会,不安・ネガティブ確認,辞めたい,全国家庭教師協会 辞めたい,値あり,
全国家庭教師協会,全国家庭教師協会,不安・ネガティブ確認,退会,全国家庭教師協会 退会,値あり,
全国家庭教師協会,全国家庭教師協会,不安・ネガティブ確認,解約,全国家庭教師協会 解約,値あり,
全国家庭教師協会,全国家庭教師協会,申込直前,無料体験,全国家庭教師協会 無料体験,値あり,
全国家庭教師協会,全国家庭教師協会,申込直前,体験,全国家庭教師協会 体験,値あり,
全国家庭教師協会,全国家庭教師協会,申込直前,体験授業,全国家庭教師協会 体験授業,値あり,
全国家庭教師協会,全国家庭教師協会,申込直前,無料相談,全国家庭教師協会 無料相談,値あり,
全国家庭教師協会,全国家庭教師協会,申込直前,資料請求,全国家庭教師協会 資料請求,値あり,
全国家庭教師協会,全国家庭教師協会,申込直前,申し込み,全国家庭教師協会 申し込み,値あり,
全国家庭教師協会,全国家庭教師協会,申込直前,入会,全国家庭教師協会 入会,値あり,
全国家庭教師協会,全国家庭教師協会,発達特性との相性,発達障害,全国家庭教師協会 発達障害,値あり,
全国家庭教師協会,全国家庭教師協会,発達特性との相性,発達障がい,全国家庭教師協会 発達障がい,値あり,
全国家庭教師協会,全国家庭教師協会,発達特性との相性,グレーゾーン,全国家庭教師協会 グレーゾーン,値あり,
全国家庭教師協会,全国家庭教師協会,発達特性との相性,ADHD,全国家庭教師協会 ADHD,値あり,
全国家庭教師協会,全国家庭教師協会,発達特性との相性,ASD,全国家庭教師協会 ASD,値あり,
全国家庭教師協会,全国家庭教師協会,発達特性との相性,自閉症,全国家庭教師協会 自閉症,値あり,
全国家庭教師協会,全国家庭教師協会,発達特性との相性,LD,全国家庭教師協会 LD,値あり,
全国家庭教師協会,全国家庭教師協会,発達特性との相性,学習障害,全国家庭教師協会 学習障害,値あり,
全国家庭教師協会,全国家庭教師協会,発達特性との相性,境界知能,全国家庭教師協会 境界知能,値あり,
全国家庭教師協会,全国家庭教師協会,発達特性との相性,不登校,全国家庭教師協会 不登校,値あり,
全国家庭教師協会,全国家庭教師協会,対象・用途,小学生,全国家庭教師協会 小学生,値あり,
全国家庭教師協会,全国家庭教師協会,対象・用途,中学生,全国家庭教師協会 中学生,値あり,
全国家庭教師協会,全国家庭教師協会,対象・用途,高校生,全国家庭教師協会 高校生,値あり,
全国家庭教師協会,全国家庭教師協会,対象・用途,高校受験,全国家庭教師協会 高校受験,値あり,
全国家庭教師協会,全国家庭教師協会,対象・用途,中学受験,全国家庭教師協会 中学受験,値あり,
全国家庭教師協会,全国家庭教師協会,対象・用途,大学受験,全国家庭教師協会 大学受験,値あり,
全国家庭教師協会,全国家庭教師協会,追加：SERP・サジェスト由来,評判 悪い,全国家庭教師協会 評判 悪い,値あり,
全国家庭教師協会,全国家庭教師協会,追加：SERP・サジェスト由来,やばい,全国家庭教師協会 やばい,値あり,
全国家庭教師協会,全国家庭教師協会,追加：SERP・サジェスト由来,知恵袋,全国家庭教師協会 知恵袋,値あり,
全国家庭教師協会,全国家庭教師協会,追加：SERP・サジェスト由来,2ch,全国家庭教師協会 2ch,値あり,
全国家庭教師協会,全国家庭教師協会,追加：SERP・サジェスト由来,料金表,全国家庭教師協会 料金表,値あり,
全国家庭教師協会,全国家庭教師協会,追加：SERP・サジェスト由来,授業料,全国家庭教師協会 授業料,値あり,
全国家庭教師協会,全国家庭教師協会,追加：SERP・サジェスト由来,夏期講習,全国家庭教師協会 夏期講習,値あり,
全国家庭教師協会,全国家庭教師協会,追加：SERP・サジェスト由来,意味ない,全国家庭教師協会 意味ない,値あり,
全国家庭教師協会,全国家庭教師協会,追加：SERP・サジェスト由来,バイト,全国家庭教師協会 バイト,値あり,10
全国家庭教師協会,全国家庭教師協会,追加：SERP・サジェスト由来,求人,全国家庭教師協会 求人,値あり,
全国家庭教師協会,全国家庭教師協会,追加：KWP KeywordSeed由来,クチコミ,全国家庭教師協会 クチコミ,値あり,
全国家庭教師協会,全国家庭教師協会,追加：KWP KeywordSeed由来,やめとけ,全国家庭教師協会 やめとけ,値あり,
全国家庭教師協会,全国家庭教師協会,追加：KWP KeywordSeed由来,合格実績,全国家庭教師協会 合格実績,値あり,
全国家庭教師協会,全国家庭教師協会,追加：KWP KeywordSeed由来,時間割,全国家庭教師協会 時間割,値あり,
全国家庭教師協会,全国家庭教師協会,追加：KWP KeywordSeed由来,キャンペーン,全国家庭教師協会 キャンペーン,値あり,
全国家庭教師協会,全国家庭教師協会,追加：KWP KeywordSeed由来,割引,全国家庭教師協会 割引,値あり,
全国家庭教師協会,全国家庭教師協会,追加：KWP KeywordSeed由来,コース,全国家庭教師協会 コース,値あり,
全国家庭教師協会,全国家庭教師協会,追加：KWP KeywordSeed由来,春期講習,全国家庭教師協会 春期講習,値あり,
全国家庭教師協会,全国家庭教師協会,追加：KWP KeywordSeed由来,冬期講習,全国家庭教師協会 冬期講習,値あり,
全国家庭教師協会,全国家庭教師協会,追加：KWP KeywordSeed由来,電話番号,全国家庭教師協会 電話番号,値あり,
全国家庭教師協会,全国家庭教師協会,追加：KWP KeywordSeed由来,ホームページ,全国家庭教師協会 ホームページ,値あり,
全国家庭教師協会,全国家庭教師協会,追加：KWP KeywordSeed由来,株式会社,全国家庭教師協会 株式会社,値あり,
全国家庭教師協会,全国家庭教師協会,追加：KWP KeywordSeed由来,講師,全国家庭教師協会 講師,値あり,
全国家庭教師協会,全国家庭教師協会,追加：KWP KeywordSeed由来,とは,全国家庭教師協会 とは,値あり,
全国家庭教師協会,全国家庭教師協会,発達特性×口コミ,発達障害 口コミ,全国家庭教師協会 発達障害 口コミ,値あり,
全国家庭教師協会,全国家庭教師協会,発達特性×口コミ,発達障がい 口コミ,全国家庭教師協会 発達障がい 口コミ,値あり,
全国家庭教師協会,全国家庭教師協会,発達特性×口コミ,グレーゾーン 口コミ,全国家庭教師協会 グレーゾーン 口コミ,値あり,
全国家庭教師協会,全国家庭教師協会,発達特性×口コミ,ADHD 口コミ,全国家庭教師協会 ADHD 口コミ,値あり,
全国家庭教師協会,全国家庭教師協会,発達特性×口コミ,ASD 口コミ,全国家庭教師協会 ASD 口コミ,値あり,
全国家庭教師協会,全国家庭教師協会,発達特性×口コミ,自閉症 口コミ,全国家庭教師協会 自閉症 口コミ,値あり,
全国家庭教師協会,全国家庭教師協会,発達特性×口コミ,LD 口コミ,全国家庭教師協会 LD 口コミ,値あり,
全国家庭教師協会,全国家庭教師協会,発達特性×口コミ,学習障害 口コミ,全国家庭教師協会 学習障害 口コミ,値あり,
全国家庭教師協会,全国家庭教師協会,発達特性×口コミ,境界知能 口コミ,全国家庭教師協会 境界知能 口コミ,値あり,
全国家庭教師協会,全国家庭教師協会,発達特性×口コミ,不登校 口コミ,全国家庭教師協会 不登校 口コミ,値あり,
全国家庭教師協会,全国家庭教師協会,発達特性×評判,発達障害 評判,全国家庭教師協会 発達障害 評判,値あり,
全国家庭教師協会,全国家庭教師協会,発達特性×評判,発達障がい 評判,全国家庭教師協会 発達障がい 評判,値あり,
全国家庭教師協会,全国家庭教師協会,発達特性×評判,グレーゾーン 評判,全国家庭教師協会 グレーゾーン 評判,値あり,
全国家庭教師協会,全国家庭教師協会,発達特性×評判,ADHD 評判,全国家庭教師協会 ADHD 評判,値あり,
全国家庭教師協会,全国家庭教師協会,発達特性×評判,ASD 評判,全国家庭教師協会 ASD 評判,値あり,
全国家庭教師協会,全国家庭教師協会,発達特性×評判,自閉症 評判,全国家庭教師協会 自閉症 評判,値あり,
全国家庭教師協会,全国家庭教師協会,発達特性×評判,LD 評判,全国家庭教師協会 LD 評判,値あり,
全国家庭教師協会,全国家庭教師協会,発達特性×評判,学習障害 評判,全国家庭教師協会 学習障害 評判,値あり,
全国家庭教師協会,全国家庭教師協会,発達特性×評判,境界知能 評判,全国家庭教師協会 境界知能 評判,値あり,
全国家庭教師協会,全国家庭教師協会,発達特性×評判,不登校 評判,全国家庭教師協会 不登校 評判,値あり,
全国家庭教師協会,全国家庭教師協会,発達特性×料金,発達障害 料金,全国家庭教師協会 発達障害 料金,値あり,
全国家庭教師協会,全国家庭教師協会,発達特性×料金,発達障がい 料金,全国家庭教師協会 発達障がい 料金,値あり,
全国家庭教師協会,全国家庭教師協会,発達特性×料金,グレーゾーン 料金,全国家庭教師協会 グレーゾーン 料金,値あり,
全国家庭教師協会,全国家庭教師協会,発達特性×料金,ADHD 料金,全国家庭教師協会 ADHD 料金,値あり,
全国家庭教師協会,全国家庭教師協会,発達特性×料金,ASD 料金,全国家庭教師協会 ASD 料金,値あり,
全国家庭教師協会,全国家庭教師協会,発達特性×料金,自閉症 料金,全国家庭教師協会 自閉症 料金,値あり,
全国家庭教師協会,全国家庭教師協会,発達特性×料金,LD 料金,全国家庭教師協会 LD 料金,値あり,
全国家庭教師協会,全国家庭教師協会,発達特性×料金,学習障害 料金,全国家庭教師協会 学習障害 料金,値あり,
全国家庭教師協会,全国家庭教師協会,発達特性×料金,境界知能 料金,全国家庭教師協会 境界知能 料金,値あり,
全国家庭教師協会,全国家庭教師協会,発達特性×料金,不登校 料金,全国家庭教師協会 不登校 料金,値あり,
全国家庭教師協会,家庭教師協会,評判・第三者評価,口コミ,家庭教師協会 口コミ,値あり,20
全国家庭教師協会,家庭教師協会,評判・第三者評価,評判,家庭教師協会 評判,値あり,10
全国家庭教師協会,家庭教師協会,評判・第三者評価,レビュー,家庭教師協会 レビュー,値あり,
全国家庭教師協会,家庭教師協会,評判・第三者評価,体験談,家庭教師協会 体験談,値あり,
全国家庭教師協会,家庭教師協会,評判・第三者評価,感想,家庭教師協会 感想,値あり,
全国家庭教師協会,家庭教師協会,評判・第三者評価,評価,家庭教師協会 評価,値あり,
全国家庭教師協会,家庭教師協会,料金・契約,料金,家庭教師協会 料金,値あり,30
全国家庭教師協会,家庭教師協会,料金・契約,費用,家庭教師協会 費用,値あり,
全国家庭教師協会,家庭教師協会,料金・契約,月謝,家庭教師協会 月謝,値あり,
全国家庭教師協会,家庭教師協会,料金・契約,値段,家庭教師協会 値段,値あり,
全国家庭教師協会,家庭教師協会,料金・契約,価格,家庭教師協会 価格,値あり,
全国家庭教師協会,家庭教師協会,料金・契約,入会金,家庭教師協会 入会金,値あり,
全国家庭教師協会,家庭教師協会,料金・契約,教材費,家庭教師協会 教材費,値あり,
全国家庭教師協会,家庭教師協会,料金・契約,高い,家庭教師協会 高い,値あり,
全国家庭教師協会,家庭教師協会,料金・契約,安い,家庭教師協会 安い,値あり,
全国家庭教師協会,家庭教師協会,比較・選択,比較,家庭教師協会 比較,値あり,
全国家庭教師協会,家庭教師協会,比較・選択,違い,家庭教師協会 違い,値あり,
全国家庭教師協会,家庭教師協会,比較・選択,どっち,家庭教師協会 どっち,値あり,
全国家庭教師協会,家庭教師協会,比較・選択,おすすめ,家庭教師協会 おすすめ,値あり,
全国家庭教師協会,家庭教師協会,比較・選択,他社,家庭教師協会 他社,値あり,
全国家庭教師協会,家庭教師協会,比較・選択,ランキング,家庭教師協会 ランキング,値あり,
全国家庭教師協会,家庭教師協会,不安・ネガティブ確認,デメリット,家庭教師協会 デメリット,値あり,
全国家庭教師協会,家庭教師協会,不安・ネガティブ確認,メリット,家庭教師協会 メリット,値あり,
全国家庭教師協会,家庭教師協会,不安・ネガティブ確認,怪しい,家庭教師協会 怪しい,値あり,
全国家庭教師協会,家庭教師協会,不安・ネガティブ確認,最悪,家庭教師協会 最悪,値あり,
全国家庭教師協会,家庭教師協会,不安・ネガティブ確認,失敗,家庭教師協会 失敗,値あり,
全国家庭教師協会,家庭教師協会,不安・ネガティブ確認,後悔,家庭教師協会 後悔,値あり,
全国家庭教師協会,家庭教師協会,不安・ネガティブ確認,合わない,家庭教師協会 合わない,値あり,
全国家庭教師協会,家庭教師協会,不安・ネガティブ確認,向いてない,家庭教師協会 向いてない,値あり,
全国家庭教師協会,家庭教師協会,不安・ネガティブ確認,やめたい,家庭教師協会 やめたい,値あり,
全国家庭教師協会,家庭教師協会,不安・ネガティブ確認,辞めたい,家庭教師協会 辞めたい,値あり,
全国家庭教師協会,家庭教師協会,不安・ネガティブ確認,退会,家庭教師協会 退会,値あり,
全国家庭教師協会,家庭教師協会,不安・ネガティブ確認,解約,家庭教師協会 解約,値あり,
全国家庭教師協会,家庭教師協会,申込直前,無料体験,家庭教師協会 無料体験,値あり,
全国家庭教師協会,家庭教師協会,申込直前,体験,家庭教師協会 体験,値あり,
全国家庭教師協会,家庭教師協会,申込直前,体験授業,家庭教師協会 体験授業,値あり,
全国家庭教師協会,家庭教師協会,申込直前,無料相談,家庭教師協会 無料相談,値あり,
全国家庭教師協会,家庭教師協会,申込直前,資料請求,家庭教師協会 資料請求,値あり,
全国家庭教師協会,家庭教師協会,申込直前,申し込み,家庭教師協会 申し込み,値あり,
全国家庭教師協会,家庭教師協会,申込直前,入会,家庭教師協会 入会,値あり,
全国家庭教師協会,家庭教師協会,発達特性との相性,発達障害,家庭教師協会 発達障害,値あり,
全国家庭教師協会,家庭教師協会,発達特性との相性,発達障がい,家庭教師協会 発達障がい,値あり,
全国家庭教師協会,家庭教師協会,発達特性との相性,グレーゾーン,家庭教師協会 グレーゾーン,値あり,
全国家庭教師協会,家庭教師協会,発達特性との相性,ADHD,家庭教師協会 ADHD,値あり,
全国家庭教師協会,家庭教師協会,発達特性との相性,ASD,家庭教師協会 ASD,値あり,
全国家庭教師協会,家庭教師協会,発達特性との相性,自閉症,家庭教師協会 自閉症,値あり,
全国家庭教師協会,家庭教師協会,発達特性との相性,LD,家庭教師協会 LD,値あり,
全国家庭教師協会,家庭教師協会,発達特性との相性,学習障害,家庭教師協会 学習障害,値あり,
全国家庭教師協会,家庭教師協会,発達特性との相性,境界知能,家庭教師協会 境界知能,値あり,
全国家庭教師協会,家庭教師協会,発達特性との相性,不登校,家庭教師協会 不登校,値あり,
全国家庭教師協会,家庭教師協会,対象・用途,小学生,家庭教師協会 小学生,値あり,
全国家庭教師協会,家庭教師協会,対象・用途,中学生,家庭教師協会 中学生,値あり,
全国家庭教師協会,家庭教師協会,対象・用途,高校生,家庭教師協会 高校生,値あり,
全国家庭教師協会,家庭教師協会,対象・用途,高校受験,家庭教師協会 高校受験,値あり,
全国家庭教師協会,家庭教師協会,対象・用途,中学受験,家庭教師協会 中学受験,値あり,
全国家庭教師協会,家庭教師協会,対象・用途,大学受験,家庭教師協会 大学受験,値あり,
全国家庭教師協会,家庭教師協会,追加：SERP・サジェスト由来,評判 悪い,家庭教師協会 評判 悪い,値あり,
全国家庭教師協会,家庭教師協会,追加：SERP・サジェスト由来,やばい,家庭教師協会 やばい,値あり,
全国家庭教師協会,家庭教師協会,追加：SERP・サジェスト由来,知恵袋,家庭教師協会 知恵袋,値あり,
全国家庭教師協会,家庭教師協会,追加：SERP・サジェスト由来,2ch,家庭教師協会 2ch,値あり,0
全国家庭教師協会,家庭教師協会,追加：SERP・サジェスト由来,料金表,家庭教師協会 料金表,値あり,
全国家庭教師協会,家庭教師協会,追加：SERP・サジェスト由来,授業料,家庭教師協会 授業料,値あり,
全国家庭教師協会,家庭教師協会,追加：SERP・サジェスト由来,夏期講習,家庭教師協会 夏期講習,値あり,
全国家庭教師協会,家庭教師協会,追加：SERP・サジェスト由来,意味ない,家庭教師協会 意味ない,値あり,
全国家庭教師協会,家庭教師協会,追加：SERP・サジェスト由来,バイト,家庭教師協会 バイト,値あり,10
全国家庭教師協会,家庭教師協会,追加：SERP・サジェスト由来,求人,家庭教師協会 求人,値あり,
全国家庭教師協会,家庭教師協会,追加：KWP KeywordSeed由来,クチコミ,家庭教師協会 クチコミ,値あり,
全国家庭教師協会,家庭教師協会,追加：KWP KeywordSeed由来,やめとけ,家庭教師協会 やめとけ,値あり,
全国家庭教師協会,家庭教師協会,追加：KWP KeywordSeed由来,合格実績,家庭教師協会 合格実績,値あり,
全国家庭教師協会,家庭教師協会,追加：KWP KeywordSeed由来,時間割,家庭教師協会 時間割,値あり,
全国家庭教師協会,家庭教師協会,追加：KWP KeywordSeed由来,キャンペーン,家庭教師協会 キャンペーン,値あり,
全国家庭教師協会,家庭教師協会,追加：KWP KeywordSeed由来,割引,家庭教師協会 割引,値あり,
全国家庭教師協会,家庭教師協会,追加：KWP KeywordSeed由来,コース,家庭教師協会 コース,値あり,
全国家庭教師協会,家庭教師協会,追加：KWP KeywordSeed由来,春期講習,家庭教師協会 春期講習,値あり,
全国家庭教師協会,家庭教師協会,追加：KWP KeywordSeed由来,冬期講習,家庭教師協会 冬期講習,値あり,
全国家庭教師協会,家庭教師協会,追加：KWP KeywordSeed由来,電話番号,家庭教師協会 電話番号,値あり,
全国家庭教師協会,家庭教師協会,追加：KWP KeywordSeed由来,ホームページ,家庭教師協会 ホームページ,値あり,
全国家庭教師協会,家庭教師協会,追加：KWP KeywordSeed由来,株式会社,家庭教師協会 株式会社,値あり,
全国家庭教師協会,家庭教師協会,追加：KWP KeywordSeed由来,講師,家庭教師協会 講師,値あり,
全国家庭教師協会,家庭教師協会,追加：KWP KeywordSeed由来,とは,家庭教師協会 とは,値あり,
家庭教師の銀河,家庭教師の銀河,評判・第三者評価,口コミ,家庭教師の銀河 口コミ,値あり,90
家庭教師の銀河,家庭教師の銀河,評判・第三者評価,評判,家庭教師の銀河 評判,値あり,10
家庭教師の銀河,家庭教師の銀河,評判・第三者評価,レビュー,家庭教師の銀河 レビュー,値あり,
家庭教師の銀河,家庭教師の銀河,評判・第三者評価,体験談,家庭教師の銀河 体験談,値あり,
家庭教師の銀河,家庭教師の銀河,評判・第三者評価,感想,家庭教師の銀河 感想,値あり,
家庭教師の銀河,家庭教師の銀河,評判・第三者評価,評価,家庭教師の銀河 評価,値あり,10
家庭教師の銀河,家庭教師の銀河,料金・契約,料金,家庭教師の銀河 料金,値あり,20
家庭教師の銀河,家庭教師の銀河,料金・契約,費用,家庭教師の銀河 費用,値あり,
家庭教師の銀河,家庭教師の銀河,料金・契約,月謝,家庭教師の銀河 月謝,値あり,
家庭教師の銀河,家庭教師の銀河,料金・契約,値段,家庭教師の銀河 値段,値あり,
家庭教師の銀河,家庭教師の銀河,料金・契約,価格,家庭教師の銀河 価格,値あり,
家庭教師の銀河,家庭教師の銀河,料金・契約,入会金,家庭教師の銀河 入会金,値あり,
家庭教師の銀河,家庭教師の銀河,料金・契約,教材費,家庭教師の銀河 教材費,値あり,
家庭教師の銀河,家庭教師の銀河,料金・契約,高い,家庭教師の銀河 高い,値あり,
家庭教師の銀河,家庭教師の銀河,料金・契約,安い,家庭教師の銀河 安い,値あり,
家庭教師の銀河,家庭教師の銀河,比較・選択,比較,家庭教師の銀河 比較,値あり,
家庭教師の銀河,家庭教師の銀河,比較・選択,違い,家庭教師の銀河 違い,値あり,
家庭教師の銀河,家庭教師の銀河,比較・選択,どっち,家庭教師の銀河 どっち,値あり,
家庭教師の銀河,家庭教師の銀河,比較・選択,おすすめ,家庭教師の銀河 おすすめ,値あり,10
家庭教師の銀河,家庭教師の銀河,比較・選択,他社,家庭教師の銀河 他社,値あり,
家庭教師の銀河,家庭教師の銀河,比較・選択,ランキング,家庭教師の銀河 ランキング,値あり,
家庭教師の銀河,家庭教師の銀河,不安・ネガティブ確認,デメリット,家庭教師の銀河 デメリット,値あり,
家庭教師の銀河,家庭教師の銀河,不安・ネガティブ確認,メリット,家庭教師の銀河 メリット,値あり,
家庭教師の銀河,家庭教師の銀河,不安・ネガティブ確認,怪しい,家庭教師の銀河 怪しい,値あり,
家庭教師の銀河,家庭教師の銀河,不安・ネガティブ確認,最悪,家庭教師の銀河 最悪,値あり,
家庭教師の銀河,家庭教師の銀河,不安・ネガティブ確認,失敗,家庭教師の銀河 失敗,値あり,
家庭教師の銀河,家庭教師の銀河,不安・ネガティブ確認,後悔,家庭教師の銀河 後悔,値あり,
家庭教師の銀河,家庭教師の銀河,不安・ネガティブ確認,合わない,家庭教師の銀河 合わない,値あり,
家庭教師の銀河,家庭教師の銀河,不安・ネガティブ確認,向いてない,家庭教師の銀河 向いてない,値あり,
家庭教師の銀河,家庭教師の銀河,不安・ネガティブ確認,やめたい,家庭教師の銀河 やめたい,値あり,
家庭教師の銀河,家庭教師の銀河,不安・ネガティブ確認,辞めたい,家庭教師の銀河 辞めたい,値あり,
家庭教師の銀河,家庭教師の銀河,不安・ネガティブ確認,退会,家庭教師の銀河 退会,値あり,
家庭教師の銀河,家庭教師の銀河,不安・ネガティブ確認,解約,家庭教師の銀河 解約,値あり,10
家庭教師の銀河,家庭教師の銀河,申込直前,無料体験,家庭教師の銀河 無料体験,値あり,
家庭教師の銀河,家庭教師の銀河,申込直前,体験,家庭教師の銀河 体験,値あり,
家庭教師の銀河,家庭教師の銀河,申込直前,体験授業,家庭教師の銀河 体験授業,値あり,
家庭教師の銀河,家庭教師の銀河,申込直前,無料相談,家庭教師の銀河 無料相談,値あり,
家庭教師の銀河,家庭教師の銀河,申込直前,資料請求,家庭教師の銀河 資料請求,値あり,
家庭教師の銀河,家庭教師の銀河,申込直前,申し込み,家庭教師の銀河 申し込み,値あり,
家庭教師の銀河,家庭教師の銀河,申込直前,入会,家庭教師の銀河 入会,値あり,
家庭教師の銀河,家庭教師の銀河,発達特性との相性,発達障害,家庭教師の銀河 発達障害,値あり,
家庭教師の銀河,家庭教師の銀河,発達特性との相性,発達障がい,家庭教師の銀河 発達障がい,値あり,
家庭教師の銀河,家庭教師の銀河,発達特性との相性,グレーゾーン,家庭教師の銀河 グレーゾーン,値あり,
家庭教師の銀河,家庭教師の銀河,発達特性との相性,ADHD,家庭教師の銀河 ADHD,値あり,
家庭教師の銀河,家庭教師の銀河,発達特性との相性,ASD,家庭教師の銀河 ASD,値あり,
家庭教師の銀河,家庭教師の銀河,発達特性との相性,自閉症,家庭教師の銀河 自閉症,値あり,
家庭教師の銀河,家庭教師の銀河,発達特性との相性,LD,家庭教師の銀河 LD,値あり,
家庭教師の銀河,家庭教師の銀河,発達特性との相性,学習障害,家庭教師の銀河 学習障害,値あり,
家庭教師の銀河,家庭教師の銀河,発達特性との相性,境界知能,家庭教師の銀河 境界知能,値あり,
家庭教師の銀河,家庭教師の銀河,発達特性との相性,不登校,家庭教師の銀河 不登校,値あり,
家庭教師の銀河,家庭教師の銀河,対象・用途,小学生,家庭教師の銀河 小学生,値あり,
家庭教師の銀河,家庭教師の銀河,対象・用途,中学生,家庭教師の銀河 中学生,値あり,
家庭教師の銀河,家庭教師の銀河,対象・用途,高校生,家庭教師の銀河 高校生,値あり,
家庭教師の銀河,家庭教師の銀河,対象・用途,高校受験,家庭教師の銀河 高校受験,値あり,
家庭教師の銀河,家庭教師の銀河,対象・用途,中学受験,家庭教師の銀河 中学受験,値あり,
家庭教師の銀河,家庭教師の銀河,対象・用途,大学受験,家庭教師の銀河 大学受験,値あり,
家庭教師の銀河,家庭教師の銀河,追加：SERP・サジェスト由来,評判 悪い,家庭教師の銀河 評判 悪い,値あり,
家庭教師の銀河,家庭教師の銀河,追加：SERP・サジェスト由来,やばい,家庭教師の銀河 やばい,値あり,
家庭教師の銀河,家庭教師の銀河,追加：SERP・サジェスト由来,知恵袋,家庭教師の銀河 知恵袋,値あり,
家庭教師の銀河,家庭教師の銀河,追加：SERP・サジェスト由来,2ch,家庭教師の銀河 2ch,値あり,
家庭教師の銀河,家庭教師の銀河,追加：SERP・サジェスト由来,料金表,家庭教師の銀河 料金表,値あり,
家庭教師の銀河,家庭教師の銀河,追加：SERP・サジェスト由来,授業料,家庭教師の銀河 授業料,値あり,
家庭教師の銀河,家庭教師の銀河,追加：SERP・サジェスト由来,夏期講習,家庭教師の銀河 夏期講習,値あり,
家庭教師の銀河,家庭教師の銀河,追加：SERP・サジェスト由来,意味ない,家庭教師の銀河 意味ない,値あり,
家庭教師の銀河,家庭教師の銀河,追加：SERP・サジェスト由来,バイト,家庭教師の銀河 バイト,値あり,70
家庭教師の銀河,家庭教師の銀河,追加：SERP・サジェスト由来,求人,家庭教師の銀河 求人,値あり,10
家庭教師の銀河,家庭教師の銀河,追加：KWP KeywordSeed由来,クチコミ,家庭教師の銀河 クチコミ,値あり,
家庭教師の銀河,家庭教師の銀河,追加：KWP KeywordSeed由来,やめとけ,家庭教師の銀河 やめとけ,値あり,
家庭教師の銀河,家庭教師の銀河,追加：KWP KeywordSeed由来,合格実績,家庭教師の銀河 合格実績,値あり,
家庭教師の銀河,家庭教師の銀河,追加：KWP KeywordSeed由来,時間割,家庭教師の銀河 時間割,値あり,
家庭教師の銀河,家庭教師の銀河,追加：KWP KeywordSeed由来,キャンペーン,家庭教師の銀河 キャンペーン,値あり,
家庭教師の銀河,家庭教師の銀河,追加：KWP KeywordSeed由来,割引,家庭教師の銀河 割引,値あり,10
家庭教師の銀河,家庭教師の銀河,追加：KWP KeywordSeed由来,コース,家庭教師の銀河 コース,値あり,
家庭教師の銀河,家庭教師の銀河,追加：KWP KeywordSeed由来,春期講習,家庭教師の銀河 春期講習,値あり,
家庭教師の銀河,家庭教師の銀河,追加：KWP KeywordSeed由来,冬期講習,家庭教師の銀河 冬期講習,値あり,
家庭教師の銀河,家庭教師の銀河,追加：KWP KeywordSeed由来,電話番号,家庭教師の銀河 電話番号,値あり,
家庭教師の銀河,家庭教師の銀河,追加：KWP KeywordSeed由来,ホームページ,家庭教師の銀河 ホームページ,値あり,
家庭教師の銀河,家庭教師の銀河,追加：KWP KeywordSeed由来,株式会社,家庭教師の銀河 株式会社,値あり,
家庭教師の銀河,家庭教師の銀河,追加：KWP KeywordSeed由来,講師,家庭教師の銀河 講師,値あり,
家庭教師の銀河,家庭教師の銀河,追加：KWP KeywordSeed由来,とは,家庭教師の銀河 とは,値あり,
家庭教師の銀河,家庭教師の銀河,発達特性×口コミ,発達障害 口コミ,家庭教師の銀河 発達障害 口コミ,値あり,
家庭教師の銀河,家庭教師の銀河,発達特性×口コミ,発達障がい 口コミ,家庭教師の銀河 発達障がい 口コミ,値あり,
家庭教師の銀河,家庭教師の銀河,発達特性×口コミ,グレーゾーン 口コミ,家庭教師の銀河 グレーゾーン 口コミ,値あり,
家庭教師の銀河,家庭教師の銀河,発達特性×口コミ,ADHD 口コミ,家庭教師の銀河 ADHD 口コミ,値あり,
家庭教師の銀河,家庭教師の銀河,発達特性×口コミ,ASD 口コミ,家庭教師の銀河 ASD 口コミ,値あり,
家庭教師の銀河,家庭教師の銀河,発達特性×口コミ,自閉症 口コミ,家庭教師の銀河 自閉症 口コミ,値あり,
家庭教師の銀河,家庭教師の銀河,発達特性×口コミ,LD 口コミ,家庭教師の銀河 LD 口コミ,値あり,
家庭教師の銀河,家庭教師の銀河,発達特性×口コミ,学習障害 口コミ,家庭教師の銀河 学習障害 口コミ,値あり,
家庭教師の銀河,家庭教師の銀河,発達特性×口コミ,境界知能 口コミ,家庭教師の銀河 境界知能 口コミ,値あり,
家庭教師の銀河,家庭教師の銀河,発達特性×口コミ,不登校 口コミ,家庭教師の銀河 不登校 口コミ,値あり,
家庭教師の銀河,家庭教師の銀河,発達特性×評判,発達障害 評判,家庭教師の銀河 発達障害 評判,値あり,
家庭教師の銀河,家庭教師の銀河,発達特性×評判,発達障がい 評判,家庭教師の銀河 発達障がい 評判,値あり,
家庭教師の銀河,家庭教師の銀河,発達特性×評判,グレーゾーン 評判,家庭教師の銀河 グレーゾーン 評判,値あり,
家庭教師の銀河,家庭教師の銀河,発達特性×評判,ADHD 評判,家庭教師の銀河 ADHD 評判,値あり,
家庭教師の銀河,家庭教師の銀河,発達特性×評判,ASD 評判,家庭教師の銀河 ASD 評判,値あり,
家庭教師の銀河,家庭教師の銀河,発達特性×評判,自閉症 評判,家庭教師の銀河 自閉症 評判,値あり,
家庭教師の銀河,家庭教師の銀河,発達特性×評判,LD 評判,家庭教師の銀河 LD 評判,値あり,
家庭教師の銀河,家庭教師の銀河,発達特性×評判,学習障害 評判,家庭教師の銀河 学習障害 評判,値あり,
家庭教師の銀河,家庭教師の銀河,発達特性×評判,境界知能 評判,家庭教師の銀河 境界知能 評判,値あり,
家庭教師の銀河,家庭教師の銀河,発達特性×評判,不登校 評判,家庭教師の銀河 不登校 評判,値あり,
家庭教師の銀河,家庭教師の銀河,発達特性×料金,発達障害 料金,家庭教師の銀河 発達障害 料金,値あり,
家庭教師の銀河,家庭教師の銀河,発達特性×料金,発達障がい 料金,家庭教師の銀河 発達障がい 料金,値あり,
家庭教師の銀河,家庭教師の銀河,発達特性×料金,グレーゾーン 料金,家庭教師の銀河 グレーゾーン 料金,値あり,
家庭教師の銀河,家庭教師の銀河,発達特性×料金,ADHD 料金,家庭教師の銀河 ADHD 料金,値あり,
家庭教師の銀河,家庭教師の銀河,発達特性×料金,ASD 料金,家庭教師の銀河 ASD 料金,値あり,
家庭教師の銀河,家庭教師の銀河,発達特性×料金,自閉症 料金,家庭教師の銀河 自閉症 料金,値あり,
家庭教師の銀河,家庭教師の銀河,発達特性×料金,LD 料金,家庭教師の銀河 LD 料金,値あり,
家庭教師の銀河,家庭教師の銀河,発達特性×料金,学習障害 料金,家庭教師の銀河 学習障害 料金,値あり,
家庭教師の銀河,家庭教師の銀河,発達特性×料金,境界知能 料金,家庭教師の銀河 境界知能 料金,値あり,
家庭教師の銀河,家庭教師の銀河,発達特性×料金,不登校 料金,家庭教師の銀河 不登校 料金,値あり,
家庭教師の銀河,銀河 家庭教師,評判・第三者評価,口コミ,銀河 家庭教師 口コミ,値あり,
家庭教師の銀河,銀河 家庭教師,評判・第三者評価,評判,銀河 家庭教師 評判,値あり,
家庭教師の銀河,銀河 家庭教師,評判・第三者評価,レビュー,銀河 家庭教師 レビュー,値あり,
家庭教師の銀河,銀河 家庭教師,評判・第三者評価,体験談,銀河 家庭教師 体験談,値あり,
家庭教師の銀河,銀河 家庭教師,評判・第三者評価,感想,銀河 家庭教師 感想,値あり,
家庭教師の銀河,銀河 家庭教師,評判・第三者評価,評価,銀河 家庭教師 評価,値あり,
家庭教師の銀河,銀河 家庭教師,料金・契約,料金,銀河 家庭教師 料金,値あり,
家庭教師の銀河,銀河 家庭教師,料金・契約,費用,銀河 家庭教師 費用,値あり,
家庭教師の銀河,銀河 家庭教師,料金・契約,月謝,銀河 家庭教師 月謝,値あり,
家庭教師の銀河,銀河 家庭教師,料金・契約,値段,銀河 家庭教師 値段,値あり,
家庭教師の銀河,銀河 家庭教師,料金・契約,価格,銀河 家庭教師 価格,値あり,
家庭教師の銀河,銀河 家庭教師,料金・契約,入会金,銀河 家庭教師 入会金,値あり,
家庭教師の銀河,銀河 家庭教師,料金・契約,教材費,銀河 家庭教師 教材費,値あり,
家庭教師の銀河,銀河 家庭教師,料金・契約,高い,銀河 家庭教師 高い,値あり,
家庭教師の銀河,銀河 家庭教師,料金・契約,安い,銀河 家庭教師 安い,値あり,
家庭教師の銀河,銀河 家庭教師,比較・選択,比較,銀河 家庭教師 比較,値あり,
家庭教師の銀河,銀河 家庭教師,比較・選択,違い,銀河 家庭教師 違い,値あり,
家庭教師の銀河,銀河 家庭教師,比較・選択,どっち,銀河 家庭教師 どっち,値あり,
家庭教師の銀河,銀河 家庭教師,比較・選択,おすすめ,銀河 家庭教師 おすすめ,値あり,
家庭教師の銀河,銀河 家庭教師,比較・選択,他社,銀河 家庭教師 他社,値あり,
家庭教師の銀河,銀河 家庭教師,比較・選択,ランキング,銀河 家庭教師 ランキング,値あり,
家庭教師の銀河,銀河 家庭教師,不安・ネガティブ確認,デメリット,銀河 家庭教師 デメリット,値あり,
家庭教師の銀河,銀河 家庭教師,不安・ネガティブ確認,メリット,銀河 家庭教師 メリット,値あり,
家庭教師の銀河,銀河 家庭教師,不安・ネガティブ確認,怪しい,銀河 家庭教師 怪しい,値あり,
家庭教師の銀河,銀河 家庭教師,不安・ネガティブ確認,最悪,銀河 家庭教師 最悪,値あり,
家庭教師の銀河,銀河 家庭教師,不安・ネガティブ確認,失敗,銀河 家庭教師 失敗,値あり,
家庭教師の銀河,銀河 家庭教師,不安・ネガティブ確認,後悔,銀河 家庭教師 後悔,値あり,
家庭教師の銀河,銀河 家庭教師,不安・ネガティブ確認,合わない,銀河 家庭教師 合わない,値あり,
家庭教師の銀河,銀河 家庭教師,不安・ネガティブ確認,向いてない,銀河 家庭教師 向いてない,値あり,
家庭教師の銀河,銀河 家庭教師,不安・ネガティブ確認,やめたい,銀河 家庭教師 やめたい,値あり,
家庭教師の銀河,銀河 家庭教師,不安・ネガティブ確認,辞めたい,銀河 家庭教師 辞めたい,値あり,
家庭教師の銀河,銀河 家庭教師,不安・ネガティブ確認,退会,銀河 家庭教師 退会,値あり,
家庭教師の銀河,銀河 家庭教師,不安・ネガティブ確認,解約,銀河 家庭教師 解約,値あり,
家庭教師の銀河,銀河 家庭教師,申込直前,無料体験,銀河 家庭教師 無料体験,値あり,
家庭教師の銀河,銀河 家庭教師,申込直前,体験,銀河 家庭教師 体験,値あり,
家庭教師の銀河,銀河 家庭教師,申込直前,体験授業,銀河 家庭教師 体験授業,値あり,
家庭教師の銀河,銀河 家庭教師,申込直前,無料相談,銀河 家庭教師 無料相談,値あり,
家庭教師の銀河,銀河 家庭教師,申込直前,資料請求,銀河 家庭教師 資料請求,値あり,
家庭教師の銀河,銀河 家庭教師,申込直前,申し込み,銀河 家庭教師 申し込み,値あり,
家庭教師の銀河,銀河 家庭教師,申込直前,入会,銀河 家庭教師 入会,値あり,
家庭教師の銀河,銀河 家庭教師,発達特性との相性,発達障害,銀河 家庭教師 発達障害,値あり,
家庭教師の銀河,銀河 家庭教師,発達特性との相性,発達障がい,銀河 家庭教師 発達障がい,値あり,
家庭教師の銀河,銀河 家庭教師,発達特性との相性,グレーゾーン,銀河 家庭教師 グレーゾーン,値あり,
家庭教師の銀河,銀河 家庭教師,発達特性との相性,ADHD,銀河 家庭教師 ADHD,値あり,
家庭教師の銀河,銀河 家庭教師,発達特性との相性,ASD,銀河 家庭教師 ASD,値あり,
家庭教師の銀河,銀河 家庭教師,発達特性との相性,自閉症,銀河 家庭教師 自閉症,値あり,
家庭教師の銀河,銀河 家庭教師,発達特性との相性,LD,銀河 家庭教師 LD,値あり,
家庭教師の銀河,銀河 家庭教師,発達特性との相性,学習障害,銀河 家庭教師 学習障害,値あり,
家庭教師の銀河,銀河 家庭教師,発達特性との相性,境界知能,銀河 家庭教師 境界知能,値あり,
家庭教師の銀河,銀河 家庭教師,発達特性との相性,不登校,銀河 家庭教師 不登校,値あり,
家庭教師の銀河,銀河 家庭教師,対象・用途,小学生,銀河 家庭教師 小学生,値あり,
家庭教師の銀河,銀河 家庭教師,対象・用途,中学生,銀河 家庭教師 中学生,値あり,
家庭教師の銀河,銀河 家庭教師,対象・用途,高校生,銀河 家庭教師 高校生,値あり,
家庭教師の銀河,銀河 家庭教師,対象・用途,高校受験,銀河 家庭教師 高校受験,値あり,
家庭教師の銀河,銀河 家庭教師,対象・用途,中学受験,銀河 家庭教師 中学受験,値あり,
家庭教師の銀河,銀河 家庭教師,対象・用途,大学受験,銀河 家庭教師 大学受験,値あり,
家庭教師の銀河,銀河 家庭教師,追加：SERP・サジェスト由来,評判 悪い,銀河 家庭教師 評判 悪い,値あり,
家庭教師の銀河,銀河 家庭教師,追加：SERP・サジェスト由来,やばい,銀河 家庭教師 やばい,値あり,
家庭教師の銀河,銀河 家庭教師,追加：SERP・サジェスト由来,知恵袋,銀河 家庭教師 知恵袋,値あり,
家庭教師の銀河,銀河 家庭教師,追加：SERP・サジェスト由来,2ch,銀河 家庭教師 2ch,値あり,
家庭教師の銀河,銀河 家庭教師,追加：SERP・サジェスト由来,料金表,銀河 家庭教師 料金表,値あり,
家庭教師の銀河,銀河 家庭教師,追加：SERP・サジェスト由来,授業料,銀河 家庭教師 授業料,値あり,
家庭教師の銀河,銀河 家庭教師,追加：SERP・サジェスト由来,夏期講習,銀河 家庭教師 夏期講習,値あり,
家庭教師の銀河,銀河 家庭教師,追加：SERP・サジェスト由来,意味ない,銀河 家庭教師 意味ない,値あり,
家庭教師の銀河,銀河 家庭教師,追加：SERP・サジェスト由来,バイト,銀河 家庭教師 バイト,値あり,
家庭教師の銀河,銀河 家庭教師,追加：SERP・サジェスト由来,求人,銀河 家庭教師 求人,値あり,
家庭教師の銀河,銀河 家庭教師,追加：KWP KeywordSeed由来,クチコミ,銀河 家庭教師 クチコミ,値あり,
家庭教師の銀河,銀河 家庭教師,追加：KWP KeywordSeed由来,やめとけ,銀河 家庭教師 やめとけ,値あり,
家庭教師の銀河,銀河 家庭教師,追加：KWP KeywordSeed由来,合格実績,銀河 家庭教師 合格実績,値あり,
家庭教師の銀河,銀河 家庭教師,追加：KWP KeywordSeed由来,時間割,銀河 家庭教師 時間割,値あり,
家庭教師の銀河,銀河 家庭教師,追加：KWP KeywordSeed由来,キャンペーン,銀河 家庭教師 キャンペーン,値あり,
家庭教師の銀河,銀河 家庭教師,追加：KWP KeywordSeed由来,割引,銀河 家庭教師 割引,値あり,
家庭教師の銀河,銀河 家庭教師,追加：KWP KeywordSeed由来,コース,銀河 家庭教師 コース,値あり,
家庭教師の銀河,銀河 家庭教師,追加：KWP KeywordSeed由来,春期講習,銀河 家庭教師 春期講習,値あり,
家庭教師の銀河,銀河 家庭教師,追加：KWP KeywordSeed由来,冬期講習,銀河 家庭教師 冬期講習,値あり,
家庭教師の銀河,銀河 家庭教師,追加：KWP KeywordSeed由来,電話番号,銀河 家庭教師 電話番号,値あり,
家庭教師の銀河,銀河 家庭教師,追加：KWP KeywordSeed由来,ホームページ,銀河 家庭教師 ホームページ,値あり,
家庭教師の銀河,銀河 家庭教師,追加：KWP KeywordSeed由来,株式会社,銀河 家庭教師 株式会社,値あり,
家庭教師の銀河,銀河 家庭教師,追加：KWP KeywordSeed由来,講師,銀河 家庭教師 講師,値あり,
家庭教師の銀河,銀河 家庭教師,追加：KWP KeywordSeed由来,とは,銀河 家庭教師 とは,値あり,
家庭教師アカデミー,家庭教師アカデミー,評判・第三者評価,口コミ,家庭教師アカデミー 口コミ,値あり,210
家庭教師アカデミー,家庭教師アカデミー,評判・第三者評価,評判,家庭教師アカデミー 評判,値あり,720
家庭教師アカデミー,家庭教師アカデミー,評判・第三者評価,レビュー,家庭教師アカデミー レビュー,値あり,
家庭教師アカデミー,家庭教師アカデミー,評判・第三者評価,体験談,家庭教師アカデミー 体験談,値あり,
家庭教師アカデミー,家庭教師アカデミー,評判・第三者評価,感想,家庭教師アカデミー 感想,値あり,
家庭教師アカデミー,家庭教師アカデミー,評判・第三者評価,評価,家庭教師アカデミー 評価,値あり,
家庭教師アカデミー,家庭教師アカデミー,料金・契約,料金,家庭教師アカデミー 料金,値あり,210
家庭教師アカデミー,家庭教師アカデミー,料金・契約,費用,家庭教師アカデミー 費用,値あり,
家庭教師アカデミー,家庭教師アカデミー,料金・契約,月謝,家庭教師アカデミー 月謝,値あり,10
家庭教師アカデミー,家庭教師アカデミー,料金・契約,値段,家庭教師アカデミー 値段,値あり,
家庭教師アカデミー,家庭教師アカデミー,料金・契約,価格,家庭教師アカデミー 価格,値あり,
家庭教師アカデミー,家庭教師アカデミー,料金・契約,入会金,家庭教師アカデミー 入会金,値あり,
家庭教師アカデミー,家庭教師アカデミー,料金・契約,教材費,家庭教師アカデミー 教材費,値あり,140
家庭教師アカデミー,家庭教師アカデミー,料金・契約,高い,家庭教師アカデミー 高い,値あり,
家庭教師アカデミー,家庭教師アカデミー,料金・契約,安い,家庭教師アカデミー 安い,値あり,
家庭教師アカデミー,家庭教師アカデミー,比較・選択,比較,家庭教師アカデミー 比較,値あり,
家庭教師アカデミー,家庭教師アカデミー,比較・選択,違い,家庭教師アカデミー 違い,値あり,
家庭教師アカデミー,家庭教師アカデミー,比較・選択,どっち,家庭教師アカデミー どっち,値あり,
家庭教師アカデミー,家庭教師アカデミー,比較・選択,おすすめ,家庭教師アカデミー おすすめ,値あり,
家庭教師アカデミー,家庭教師アカデミー,比較・選択,他社,家庭教師アカデミー 他社,値あり,
家庭教師アカデミー,家庭教師アカデミー,比較・選択,ランキング,家庭教師アカデミー ランキング,値あり,
家庭教師アカデミー,家庭教師アカデミー,不安・ネガティブ確認,デメリット,家庭教師アカデミー デメリット,値あり,
家庭教師アカデミー,家庭教師アカデミー,不安・ネガティブ確認,メリット,家庭教師アカデミー メリット,値あり,
家庭教師アカデミー,家庭教師アカデミー,不安・ネガティブ確認,怪しい,家庭教師アカデミー 怪しい,値あり,
家庭教師アカデミー,家庭教師アカデミー,不安・ネガティブ確認,最悪,家庭教師アカデミー 最悪,値あり,
家庭教師アカデミー,家庭教師アカデミー,不安・ネガティブ確認,失敗,家庭教師アカデミー 失敗,値あり,
家庭教師アカデミー,家庭教師アカデミー,不安・ネガティブ確認,後悔,家庭教師アカデミー 後悔,値あり,
家庭教師アカデミー,家庭教師アカデミー,不安・ネガティブ確認,合わない,家庭教師アカデミー 合わない,値あり,
家庭教師アカデミー,家庭教師アカデミー,不安・ネガティブ確認,向いてない,家庭教師アカデミー 向いてない,値あり,
家庭教師アカデミー,家庭教師アカデミー,不安・ネガティブ確認,やめたい,家庭教師アカデミー やめたい,値あり,
家庭教師アカデミー,家庭教師アカデミー,不安・ネガティブ確認,辞めたい,家庭教師アカデミー 辞めたい,値あり,
家庭教師アカデミー,家庭教師アカデミー,不安・ネガティブ確認,退会,家庭教師アカデミー 退会,値あり,
家庭教師アカデミー,家庭教師アカデミー,不安・ネガティブ確認,解約,家庭教師アカデミー 解約,値あり,140
家庭教師アカデミー,家庭教師アカデミー,申込直前,無料体験,家庭教師アカデミー 無料体験,値あり,10
家庭教師アカデミー,家庭教師アカデミー,申込直前,体験,家庭教師アカデミー 体験,値あり,10
家庭教師アカデミー,家庭教師アカデミー,申込直前,体験授業,家庭教師アカデミー 体験授業,値あり,
家庭教師アカデミー,家庭教師アカデミー,申込直前,無料相談,家庭教師アカデミー 無料相談,値あり,
家庭教師アカデミー,家庭教師アカデミー,申込直前,資料請求,家庭教師アカデミー 資料請求,値あり,20
家庭教師アカデミー,家庭教師アカデミー,申込直前,申し込み,家庭教師アカデミー 申し込み,値あり,
家庭教師アカデミー,家庭教師アカデミー,申込直前,入会,家庭教師アカデミー 入会,値あり,0
家庭教師アカデミー,家庭教師アカデミー,発達特性との相性,発達障害,家庭教師アカデミー 発達障害,値あり,
家庭教師アカデミー,家庭教師アカデミー,発達特性との相性,発達障がい,家庭教師アカデミー 発達障がい,値あり,
家庭教師アカデミー,家庭教師アカデミー,発達特性との相性,グレーゾーン,家庭教師アカデミー グレーゾーン,値あり,
家庭教師アカデミー,家庭教師アカデミー,発達特性との相性,ADHD,家庭教師アカデミー ADHD,値あり,
家庭教師アカデミー,家庭教師アカデミー,発達特性との相性,ASD,家庭教師アカデミー ASD,値あり,
家庭教師アカデミー,家庭教師アカデミー,発達特性との相性,自閉症,家庭教師アカデミー 自閉症,値あり,
家庭教師アカデミー,家庭教師アカデミー,発達特性との相性,LD,家庭教師アカデミー LD,値あり,
家庭教師アカデミー,家庭教師アカデミー,発達特性との相性,学習障害,家庭教師アカデミー 学習障害,値あり,
家庭教師アカデミー,家庭教師アカデミー,発達特性との相性,境界知能,家庭教師アカデミー 境界知能,値あり,
家庭教師アカデミー,家庭教師アカデミー,発達特性との相性,不登校,家庭教師アカデミー 不登校,値あり,
家庭教師アカデミー,家庭教師アカデミー,対象・用途,小学生,家庭教師アカデミー 小学生,値あり,10
家庭教師アカデミー,家庭教師アカデミー,対象・用途,中学生,家庭教師アカデミー 中学生,値あり,10
家庭教師アカデミー,家庭教師アカデミー,対象・用途,高校生,家庭教師アカデミー 高校生,値あり,10
家庭教師アカデミー,家庭教師アカデミー,対象・用途,高校受験,家庭教師アカデミー 高校受験,値あり,
家庭教師アカデミー,家庭教師アカデミー,対象・用途,中学受験,家庭教師アカデミー 中学受験,値あり,
家庭教師アカデミー,家庭教師アカデミー,対象・用途,大学受験,家庭教師アカデミー 大学受験,値あり,
家庭教師アカデミー,家庭教師アカデミー,追加：SERP・サジェスト由来,評判 悪い,家庭教師アカデミー 評判 悪い,値あり,
家庭教師アカデミー,家庭教師アカデミー,追加：SERP・サジェスト由来,やばい,家庭教師アカデミー やばい,値あり,10
家庭教師アカデミー,家庭教師アカデミー,追加：SERP・サジェスト由来,知恵袋,家庭教師アカデミー 知恵袋,値あり,170
家庭教師アカデミー,家庭教師アカデミー,追加：SERP・サジェスト由来,2ch,家庭教師アカデミー 2ch,値あり,
家庭教師アカデミー,家庭教師アカデミー,追加：SERP・サジェスト由来,料金表,家庭教師アカデミー 料金表,値あり,10
家庭教師アカデミー,家庭教師アカデミー,追加：SERP・サジェスト由来,授業料,家庭教師アカデミー 授業料,値あり,
家庭教師アカデミー,家庭教師アカデミー,追加：SERP・サジェスト由来,夏期講習,家庭教師アカデミー 夏期講習,値あり,
家庭教師アカデミー,家庭教師アカデミー,追加：SERP・サジェスト由来,意味ない,家庭教師アカデミー 意味ない,値あり,
家庭教師アカデミー,家庭教師アカデミー,追加：SERP・サジェスト由来,バイト,家庭教師アカデミー バイト,値あり,90
家庭教師アカデミー,家庭教師アカデミー,追加：SERP・サジェスト由来,求人,家庭教師アカデミー 求人,値あり,10
家庭教師アカデミー,家庭教師アカデミー,追加：KWP KeywordSeed由来,クチコミ,家庭教師アカデミー クチコミ,値あり,
家庭教師アカデミー,家庭教師アカデミー,追加：KWP KeywordSeed由来,やめとけ,家庭教師アカデミー やめとけ,値あり,
家庭教師アカデミー,家庭教師アカデミー,追加：KWP KeywordSeed由来,合格実績,家庭教師アカデミー 合格実績,値あり,
家庭教師アカデミー,家庭教師アカデミー,追加：KWP KeywordSeed由来,時間割,家庭教師アカデミー 時間割,値あり,
家庭教師アカデミー,家庭教師アカデミー,追加：KWP KeywordSeed由来,キャンペーン,家庭教師アカデミー キャンペーン,値あり,
家庭教師アカデミー,家庭教師アカデミー,追加：KWP KeywordSeed由来,割引,家庭教師アカデミー 割引,値あり,
家庭教師アカデミー,家庭教師アカデミー,追加：KWP KeywordSeed由来,コース,家庭教師アカデミー コース,値あり,0
家庭教師アカデミー,家庭教師アカデミー,追加：KWP KeywordSeed由来,春期講習,家庭教師アカデミー 春期講習,値あり,
家庭教師アカデミー,家庭教師アカデミー,追加：KWP KeywordSeed由来,冬期講習,家庭教師アカデミー 冬期講習,値あり,
家庭教師アカデミー,家庭教師アカデミー,追加：KWP KeywordSeed由来,電話番号,家庭教師アカデミー 電話番号,値あり,20
家庭教師アカデミー,家庭教師アカデミー,追加：KWP KeywordSeed由来,ホームページ,家庭教師アカデミー ホームページ,値あり,10
家庭教師アカデミー,家庭教師アカデミー,追加：KWP KeywordSeed由来,株式会社,家庭教師アカデミー 株式会社,値あり,
家庭教師アカデミー,家庭教師アカデミー,追加：KWP KeywordSeed由来,講師,家庭教師アカデミー 講師,値あり,10
家庭教師アカデミー,家庭教師アカデミー,追加：KWP KeywordSeed由来,とは,家庭教師アカデミー とは,値あり,
家庭教師アカデミー,家庭教師アカデミー,発達特性×口コミ,発達障害 口コミ,家庭教師アカデミー 発達障害 口コミ,値あり,
家庭教師アカデミー,家庭教師アカデミー,発達特性×口コミ,発達障がい 口コミ,家庭教師アカデミー 発達障がい 口コミ,値あり,
家庭教師アカデミー,家庭教師アカデミー,発達特性×口コミ,グレーゾーン 口コミ,家庭教師アカデミー グレーゾーン 口コミ,値あり,
家庭教師アカデミー,家庭教師アカデミー,発達特性×口コミ,ADHD 口コミ,家庭教師アカデミー ADHD 口コミ,値あり,
家庭教師アカデミー,家庭教師アカデミー,発達特性×口コミ,ASD 口コミ,家庭教師アカデミー ASD 口コミ,値あり,
家庭教師アカデミー,家庭教師アカデミー,発達特性×口コミ,自閉症 口コミ,家庭教師アカデミー 自閉症 口コミ,値あり,
家庭教師アカデミー,家庭教師アカデミー,発達特性×口コミ,LD 口コミ,家庭教師アカデミー LD 口コミ,値あり,
家庭教師アカデミー,家庭教師アカデミー,発達特性×口コミ,学習障害 口コミ,家庭教師アカデミー 学習障害 口コミ,値あり,
家庭教師アカデミー,家庭教師アカデミー,発達特性×口コミ,境界知能 口コミ,家庭教師アカデミー 境界知能 口コミ,値あり,
家庭教師アカデミー,家庭教師アカデミー,発達特性×口コミ,不登校 口コミ,家庭教師アカデミー 不登校 口コミ,値あり,
家庭教師アカデミー,家庭教師アカデミー,発達特性×評判,発達障害 評判,家庭教師アカデミー 発達障害 評判,値あり,
家庭教師アカデミー,家庭教師アカデミー,発達特性×評判,発達障がい 評判,家庭教師アカデミー 発達障がい 評判,値あり,
家庭教師アカデミー,家庭教師アカデミー,発達特性×評判,グレーゾーン 評判,家庭教師アカデミー グレーゾーン 評判,値あり,
家庭教師アカデミー,家庭教師アカデミー,発達特性×評判,ADHD 評判,家庭教師アカデミー ADHD 評判,値あり,
家庭教師アカデミー,家庭教師アカデミー,発達特性×評判,ASD 評判,家庭教師アカデミー ASD 評判,値あり,
家庭教師アカデミー,家庭教師アカデミー,発達特性×評判,自閉症 評判,家庭教師アカデミー 自閉症 評判,値あり,
家庭教師アカデミー,家庭教師アカデミー,発達特性×評判,LD 評判,家庭教師アカデミー LD 評判,値あり,
家庭教師アカデミー,家庭教師アカデミー,発達特性×評判,学習障害 評判,家庭教師アカデミー 学習障害 評判,値あり,
家庭教師アカデミー,家庭教師アカデミー,発達特性×評判,境界知能 評判,家庭教師アカデミー 境界知能 評判,値あり,
家庭教師アカデミー,家庭教師アカデミー,発達特性×評判,不登校 評判,家庭教師アカデミー 不登校 評判,値あり,
家庭教師アカデミー,家庭教師アカデミー,発達特性×料金,発達障害 料金,家庭教師アカデミー 発達障害 料金,値あり,
家庭教師アカデミー,家庭教師アカデミー,発達特性×料金,発達障がい 料金,家庭教師アカデミー 発達障がい 料金,値あり,
家庭教師アカデミー,家庭教師アカデミー,発達特性×料金,グレーゾーン 料金,家庭教師アカデミー グレーゾーン 料金,値あり,
家庭教師アカデミー,家庭教師アカデミー,発達特性×料金,ADHD 料金,家庭教師アカデミー ADHD 料金,値あり,
家庭教師アカデミー,家庭教師アカデミー,発達特性×料金,ASD 料金,家庭教師アカデミー ASD 料金,値あり,
家庭教師アカデミー,家庭教師アカデミー,発達特性×料金,自閉症 料金,家庭教師アカデミー 自閉症 料金,値あり,
家庭教師アカデミー,家庭教師アカデミー,発達特性×料金,LD 料金,家庭教師アカデミー LD 料金,値あり,
家庭教師アカデミー,家庭教師アカデミー,発達特性×料金,学習障害 料金,家庭教師アカデミー 学習障害 料金,値あり,
家庭教師アカデミー,家庭教師アカデミー,発達特性×料金,境界知能 料金,家庭教師アカデミー 境界知能 料金,値あり,
家庭教師アカデミー,家庭教師アカデミー,発達特性×料金,不登校 料金,家庭教師アカデミー 不登校 料金,値あり,
TOS家庭教師センター,TOS 家庭教師,評判・第三者評価,口コミ,TOS 家庭教師 口コミ,値あり,
TOS家庭教師センター,TOS 家庭教師,評判・第三者評価,評判,TOS 家庭教師 評判,値あり,10
TOS家庭教師センター,TOS 家庭教師,評判・第三者評価,レビュー,TOS 家庭教師 レビュー,値あり,
TOS家庭教師センター,TOS 家庭教師,評判・第三者評価,体験談,TOS 家庭教師 体験談,値あり,
TOS家庭教師センター,TOS 家庭教師,評判・第三者評価,感想,TOS 家庭教師 感想,値あり,
TOS家庭教師センター,TOS 家庭教師,評判・第三者評価,評価,TOS 家庭教師 評価,値あり,
TOS家庭教師センター,TOS 家庭教師,料金・契約,料金,TOS 家庭教師 料金,値あり,
TOS家庭教師センター,TOS 家庭教師,料金・契約,費用,TOS 家庭教師 費用,値あり,
TOS家庭教師センター,TOS 家庭教師,料金・契約,月謝,TOS 家庭教師 月謝,値あり,
TOS家庭教師センター,TOS 家庭教師,料金・契約,値段,TOS 家庭教師 値段,値あり,
TOS家庭教師センター,TOS 家庭教師,料金・契約,価格,TOS 家庭教師 価格,値あり,
TOS家庭教師センター,TOS 家庭教師,料金・契約,入会金,TOS 家庭教師 入会金,値あり,
TOS家庭教師センター,TOS 家庭教師,料金・契約,教材費,TOS 家庭教師 教材費,値あり,
TOS家庭教師センター,TOS 家庭教師,料金・契約,高い,TOS 家庭教師 高い,値あり,
TOS家庭教師センター,TOS 家庭教師,料金・契約,安い,TOS 家庭教師 安い,値あり,
TOS家庭教師センター,TOS 家庭教師,比較・選択,比較,TOS 家庭教師 比較,値あり,
TOS家庭教師センター,TOS 家庭教師,比較・選択,違い,TOS 家庭教師 違い,値あり,
TOS家庭教師センター,TOS 家庭教師,比較・選択,どっち,TOS 家庭教師 どっち,値あり,
TOS家庭教師センター,TOS 家庭教師,比較・選択,おすすめ,TOS 家庭教師 おすすめ,値あり,
TOS家庭教師センター,TOS 家庭教師,比較・選択,他社,TOS 家庭教師 他社,値あり,
TOS家庭教師センター,TOS 家庭教師,比較・選択,ランキング,TOS 家庭教師 ランキング,値あり,
TOS家庭教師センター,TOS 家庭教師,不安・ネガティブ確認,デメリット,TOS 家庭教師 デメリット,値あり,
TOS家庭教師センター,TOS 家庭教師,不安・ネガティブ確認,メリット,TOS 家庭教師 メリット,値あり,
TOS家庭教師センター,TOS 家庭教師,不安・ネガティブ確認,怪しい,TOS 家庭教師 怪しい,値あり,
TOS家庭教師センター,TOS 家庭教師,不安・ネガティブ確認,最悪,TOS 家庭教師 最悪,値あり,
TOS家庭教師センター,TOS 家庭教師,不安・ネガティブ確認,失敗,TOS 家庭教師 失敗,値あり,
TOS家庭教師センター,TOS 家庭教師,不安・ネガティブ確認,後悔,TOS 家庭教師 後悔,値あり,
TOS家庭教師センター,TOS 家庭教師,不安・ネガティブ確認,合わない,TOS 家庭教師 合わない,値あり,
TOS家庭教師センター,TOS 家庭教師,不安・ネガティブ確認,向いてない,TOS 家庭教師 向いてない,値あり,
TOS家庭教師センター,TOS 家庭教師,不安・ネガティブ確認,やめたい,TOS 家庭教師 やめたい,値あり,
TOS家庭教師センター,TOS 家庭教師,不安・ネガティブ確認,辞めたい,TOS 家庭教師 辞めたい,値あり,
TOS家庭教師センター,TOS 家庭教師,不安・ネガティブ確認,退会,TOS 家庭教師 退会,値あり,
TOS家庭教師センター,TOS 家庭教師,不安・ネガティブ確認,解約,TOS 家庭教師 解約,値あり,
TOS家庭教師センター,TOS 家庭教師,申込直前,無料体験,TOS 家庭教師 無料体験,値あり,
TOS家庭教師センター,TOS 家庭教師,申込直前,体験,TOS 家庭教師 体験,値あり,
TOS家庭教師センター,TOS 家庭教師,申込直前,体験授業,TOS 家庭教師 体験授業,値あり,
TOS家庭教師センター,TOS 家庭教師,申込直前,無料相談,TOS 家庭教師 無料相談,値あり,
TOS家庭教師センター,TOS 家庭教師,申込直前,資料請求,TOS 家庭教師 資料請求,値あり,
TOS家庭教師センター,TOS 家庭教師,申込直前,申し込み,TOS 家庭教師 申し込み,値あり,
TOS家庭教師センター,TOS 家庭教師,申込直前,入会,TOS 家庭教師 入会,値あり,
TOS家庭教師センター,TOS 家庭教師,発達特性との相性,発達障害,TOS 家庭教師 発達障害,値あり,
TOS家庭教師センター,TOS 家庭教師,発達特性との相性,発達障がい,TOS 家庭教師 発達障がい,値あり,
TOS家庭教師センター,TOS 家庭教師,発達特性との相性,グレーゾーン,TOS 家庭教師 グレーゾーン,値あり,
TOS家庭教師センター,TOS 家庭教師,発達特性との相性,ADHD,TOS 家庭教師 ADHD,値あり,
TOS家庭教師センター,TOS 家庭教師,発達特性との相性,ASD,TOS 家庭教師 ASD,値あり,
TOS家庭教師センター,TOS 家庭教師,発達特性との相性,自閉症,TOS 家庭教師 自閉症,値あり,
TOS家庭教師センター,TOS 家庭教師,発達特性との相性,LD,TOS 家庭教師 LD,値あり,
TOS家庭教師センター,TOS 家庭教師,発達特性との相性,学習障害,TOS 家庭教師 学習障害,値あり,
TOS家庭教師センター,TOS 家庭教師,発達特性との相性,境界知能,TOS 家庭教師 境界知能,値あり,
TOS家庭教師センター,TOS 家庭教師,発達特性との相性,不登校,TOS 家庭教師 不登校,値あり,
TOS家庭教師センター,TOS 家庭教師,対象・用途,小学生,TOS 家庭教師 小学生,値あり,
TOS家庭教師センター,TOS 家庭教師,対象・用途,中学生,TOS 家庭教師 中学生,値あり,
TOS家庭教師センター,TOS 家庭教師,対象・用途,高校生,TOS 家庭教師 高校生,値あり,
TOS家庭教師センター,TOS 家庭教師,対象・用途,高校受験,TOS 家庭教師 高校受験,値あり,
TOS家庭教師センター,TOS 家庭教師,対象・用途,中学受験,TOS 家庭教師 中学受験,値あり,
TOS家庭教師センター,TOS 家庭教師,対象・用途,大学受験,TOS 家庭教師 大学受験,値あり,
TOS家庭教師センター,TOS 家庭教師,追加：SERP・サジェスト由来,評判 悪い,TOS 家庭教師 評判 悪い,値あり,
TOS家庭教師センター,TOS 家庭教師,追加：SERP・サジェスト由来,やばい,TOS 家庭教師 やばい,値あり,
TOS家庭教師センター,TOS 家庭教師,追加：SERP・サジェスト由来,知恵袋,TOS 家庭教師 知恵袋,値あり,
TOS家庭教師センター,TOS 家庭教師,追加：SERP・サジェスト由来,2ch,TOS 家庭教師 2ch,値あり,
TOS家庭教師センター,TOS 家庭教師,追加：SERP・サジェスト由来,料金表,TOS 家庭教師 料金表,値あり,
TOS家庭教師センター,TOS 家庭教師,追加：SERP・サジェスト由来,授業料,TOS 家庭教師 授業料,値あり,
TOS家庭教師センター,TOS 家庭教師,追加：SERP・サジェスト由来,夏期講習,TOS 家庭教師 夏期講習,値あり,
TOS家庭教師センター,TOS 家庭教師,追加：SERP・サジェスト由来,意味ない,TOS 家庭教師 意味ない,値あり,
TOS家庭教師センター,TOS 家庭教師,追加：SERP・サジェスト由来,バイト,TOS 家庭教師 バイト,値あり,
TOS家庭教師センター,TOS 家庭教師,追加：SERP・サジェスト由来,求人,TOS 家庭教師 求人,値あり,
TOS家庭教師センター,TOS 家庭教師,追加：KWP KeywordSeed由来,クチコミ,TOS 家庭教師 クチコミ,値あり,
TOS家庭教師センター,TOS 家庭教師,追加：KWP KeywordSeed由来,やめとけ,TOS 家庭教師 やめとけ,値あり,
TOS家庭教師センター,TOS 家庭教師,追加：KWP KeywordSeed由来,合格実績,TOS 家庭教師 合格実績,値あり,
TOS家庭教師センター,TOS 家庭教師,追加：KWP KeywordSeed由来,時間割,TOS 家庭教師 時間割,値あり,
TOS家庭教師センター,TOS 家庭教師,追加：KWP KeywordSeed由来,キャンペーン,TOS 家庭教師 キャンペーン,値あり,
TOS家庭教師センター,TOS 家庭教師,追加：KWP KeywordSeed由来,割引,TOS 家庭教師 割引,値あり,
TOS家庭教師センター,TOS 家庭教師,追加：KWP KeywordSeed由来,コース,TOS 家庭教師 コース,値あり,
TOS家庭教師センター,TOS 家庭教師,追加：KWP KeywordSeed由来,春期講習,TOS 家庭教師 春期講習,値あり,
TOS家庭教師センター,TOS 家庭教師,追加：KWP KeywordSeed由来,冬期講習,TOS 家庭教師 冬期講習,値あり,
TOS家庭教師センター,TOS 家庭教師,追加：KWP KeywordSeed由来,電話番号,TOS 家庭教師 電話番号,値あり,
TOS家庭教師センター,TOS 家庭教師,追加：KWP KeywordSeed由来,ホームページ,TOS 家庭教師 ホームページ,値あり,
TOS家庭教師センター,TOS 家庭教師,追加：KWP KeywordSeed由来,株式会社,TOS 家庭教師 株式会社,値あり,
TOS家庭教師センター,TOS 家庭教師,追加：KWP KeywordSeed由来,講師,TOS 家庭教師 講師,値あり,
TOS家庭教師センター,TOS 家庭教師,追加：KWP KeywordSeed由来,とは,TOS 家庭教師 とは,値あり,
TOS家庭教師センター,TOS 家庭教師,発達特性×口コミ,発達障害 口コミ,TOS 家庭教師 発達障害 口コミ,値あり,
TOS家庭教師センター,TOS 家庭教師,発達特性×口コミ,発達障がい 口コミ,TOS 家庭教師 発達障がい 口コミ,値あり,
TOS家庭教師センター,TOS 家庭教師,発達特性×口コミ,グレーゾーン 口コミ,TOS 家庭教師 グレーゾーン 口コミ,値あり,
TOS家庭教師センター,TOS 家庭教師,発達特性×口コミ,ADHD 口コミ,TOS 家庭教師 ADHD 口コミ,値あり,
TOS家庭教師センター,TOS 家庭教師,発達特性×口コミ,ASD 口コミ,TOS 家庭教師 ASD 口コミ,値あり,
TOS家庭教師センター,TOS 家庭教師,発達特性×口コミ,自閉症 口コミ,TOS 家庭教師 自閉症 口コミ,値あり,
TOS家庭教師センター,TOS 家庭教師,発達特性×口コミ,LD 口コミ,TOS 家庭教師 LD 口コミ,値あり,
TOS家庭教師センター,TOS 家庭教師,発達特性×口コミ,学習障害 口コミ,TOS 家庭教師 学習障害 口コミ,値あり,
TOS家庭教師センター,TOS 家庭教師,発達特性×口コミ,境界知能 口コミ,TOS 家庭教師 境界知能 口コミ,値あり,
TOS家庭教師センター,TOS 家庭教師,発達特性×口コミ,不登校 口コミ,TOS 家庭教師 不登校 口コミ,値あり,
TOS家庭教師センター,TOS 家庭教師,発達特性×評判,発達障害 評判,TOS 家庭教師 発達障害 評判,値あり,
TOS家庭教師センター,TOS 家庭教師,発達特性×評判,発達障がい 評判,TOS 家庭教師 発達障がい 評判,値あり,
TOS家庭教師センター,TOS 家庭教師,発達特性×評判,グレーゾーン 評判,TOS 家庭教師 グレーゾーン 評判,値あり,
TOS家庭教師センター,TOS 家庭教師,発達特性×評判,ADHD 評判,TOS 家庭教師 ADHD 評判,値あり,
TOS家庭教師センター,TOS 家庭教師,発達特性×評判,ASD 評判,TOS 家庭教師 ASD 評判,値あり,
TOS家庭教師センター,TOS 家庭教師,発達特性×評判,自閉症 評判,TOS 家庭教師 自閉症 評判,値あり,
TOS家庭教師センター,TOS 家庭教師,発達特性×評判,LD 評判,TOS 家庭教師 LD 評判,値あり,
TOS家庭教師センター,TOS 家庭教師,発達特性×評判,学習障害 評判,TOS 家庭教師 学習障害 評判,値あり,
TOS家庭教師センター,TOS 家庭教師,発達特性×評判,境界知能 評判,TOS 家庭教師 境界知能 評判,値あり,
TOS家庭教師センター,TOS 家庭教師,発達特性×評判,不登校 評判,TOS 家庭教師 不登校 評判,値あり,
TOS家庭教師センター,TOS 家庭教師,発達特性×料金,発達障害 料金,TOS 家庭教師 発達障害 料金,値あり,
TOS家庭教師センター,TOS 家庭教師,発達特性×料金,発達障がい 料金,TOS 家庭教師 発達障がい 料金,値あり,
TOS家庭教師センター,TOS 家庭教師,発達特性×料金,グレーゾーン 料金,TOS 家庭教師 グレーゾーン 料金,値あり,
TOS家庭教師センター,TOS 家庭教師,発達特性×料金,ADHD 料金,TOS 家庭教師 ADHD 料金,値あり,
TOS家庭教師センター,TOS 家庭教師,発達特性×料金,ASD 料金,TOS 家庭教師 ASD 料金,値あり,
TOS家庭教師センター,TOS 家庭教師,発達特性×料金,自閉症 料金,TOS 家庭教師 自閉症 料金,値あり,
TOS家庭教師センター,TOS 家庭教師,発達特性×料金,LD 料金,TOS 家庭教師 LD 料金,値あり,
TOS家庭教師センター,TOS 家庭教師,発達特性×料金,学習障害 料金,TOS 家庭教師 学習障害 料金,値あり,
TOS家庭教師センター,TOS 家庭教師,発達特性×料金,境界知能 料金,TOS 家庭教師 境界知能 料金,値あり,
TOS家庭教師センター,TOS 家庭教師,発達特性×料金,不登校 料金,TOS 家庭教師 不登校 料金,値あり,
TOS家庭教師センター,TOS家庭教師センター,評判・第三者評価,口コミ,TOS家庭教師センター 口コミ,値あり,10
TOS家庭教師センター,TOS家庭教師センター,評判・第三者評価,評判,TOS家庭教師センター 評判,値あり,10
TOS家庭教師センター,TOS家庭教師センター,評判・第三者評価,レビュー,TOS家庭教師センター レビュー,値あり,
TOS家庭教師センター,TOS家庭教師センター,評判・第三者評価,体験談,TOS家庭教師センター 体験談,値あり,
TOS家庭教師センター,TOS家庭教師センター,評判・第三者評価,感想,TOS家庭教師センター 感想,値あり,
TOS家庭教師センター,TOS家庭教師センター,評判・第三者評価,評価,TOS家庭教師センター 評価,値あり,
TOS家庭教師センター,TOS家庭教師センター,料金・契約,料金,TOS家庭教師センター 料金,値あり,
TOS家庭教師センター,TOS家庭教師センター,料金・契約,費用,TOS家庭教師センター 費用,値あり,
TOS家庭教師センター,TOS家庭教師センター,料金・契約,月謝,TOS家庭教師センター 月謝,値あり,
TOS家庭教師センター,TOS家庭教師センター,料金・契約,値段,TOS家庭教師センター 値段,値あり,
TOS家庭教師センター,TOS家庭教師センター,料金・契約,価格,TOS家庭教師センター 価格,値あり,
TOS家庭教師センター,TOS家庭教師センター,料金・契約,入会金,TOS家庭教師センター 入会金,値あり,
TOS家庭教師センター,TOS家庭教師センター,料金・契約,教材費,TOS家庭教師センター 教材費,値あり,
TOS家庭教師センター,TOS家庭教師センター,料金・契約,高い,TOS家庭教師センター 高い,値あり,
TOS家庭教師センター,TOS家庭教師センター,料金・契約,安い,TOS家庭教師センター 安い,値あり,
TOS家庭教師センター,TOS家庭教師センター,比較・選択,比較,TOS家庭教師センター 比較,値あり,
TOS家庭教師センター,TOS家庭教師センター,比較・選択,違い,TOS家庭教師センター 違い,値あり,
TOS家庭教師センター,TOS家庭教師センター,比較・選択,どっち,TOS家庭教師センター どっち,値あり,
TOS家庭教師センター,TOS家庭教師センター,比較・選択,おすすめ,TOS家庭教師センター おすすめ,値あり,
TOS家庭教師センター,TOS家庭教師センター,比較・選択,他社,TOS家庭教師センター 他社,値あり,
TOS家庭教師センター,TOS家庭教師センター,比較・選択,ランキング,TOS家庭教師センター ランキング,値あり,
TOS家庭教師センター,TOS家庭教師センター,不安・ネガティブ確認,デメリット,TOS家庭教師センター デメリット,値あり,
TOS家庭教師センター,TOS家庭教師センター,不安・ネガティブ確認,メリット,TOS家庭教師センター メリット,値あり,
TOS家庭教師センター,TOS家庭教師センター,不安・ネガティブ確認,怪しい,TOS家庭教師センター 怪しい,値あり,
TOS家庭教師センター,TOS家庭教師センター,不安・ネガティブ確認,最悪,TOS家庭教師センター 最悪,値あり,
TOS家庭教師センター,TOS家庭教師センター,不安・ネガティブ確認,失敗,TOS家庭教師センター 失敗,値あり,
TOS家庭教師センター,TOS家庭教師センター,不安・ネガティブ確認,後悔,TOS家庭教師センター 後悔,値あり,
TOS家庭教師センター,TOS家庭教師センター,不安・ネガティブ確認,合わない,TOS家庭教師センター 合わない,値あり,
TOS家庭教師センター,TOS家庭教師センター,不安・ネガティブ確認,向いてない,TOS家庭教師センター 向いてない,値あり,
TOS家庭教師センター,TOS家庭教師センター,不安・ネガティブ確認,やめたい,TOS家庭教師センター やめたい,値あり,
TOS家庭教師センター,TOS家庭教師センター,不安・ネガティブ確認,辞めたい,TOS家庭教師センター 辞めたい,値あり,
TOS家庭教師センター,TOS家庭教師センター,不安・ネガティブ確認,退会,TOS家庭教師センター 退会,値あり,
TOS家庭教師センター,TOS家庭教師センター,不安・ネガティブ確認,解約,TOS家庭教師センター 解約,値あり,
TOS家庭教師センター,TOS家庭教師センター,申込直前,無料体験,TOS家庭教師センター 無料体験,値あり,
TOS家庭教師センター,TOS家庭教師センター,申込直前,体験,TOS家庭教師センター 体験,値あり,
TOS家庭教師センター,TOS家庭教師センター,申込直前,体験授業,TOS家庭教師センター 体験授業,値あり,
TOS家庭教師センター,TOS家庭教師センター,申込直前,無料相談,TOS家庭教師センター 無料相談,値あり,
TOS家庭教師センター,TOS家庭教師センター,申込直前,資料請求,TOS家庭教師センター 資料請求,値あり,
TOS家庭教師センター,TOS家庭教師センター,申込直前,申し込み,TOS家庭教師センター 申し込み,値あり,
TOS家庭教師センター,TOS家庭教師センター,申込直前,入会,TOS家庭教師センター 入会,値あり,
TOS家庭教師センター,TOS家庭教師センター,発達特性との相性,発達障害,TOS家庭教師センター 発達障害,値あり,
TOS家庭教師センター,TOS家庭教師センター,発達特性との相性,発達障がい,TOS家庭教師センター 発達障がい,値あり,
TOS家庭教師センター,TOS家庭教師センター,発達特性との相性,グレーゾーン,TOS家庭教師センター グレーゾーン,値あり,
TOS家庭教師センター,TOS家庭教師センター,発達特性との相性,ADHD,TOS家庭教師センター ADHD,値あり,
TOS家庭教師センター,TOS家庭教師センター,発達特性との相性,ASD,TOS家庭教師センター ASD,値あり,
TOS家庭教師センター,TOS家庭教師センター,発達特性との相性,自閉症,TOS家庭教師センター 自閉症,値あり,
TOS家庭教師センター,TOS家庭教師センター,発達特性との相性,LD,TOS家庭教師センター LD,値あり,
TOS家庭教師センター,TOS家庭教師センター,発達特性との相性,学習障害,TOS家庭教師センター 学習障害,値あり,
TOS家庭教師センター,TOS家庭教師センター,発達特性との相性,境界知能,TOS家庭教師センター 境界知能,値あり,
TOS家庭教師センター,TOS家庭教師センター,発達特性との相性,不登校,TOS家庭教師センター 不登校,値あり,
TOS家庭教師センター,TOS家庭教師センター,対象・用途,小学生,TOS家庭教師センター 小学生,値あり,
TOS家庭教師センター,TOS家庭教師センター,対象・用途,中学生,TOS家庭教師センター 中学生,値あり,
TOS家庭教師センター,TOS家庭教師センター,対象・用途,高校生,TOS家庭教師センター 高校生,値あり,
TOS家庭教師センター,TOS家庭教師センター,対象・用途,高校受験,TOS家庭教師センター 高校受験,値あり,
TOS家庭教師センター,TOS家庭教師センター,対象・用途,中学受験,TOS家庭教師センター 中学受験,値あり,
TOS家庭教師センター,TOS家庭教師センター,対象・用途,大学受験,TOS家庭教師センター 大学受験,値あり,
TOS家庭教師センター,TOS家庭教師センター,追加：SERP・サジェスト由来,評判 悪い,TOS家庭教師センター 評判 悪い,値あり,
TOS家庭教師センター,TOS家庭教師センター,追加：SERP・サジェスト由来,やばい,TOS家庭教師センター やばい,値あり,
TOS家庭教師センター,TOS家庭教師センター,追加：SERP・サジェスト由来,知恵袋,TOS家庭教師センター 知恵袋,値あり,
TOS家庭教師センター,TOS家庭教師センター,追加：SERP・サジェスト由来,2ch,TOS家庭教師センター 2ch,値あり,
TOS家庭教師センター,TOS家庭教師センター,追加：SERP・サジェスト由来,料金表,TOS家庭教師センター 料金表,値あり,
TOS家庭教師センター,TOS家庭教師センター,追加：SERP・サジェスト由来,授業料,TOS家庭教師センター 授業料,値あり,
TOS家庭教師センター,TOS家庭教師センター,追加：SERP・サジェスト由来,夏期講習,TOS家庭教師センター 夏期講習,値あり,
TOS家庭教師センター,TOS家庭教師センター,追加：SERP・サジェスト由来,意味ない,TOS家庭教師センター 意味ない,値あり,
TOS家庭教師センター,TOS家庭教師センター,追加：SERP・サジェスト由来,バイト,TOS家庭教師センター バイト,値あり,10
TOS家庭教師センター,TOS家庭教師センター,追加：SERP・サジェスト由来,求人,TOS家庭教師センター 求人,値あり,10
TOS家庭教師センター,TOS家庭教師センター,追加：KWP KeywordSeed由来,クチコミ,TOS家庭教師センター クチコミ,値あり,
TOS家庭教師センター,TOS家庭教師センター,追加：KWP KeywordSeed由来,やめとけ,TOS家庭教師センター やめとけ,値あり,
TOS家庭教師センター,TOS家庭教師センター,追加：KWP KeywordSeed由来,合格実績,TOS家庭教師センター 合格実績,値あり,
TOS家庭教師センター,TOS家庭教師センター,追加：KWP KeywordSeed由来,時間割,TOS家庭教師センター 時間割,値あり,
TOS家庭教師センター,TOS家庭教師センター,追加：KWP KeywordSeed由来,キャンペーン,TOS家庭教師センター キャンペーン,値あり,
TOS家庭教師センター,TOS家庭教師センター,追加：KWP KeywordSeed由来,割引,TOS家庭教師センター 割引,値あり,
TOS家庭教師センター,TOS家庭教師センター,追加：KWP KeywordSeed由来,コース,TOS家庭教師センター コース,値あり,
TOS家庭教師センター,TOS家庭教師センター,追加：KWP KeywordSeed由来,春期講習,TOS家庭教師センター 春期講習,値あり,
TOS家庭教師センター,TOS家庭教師センター,追加：KWP KeywordSeed由来,冬期講習,TOS家庭教師センター 冬期講習,値あり,
TOS家庭教師センター,TOS家庭教師センター,追加：KWP KeywordSeed由来,電話番号,TOS家庭教師センター 電話番号,値あり,
TOS家庭教師センター,TOS家庭教師センター,追加：KWP KeywordSeed由来,ホームページ,TOS家庭教師センター ホームページ,値あり,
TOS家庭教師センター,TOS家庭教師センター,追加：KWP KeywordSeed由来,株式会社,TOS家庭教師センター 株式会社,値あり,
TOS家庭教師センター,TOS家庭教師センター,追加：KWP KeywordSeed由来,講師,TOS家庭教師センター 講師,値あり,
TOS家庭教師センター,TOS家庭教師センター,追加：KWP KeywordSeed由来,とは,TOS家庭教師センター とは,値あり,
家庭教師のコーチング1,コーチング1,評判・第三者評価,口コミ,コーチング1 口コミ,値あり,30
家庭教師のコーチング1,コーチング1,評判・第三者評価,評判,コーチング1 評判,値あり,10
家庭教師のコーチング1,コーチング1,評判・第三者評価,レビュー,コーチング1 レビュー,値あり,
家庭教師のコーチング1,コーチング1,評判・第三者評価,体験談,コーチング1 体験談,値あり,
家庭教師のコーチング1,コーチング1,評判・第三者評価,感想,コーチング1 感想,値あり,
家庭教師のコーチング1,コーチング1,評判・第三者評価,評価,コーチング1 評価,値あり,
家庭教師のコーチング1,コーチング1,料金・契約,料金,コーチング1 料金,値あり,
家庭教師のコーチング1,コーチング1,料金・契約,費用,コーチング1 費用,値あり,
家庭教師のコーチング1,コーチング1,料金・契約,月謝,コーチング1 月謝,値あり,
家庭教師のコーチング1,コーチング1,料金・契約,値段,コーチング1 値段,値あり,
家庭教師のコーチング1,コーチング1,料金・契約,価格,コーチング1 価格,値あり,
家庭教師のコーチング1,コーチング1,料金・契約,入会金,コーチング1 入会金,値あり,
家庭教師のコーチング1,コーチング1,料金・契約,教材費,コーチング1 教材費,値あり,
家庭教師のコーチング1,コーチング1,料金・契約,高い,コーチング1 高い,値あり,
家庭教師のコーチング1,コーチング1,料金・契約,安い,コーチング1 安い,値あり,
家庭教師のコーチング1,コーチング1,比較・選択,比較,コーチング1 比較,値あり,
家庭教師のコーチング1,コーチング1,比較・選択,違い,コーチング1 違い,値あり,
家庭教師のコーチング1,コーチング1,比較・選択,どっち,コーチング1 どっち,値あり,
家庭教師のコーチング1,コーチング1,比較・選択,おすすめ,コーチング1 おすすめ,値あり,
家庭教師のコーチング1,コーチング1,比較・選択,他社,コーチング1 他社,値あり,
家庭教師のコーチング1,コーチング1,比較・選択,ランキング,コーチング1 ランキング,値あり,
家庭教師のコーチング1,コーチング1,不安・ネガティブ確認,デメリット,コーチング1 デメリット,値あり,
家庭教師のコーチング1,コーチング1,不安・ネガティブ確認,メリット,コーチング1 メリット,値あり,
家庭教師のコーチング1,コーチング1,不安・ネガティブ確認,怪しい,コーチング1 怪しい,値あり,
家庭教師のコーチング1,コーチング1,不安・ネガティブ確認,最悪,コーチング1 最悪,値あり,
家庭教師のコーチング1,コーチング1,不安・ネガティブ確認,失敗,コーチング1 失敗,値あり,
家庭教師のコーチング1,コーチング1,不安・ネガティブ確認,後悔,コーチング1 後悔,値あり,
家庭教師のコーチング1,コーチング1,不安・ネガティブ確認,合わない,コーチング1 合わない,値あり,
家庭教師のコーチング1,コーチング1,不安・ネガティブ確認,向いてない,コーチング1 向いてない,値あり,
家庭教師のコーチング1,コーチング1,不安・ネガティブ確認,やめたい,コーチング1 やめたい,値あり,
家庭教師のコーチング1,コーチング1,不安・ネガティブ確認,辞めたい,コーチング1 辞めたい,値あり,
家庭教師のコーチング1,コーチング1,不安・ネガティブ確認,退会,コーチング1 退会,値あり,
家庭教師のコーチング1,コーチング1,不安・ネガティブ確認,解約,コーチング1 解約,値あり,
家庭教師のコーチング1,コーチング1,申込直前,無料体験,コーチング1 無料体験,値あり,
家庭教師のコーチング1,コーチング1,申込直前,体験,コーチング1 体験,値あり,
家庭教師のコーチング1,コーチング1,申込直前,体験授業,コーチング1 体験授業,値あり,
家庭教師のコーチング1,コーチング1,申込直前,無料相談,コーチング1 無料相談,値あり,
家庭教師のコーチング1,コーチング1,申込直前,資料請求,コーチング1 資料請求,値あり,
家庭教師のコーチング1,コーチング1,申込直前,申し込み,コーチング1 申し込み,値あり,
家庭教師のコーチング1,コーチング1,申込直前,入会,コーチング1 入会,値あり,
家庭教師のコーチング1,コーチング1,発達特性との相性,発達障害,コーチング1 発達障害,値あり,
家庭教師のコーチング1,コーチング1,発達特性との相性,発達障がい,コーチング1 発達障がい,値あり,
家庭教師のコーチング1,コーチング1,発達特性との相性,グレーゾーン,コーチング1 グレーゾーン,値あり,
家庭教師のコーチング1,コーチング1,発達特性との相性,ADHD,コーチング1 ADHD,値あり,
家庭教師のコーチング1,コーチング1,発達特性との相性,ASD,コーチング1 ASD,値あり,
家庭教師のコーチング1,コーチング1,発達特性との相性,自閉症,コーチング1 自閉症,値あり,
家庭教師のコーチング1,コーチング1,発達特性との相性,LD,コーチング1 LD,値あり,
家庭教師のコーチング1,コーチング1,発達特性との相性,学習障害,コーチング1 学習障害,値あり,
家庭教師のコーチング1,コーチング1,発達特性との相性,境界知能,コーチング1 境界知能,値あり,
家庭教師のコーチング1,コーチング1,発達特性との相性,不登校,コーチング1 不登校,値あり,
家庭教師のコーチング1,コーチング1,対象・用途,小学生,コーチング1 小学生,値あり,
家庭教師のコーチング1,コーチング1,対象・用途,中学生,コーチング1 中学生,値あり,
家庭教師のコーチング1,コーチング1,対象・用途,高校生,コーチング1 高校生,値あり,
家庭教師のコーチング1,コーチング1,対象・用途,高校受験,コーチング1 高校受験,値あり,
家庭教師のコーチング1,コーチング1,対象・用途,中学受験,コーチング1 中学受験,値あり,
家庭教師のコーチング1,コーチング1,対象・用途,大学受験,コーチング1 大学受験,値あり,
家庭教師のコーチング1,コーチング1,追加：SERP・サジェスト由来,評判 悪い,コーチング1 評判 悪い,値あり,
家庭教師のコーチング1,コーチング1,追加：SERP・サジェスト由来,やばい,コーチング1 やばい,値あり,
家庭教師のコーチング1,コーチング1,追加：SERP・サジェスト由来,知恵袋,コーチング1 知恵袋,値あり,
家庭教師のコーチング1,コーチング1,追加：SERP・サジェスト由来,2ch,コーチング1 2ch,値あり,
家庭教師のコーチング1,コーチング1,追加：SERP・サジェスト由来,料金表,コーチング1 料金表,値あり,
家庭教師のコーチング1,コーチング1,追加：SERP・サジェスト由来,授業料,コーチング1 授業料,値あり,
家庭教師のコーチング1,コーチング1,追加：SERP・サジェスト由来,夏期講習,コーチング1 夏期講習,値あり,
家庭教師のコーチング1,コーチング1,追加：SERP・サジェスト由来,意味ない,コーチング1 意味ない,値あり,
家庭教師のコーチング1,コーチング1,追加：SERP・サジェスト由来,バイト,コーチング1 バイト,値あり,10
家庭教師のコーチング1,コーチング1,追加：SERP・サジェスト由来,求人,コーチング1 求人,値あり,
家庭教師のコーチング1,コーチング1,追加：KWP KeywordSeed由来,クチコミ,コーチング1 クチコミ,値あり,
家庭教師のコーチング1,コーチング1,追加：KWP KeywordSeed由来,やめとけ,コーチング1 やめとけ,値あり,
家庭教師のコーチング1,コーチング1,追加：KWP KeywordSeed由来,合格実績,コーチング1 合格実績,値あり,
家庭教師のコーチング1,コーチング1,追加：KWP KeywordSeed由来,時間割,コーチング1 時間割,値あり,
家庭教師のコーチング1,コーチング1,追加：KWP KeywordSeed由来,キャンペーン,コーチング1 キャンペーン,値あり,
家庭教師のコーチング1,コーチング1,追加：KWP KeywordSeed由来,割引,コーチング1 割引,値あり,
家庭教師のコーチング1,コーチング1,追加：KWP KeywordSeed由来,コース,コーチング1 コース,値あり,
家庭教師のコーチング1,コーチング1,追加：KWP KeywordSeed由来,春期講習,コーチング1 春期講習,値あり,
家庭教師のコーチング1,コーチング1,追加：KWP KeywordSeed由来,冬期講習,コーチング1 冬期講習,値あり,
家庭教師のコーチング1,コーチング1,追加：KWP KeywordSeed由来,電話番号,コーチング1 電話番号,値あり,
家庭教師のコーチング1,コーチング1,追加：KWP KeywordSeed由来,ホームページ,コーチング1 ホームページ,値あり,
家庭教師のコーチング1,コーチング1,追加：KWP KeywordSeed由来,株式会社,コーチング1 株式会社,値あり,
家庭教師のコーチング1,コーチング1,追加：KWP KeywordSeed由来,講師,コーチング1 講師,値あり,
家庭教師のコーチング1,コーチング1,追加：KWP KeywordSeed由来,とは,コーチング1 とは,値あり,
家庭教師のコーチング1,コーチング1,発達特性×口コミ,発達障害 口コミ,コーチング1 発達障害 口コミ,値あり,
家庭教師のコーチング1,コーチング1,発達特性×口コミ,発達障がい 口コミ,コーチング1 発達障がい 口コミ,値あり,
家庭教師のコーチング1,コーチング1,発達特性×口コミ,グレーゾーン 口コミ,コーチング1 グレーゾーン 口コミ,値あり,
家庭教師のコーチング1,コーチング1,発達特性×口コミ,ADHD 口コミ,コーチング1 ADHD 口コミ,値あり,
家庭教師のコーチング1,コーチング1,発達特性×口コミ,ASD 口コミ,コーチング1 ASD 口コミ,値あり,
家庭教師のコーチング1,コーチング1,発達特性×口コミ,自閉症 口コミ,コーチング1 自閉症 口コミ,値あり,
家庭教師のコーチング1,コーチング1,発達特性×口コミ,LD 口コミ,コーチング1 LD 口コミ,値あり,
家庭教師のコーチング1,コーチング1,発達特性×口コミ,学習障害 口コミ,コーチング1 学習障害 口コミ,値あり,
家庭教師のコーチング1,コーチング1,発達特性×口コミ,境界知能 口コミ,コーチング1 境界知能 口コミ,値あり,
家庭教師のコーチング1,コーチング1,発達特性×口コミ,不登校 口コミ,コーチング1 不登校 口コミ,値あり,
家庭教師のコーチング1,コーチング1,発達特性×評判,発達障害 評判,コーチング1 発達障害 評判,値あり,
家庭教師のコーチング1,コーチング1,発達特性×評判,発達障がい 評判,コーチング1 発達障がい 評判,値あり,
家庭教師のコーチング1,コーチング1,発達特性×評判,グレーゾーン 評判,コーチング1 グレーゾーン 評判,値あり,
家庭教師のコーチング1,コーチング1,発達特性×評判,ADHD 評判,コーチング1 ADHD 評判,値あり,
家庭教師のコーチング1,コーチング1,発達特性×評判,ASD 評判,コーチング1 ASD 評判,値あり,
家庭教師のコーチング1,コーチング1,発達特性×評判,自閉症 評判,コーチング1 自閉症 評判,値あり,
家庭教師のコーチング1,コーチング1,発達特性×評判,LD 評判,コーチング1 LD 評判,値あり,
家庭教師のコーチング1,コーチング1,発達特性×評判,学習障害 評判,コーチング1 学習障害 評判,値あり,
家庭教師のコーチング1,コーチング1,発達特性×評判,境界知能 評判,コーチング1 境界知能 評判,値あり,
家庭教師のコーチング1,コーチング1,発達特性×評判,不登校 評判,コーチング1 不登校 評判,値あり,
家庭教師のコーチング1,コーチング1,発達特性×料金,発達障害 料金,コーチング1 発達障害 料金,値あり,
家庭教師のコーチング1,コーチング1,発達特性×料金,発達障がい 料金,コーチング1 発達障がい 料金,値あり,
家庭教師のコーチング1,コーチング1,発達特性×料金,グレーゾーン 料金,コーチング1 グレーゾーン 料金,値あり,
家庭教師のコーチング1,コーチング1,発達特性×料金,ADHD 料金,コーチング1 ADHD 料金,値あり,
家庭教師のコーチング1,コーチング1,発達特性×料金,ASD 料金,コーチング1 ASD 料金,値あり,
家庭教師のコーチング1,コーチング1,発達特性×料金,自閉症 料金,コーチング1 自閉症 料金,値あり,
家庭教師のコーチング1,コーチング1,発達特性×料金,LD 料金,コーチング1 LD 料金,値あり,
家庭教師のコーチング1,コーチング1,発達特性×料金,学習障害 料金,コーチング1 学習障害 料金,値あり,
家庭教師のコーチング1,コーチング1,発達特性×料金,境界知能 料金,コーチング1 境界知能 料金,値あり,
家庭教師のコーチング1,コーチング1,発達特性×料金,不登校 料金,コーチング1 不登校 料金,値あり,
家庭教師のコーチング1,家庭教師のコーチング1,評判・第三者評価,口コミ,家庭教師のコーチング1 口コミ,値あり,
家庭教師のコーチング1,家庭教師のコーチング1,評判・第三者評価,評判,家庭教師のコーチング1 評判,値あり,10
家庭教師のコーチング1,家庭教師のコーチング1,評判・第三者評価,レビュー,家庭教師のコーチング1 レビュー,値あり,
家庭教師のコーチング1,家庭教師のコーチング1,評判・第三者評価,体験談,家庭教師のコーチング1 体験談,値あり,
家庭教師のコーチング1,家庭教師のコーチング1,評判・第三者評価,感想,家庭教師のコーチング1 感想,値あり,
家庭教師のコーチング1,家庭教師のコーチング1,評判・第三者評価,評価,家庭教師のコーチング1 評価,値あり,
家庭教師のコーチング1,家庭教師のコーチング1,料金・契約,料金,家庭教師のコーチング1 料金,値あり,
家庭教師のコーチング1,家庭教師のコーチング1,料金・契約,費用,家庭教師のコーチング1 費用,値あり,
家庭教師のコーチング1,家庭教師のコーチング1,料金・契約,月謝,家庭教師のコーチング1 月謝,値あり,
家庭教師のコーチング1,家庭教師のコーチング1,料金・契約,値段,家庭教師のコーチング1 値段,値あり,
家庭教師のコーチング1,家庭教師のコーチング1,料金・契約,価格,家庭教師のコーチング1 価格,値あり,
家庭教師のコーチング1,家庭教師のコーチング1,料金・契約,入会金,家庭教師のコーチング1 入会金,値あり,
家庭教師のコーチング1,家庭教師のコーチング1,料金・契約,教材費,家庭教師のコーチング1 教材費,値あり,
家庭教師のコーチング1,家庭教師のコーチング1,料金・契約,高い,家庭教師のコーチング1 高い,値あり,
家庭教師のコーチング1,家庭教師のコーチング1,料金・契約,安い,家庭教師のコーチング1 安い,値あり,
家庭教師のコーチング1,家庭教師のコーチング1,比較・選択,比較,家庭教師のコーチング1 比較,値あり,
家庭教師のコーチング1,家庭教師のコーチング1,比較・選択,違い,家庭教師のコーチング1 違い,値あり,
家庭教師のコーチング1,家庭教師のコーチング1,比較・選択,どっち,家庭教師のコーチング1 どっち,値あり,
家庭教師のコーチング1,家庭教師のコーチング1,比較・選択,おすすめ,家庭教師のコーチング1 おすすめ,値あり,
家庭教師のコーチング1,家庭教師のコーチング1,比較・選択,他社,家庭教師のコーチング1 他社,値あり,
家庭教師のコーチング1,家庭教師のコーチング1,比較・選択,ランキング,家庭教師のコーチング1 ランキング,値あり,
家庭教師のコーチング1,家庭教師のコーチング1,不安・ネガティブ確認,デメリット,家庭教師のコーチング1 デメリット,値あり,
家庭教師のコーチング1,家庭教師のコーチング1,不安・ネガティブ確認,メリット,家庭教師のコーチング1 メリット,値あり,
家庭教師のコーチング1,家庭教師のコーチング1,不安・ネガティブ確認,怪しい,家庭教師のコーチング1 怪しい,値あり,
家庭教師のコーチング1,家庭教師のコーチング1,不安・ネガティブ確認,最悪,家庭教師のコーチング1 最悪,値あり,
家庭教師のコーチング1,家庭教師のコーチング1,不安・ネガティブ確認,失敗,家庭教師のコーチング1 失敗,値あり,
家庭教師のコーチング1,家庭教師のコーチング1,不安・ネガティブ確認,後悔,家庭教師のコーチング1 後悔,値あり,
家庭教師のコーチング1,家庭教師のコーチング1,不安・ネガティブ確認,合わない,家庭教師のコーチング1 合わない,値あり,
家庭教師のコーチング1,家庭教師のコーチング1,不安・ネガティブ確認,向いてない,家庭教師のコーチング1 向いてない,値あり,
家庭教師のコーチング1,家庭教師のコーチング1,不安・ネガティブ確認,やめたい,家庭教師のコーチング1 やめたい,値あり,
家庭教師のコーチング1,家庭教師のコーチング1,不安・ネガティブ確認,辞めたい,家庭教師のコーチング1 辞めたい,値あり,
家庭教師のコーチング1,家庭教師のコーチング1,不安・ネガティブ確認,退会,家庭教師のコーチング1 退会,値あり,
家庭教師のコーチング1,家庭教師のコーチング1,不安・ネガティブ確認,解約,家庭教師のコーチング1 解約,値あり,
家庭教師のコーチング1,家庭教師のコーチング1,申込直前,無料体験,家庭教師のコーチング1 無料体験,値あり,
家庭教師のコーチング1,家庭教師のコーチング1,申込直前,体験,家庭教師のコーチング1 体験,値あり,
家庭教師のコーチング1,家庭教師のコーチング1,申込直前,体験授業,家庭教師のコーチング1 体験授業,値あり,
家庭教師のコーチング1,家庭教師のコーチング1,申込直前,無料相談,家庭教師のコーチング1 無料相談,値あり,
家庭教師のコーチング1,家庭教師のコーチング1,申込直前,資料請求,家庭教師のコーチング1 資料請求,値あり,
家庭教師のコーチング1,家庭教師のコーチング1,申込直前,申し込み,家庭教師のコーチング1 申し込み,値あり,
家庭教師のコーチング1,家庭教師のコーチング1,申込直前,入会,家庭教師のコーチング1 入会,値あり,
家庭教師のコーチング1,家庭教師のコーチング1,発達特性との相性,発達障害,家庭教師のコーチング1 発達障害,値あり,
家庭教師のコーチング1,家庭教師のコーチング1,発達特性との相性,発達障がい,家庭教師のコーチング1 発達障がい,値あり,
家庭教師のコーチング1,家庭教師のコーチング1,発達特性との相性,グレーゾーン,家庭教師のコーチング1 グレーゾーン,値あり,
家庭教師のコーチング1,家庭教師のコーチング1,発達特性との相性,ADHD,家庭教師のコーチング1 ADHD,値あり,
家庭教師のコーチング1,家庭教師のコーチング1,発達特性との相性,ASD,家庭教師のコーチング1 ASD,値あり,
家庭教師のコーチング1,家庭教師のコーチング1,発達特性との相性,自閉症,家庭教師のコーチング1 自閉症,値あり,
家庭教師のコーチング1,家庭教師のコーチング1,発達特性との相性,LD,家庭教師のコーチング1 LD,値あり,
家庭教師のコーチング1,家庭教師のコーチング1,発達特性との相性,学習障害,家庭教師のコーチング1 学習障害,値あり,
家庭教師のコーチング1,家庭教師のコーチング1,発達特性との相性,境界知能,家庭教師のコーチング1 境界知能,値あり,
家庭教師のコーチング1,家庭教師のコーチング1,発達特性との相性,不登校,家庭教師のコーチング1 不登校,値あり,
家庭教師のコーチング1,家庭教師のコーチング1,対象・用途,小学生,家庭教師のコーチング1 小学生,値あり,
家庭教師のコーチング1,家庭教師のコーチング1,対象・用途,中学生,家庭教師のコーチング1 中学生,値あり,
家庭教師のコーチング1,家庭教師のコーチング1,対象・用途,高校生,家庭教師のコーチング1 高校生,値あり,
家庭教師のコーチング1,家庭教師のコーチング1,対象・用途,高校受験,家庭教師のコーチング1 高校受験,値あり,
家庭教師のコーチング1,家庭教師のコーチング1,対象・用途,中学受験,家庭教師のコーチング1 中学受験,値あり,
家庭教師のコーチング1,家庭教師のコーチング1,対象・用途,大学受験,家庭教師のコーチング1 大学受験,値あり,
家庭教師のコーチング1,家庭教師のコーチング1,追加：SERP・サジェスト由来,評判 悪い,家庭教師のコーチング1 評判 悪い,値あり,
家庭教師のコーチング1,家庭教師のコーチング1,追加：SERP・サジェスト由来,やばい,家庭教師のコーチング1 やばい,値あり,
家庭教師のコーチング1,家庭教師のコーチング1,追加：SERP・サジェスト由来,知恵袋,家庭教師のコーチング1 知恵袋,値あり,
家庭教師のコーチング1,家庭教師のコーチング1,追加：SERP・サジェスト由来,2ch,家庭教師のコーチング1 2ch,値あり,
家庭教師のコーチング1,家庭教師のコーチング1,追加：SERP・サジェスト由来,料金表,家庭教師のコーチング1 料金表,値あり,
家庭教師のコーチング1,家庭教師のコーチング1,追加：SERP・サジェスト由来,授業料,家庭教師のコーチング1 授業料,値あり,
家庭教師のコーチング1,家庭教師のコーチング1,追加：SERP・サジェスト由来,夏期講習,家庭教師のコーチング1 夏期講習,値あり,
家庭教師のコーチング1,家庭教師のコーチング1,追加：SERP・サジェスト由来,意味ない,家庭教師のコーチング1 意味ない,値あり,
家庭教師のコーチング1,家庭教師のコーチング1,追加：SERP・サジェスト由来,バイト,家庭教師のコーチング1 バイト,値あり,10
家庭教師のコーチング1,家庭教師のコーチング1,追加：SERP・サジェスト由来,求人,家庭教師のコーチング1 求人,値あり,
家庭教師のコーチング1,家庭教師のコーチング1,追加：KWP KeywordSeed由来,クチコミ,家庭教師のコーチング1 クチコミ,値あり,
家庭教師のコーチング1,家庭教師のコーチング1,追加：KWP KeywordSeed由来,やめとけ,家庭教師のコーチング1 やめとけ,値あり,
家庭教師のコーチング1,家庭教師のコーチング1,追加：KWP KeywordSeed由来,合格実績,家庭教師のコーチング1 合格実績,値あり,
家庭教師のコーチング1,家庭教師のコーチング1,追加：KWP KeywordSeed由来,時間割,家庭教師のコーチング1 時間割,値あり,
家庭教師のコーチング1,家庭教師のコーチング1,追加：KWP KeywordSeed由来,キャンペーン,家庭教師のコーチング1 キャンペーン,値あり,
家庭教師のコーチング1,家庭教師のコーチング1,追加：KWP KeywordSeed由来,割引,家庭教師のコーチング1 割引,値あり,
家庭教師のコーチング1,家庭教師のコーチング1,追加：KWP KeywordSeed由来,コース,家庭教師のコーチング1 コース,値あり,
家庭教師のコーチング1,家庭教師のコーチング1,追加：KWP KeywordSeed由来,春期講習,家庭教師のコーチング1 春期講習,値あり,
家庭教師のコーチング1,家庭教師のコーチング1,追加：KWP KeywordSeed由来,冬期講習,家庭教師のコーチング1 冬期講習,値あり,
家庭教師のコーチング1,家庭教師のコーチング1,追加：KWP KeywordSeed由来,電話番号,家庭教師のコーチング1 電話番号,値あり,
家庭教師のコーチング1,家庭教師のコーチング1,追加：KWP KeywordSeed由来,ホームページ,家庭教師のコーチング1 ホームページ,値あり,
家庭教師のコーチング1,家庭教師のコーチング1,追加：KWP KeywordSeed由来,株式会社,家庭教師のコーチング1 株式会社,値あり,
家庭教師のコーチング1,家庭教師のコーチング1,追加：KWP KeywordSeed由来,講師,家庭教師のコーチング1 講師,値あり,
家庭教師のコーチング1,家庭教師のコーチング1,追加：KWP KeywordSeed由来,とは,家庭教師のコーチング1 とは,値あり,
プロ家庭教師のジャンプ,家庭教師のジャンプ,評判・第三者評価,口コミ,家庭教師のジャンプ 口コミ,値あり,20
プロ家庭教師のジャンプ,家庭教師のジャンプ,評判・第三者評価,評判,家庭教師のジャンプ 評判,値あり,30
プロ家庭教師のジャンプ,家庭教師のジャンプ,評判・第三者評価,レビュー,家庭教師のジャンプ レビュー,値あり,
プロ家庭教師のジャンプ,家庭教師のジャンプ,評判・第三者評価,体験談,家庭教師のジャンプ 体験談,値あり,
プロ家庭教師のジャンプ,家庭教師のジャンプ,評判・第三者評価,感想,家庭教師のジャンプ 感想,値あり,
プロ家庭教師のジャンプ,家庭教師のジャンプ,評判・第三者評価,評価,家庭教師のジャンプ 評価,値あり,
プロ家庭教師のジャンプ,家庭教師のジャンプ,料金・契約,料金,家庭教師のジャンプ 料金,値あり,
プロ家庭教師のジャンプ,家庭教師のジャンプ,料金・契約,費用,家庭教師のジャンプ 費用,値あり,
プロ家庭教師のジャンプ,家庭教師のジャンプ,料金・契約,月謝,家庭教師のジャンプ 月謝,値あり,
プロ家庭教師のジャンプ,家庭教師のジャンプ,料金・契約,値段,家庭教師のジャンプ 値段,値あり,
プロ家庭教師のジャンプ,家庭教師のジャンプ,料金・契約,価格,家庭教師のジャンプ 価格,値あり,
プロ家庭教師のジャンプ,家庭教師のジャンプ,料金・契約,入会金,家庭教師のジャンプ 入会金,値あり,
プロ家庭教師のジャンプ,家庭教師のジャンプ,料金・契約,教材費,家庭教師のジャンプ 教材費,値あり,
プロ家庭教師のジャンプ,家庭教師のジャンプ,料金・契約,高い,家庭教師のジャンプ 高い,値あり,
プロ家庭教師のジャンプ,家庭教師のジャンプ,料金・契約,安い,家庭教師のジャンプ 安い,値あり,
プロ家庭教師のジャンプ,家庭教師のジャンプ,比較・選択,比較,家庭教師のジャンプ 比較,値あり,
プロ家庭教師のジャンプ,家庭教師のジャンプ,比較・選択,違い,家庭教師のジャンプ 違い,値あり,
プロ家庭教師のジャンプ,家庭教師のジャンプ,比較・選択,どっち,家庭教師のジャンプ どっち,値あり,
プロ家庭教師のジャンプ,家庭教師のジャンプ,比較・選択,おすすめ,家庭教師のジャンプ おすすめ,値あり,
プロ家庭教師のジャンプ,家庭教師のジャンプ,比較・選択,他社,家庭教師のジャンプ 他社,値あり,
プロ家庭教師のジャンプ,家庭教師のジャンプ,比較・選択,ランキング,家庭教師のジャンプ ランキング,値あり,
プロ家庭教師のジャンプ,家庭教師のジャンプ,不安・ネガティブ確認,デメリット,家庭教師のジャンプ デメリット,値あり,
プロ家庭教師のジャンプ,家庭教師のジャンプ,不安・ネガティブ確認,メリット,家庭教師のジャンプ メリット,値あり,
プロ家庭教師のジャンプ,家庭教師のジャンプ,不安・ネガティブ確認,怪しい,家庭教師のジャンプ 怪しい,値あり,
プロ家庭教師のジャンプ,家庭教師のジャンプ,不安・ネガティブ確認,最悪,家庭教師のジャンプ 最悪,値あり,
プロ家庭教師のジャンプ,家庭教師のジャンプ,不安・ネガティブ確認,失敗,家庭教師のジャンプ 失敗,値あり,
プロ家庭教師のジャンプ,家庭教師のジャンプ,不安・ネガティブ確認,後悔,家庭教師のジャンプ 後悔,値あり,
プロ家庭教師のジャンプ,家庭教師のジャンプ,不安・ネガティブ確認,合わない,家庭教師のジャンプ 合わない,値あり,
プロ家庭教師のジャンプ,家庭教師のジャンプ,不安・ネガティブ確認,向いてない,家庭教師のジャンプ 向いてない,値あり,
プロ家庭教師のジャンプ,家庭教師のジャンプ,不安・ネガティブ確認,やめたい,家庭教師のジャンプ やめたい,値あり,
プロ家庭教師のジャンプ,家庭教師のジャンプ,不安・ネガティブ確認,辞めたい,家庭教師のジャンプ 辞めたい,値あり,
プロ家庭教師のジャンプ,家庭教師のジャンプ,不安・ネガティブ確認,退会,家庭教師のジャンプ 退会,値あり,
プロ家庭教師のジャンプ,家庭教師のジャンプ,不安・ネガティブ確認,解約,家庭教師のジャンプ 解約,値あり,
プロ家庭教師のジャンプ,家庭教師のジャンプ,申込直前,無料体験,家庭教師のジャンプ 無料体験,値あり,
プロ家庭教師のジャンプ,家庭教師のジャンプ,申込直前,体験,家庭教師のジャンプ 体験,値あり,
プロ家庭教師のジャンプ,家庭教師のジャンプ,申込直前,体験授業,家庭教師のジャンプ 体験授業,値あり,
プロ家庭教師のジャンプ,家庭教師のジャンプ,申込直前,無料相談,家庭教師のジャンプ 無料相談,値あり,
プロ家庭教師のジャンプ,家庭教師のジャンプ,申込直前,資料請求,家庭教師のジャンプ 資料請求,値あり,
プロ家庭教師のジャンプ,家庭教師のジャンプ,申込直前,申し込み,家庭教師のジャンプ 申し込み,値あり,
プロ家庭教師のジャンプ,家庭教師のジャンプ,申込直前,入会,家庭教師のジャンプ 入会,値あり,
プロ家庭教師のジャンプ,家庭教師のジャンプ,発達特性との相性,発達障害,家庭教師のジャンプ 発達障害,値あり,10
プロ家庭教師のジャンプ,家庭教師のジャンプ,発達特性との相性,発達障がい,家庭教師のジャンプ 発達障がい,値あり,
プロ家庭教師のジャンプ,家庭教師のジャンプ,発達特性との相性,グレーゾーン,家庭教師のジャンプ グレーゾーン,値あり,
プロ家庭教師のジャンプ,家庭教師のジャンプ,発達特性との相性,ADHD,家庭教師のジャンプ ADHD,値あり,
プロ家庭教師のジャンプ,家庭教師のジャンプ,発達特性との相性,ASD,家庭教師のジャンプ ASD,値あり,
プロ家庭教師のジャンプ,家庭教師のジャンプ,発達特性との相性,自閉症,家庭教師のジャンプ 自閉症,値あり,
プロ家庭教師のジャンプ,家庭教師のジャンプ,発達特性との相性,LD,家庭教師のジャンプ LD,値あり,
プロ家庭教師のジャンプ,家庭教師のジャンプ,発達特性との相性,学習障害,家庭教師のジャンプ 学習障害,値あり,
プロ家庭教師のジャンプ,家庭教師のジャンプ,発達特性との相性,境界知能,家庭教師のジャンプ 境界知能,値あり,
プロ家庭教師のジャンプ,家庭教師のジャンプ,発達特性との相性,不登校,家庭教師のジャンプ 不登校,値あり,
プロ家庭教師のジャンプ,家庭教師のジャンプ,対象・用途,小学生,家庭教師のジャンプ 小学生,値あり,
プロ家庭教師のジャンプ,家庭教師のジャンプ,対象・用途,中学生,家庭教師のジャンプ 中学生,値あり,
プロ家庭教師のジャンプ,家庭教師のジャンプ,対象・用途,高校生,家庭教師のジャンプ 高校生,値あり,
プロ家庭教師のジャンプ,家庭教師のジャンプ,対象・用途,高校受験,家庭教師のジャンプ 高校受験,値あり,
プロ家庭教師のジャンプ,家庭教師のジャンプ,対象・用途,中学受験,家庭教師のジャンプ 中学受験,値あり,
プロ家庭教師のジャンプ,家庭教師のジャンプ,対象・用途,大学受験,家庭教師のジャンプ 大学受験,値あり,
プロ家庭教師のジャンプ,家庭教師のジャンプ,追加：SERP・サジェスト由来,評判 悪い,家庭教師のジャンプ 評判 悪い,値あり,
プロ家庭教師のジャンプ,家庭教師のジャンプ,追加：SERP・サジェスト由来,やばい,家庭教師のジャンプ やばい,値あり,
プロ家庭教師のジャンプ,家庭教師のジャンプ,追加：SERP・サジェスト由来,知恵袋,家庭教師のジャンプ 知恵袋,値あり,
プロ家庭教師のジャンプ,家庭教師のジャンプ,追加：SERP・サジェスト由来,2ch,家庭教師のジャンプ 2ch,値あり,
プロ家庭教師のジャンプ,家庭教師のジャンプ,追加：SERP・サジェスト由来,料金表,家庭教師のジャンプ 料金表,値あり,
プロ家庭教師のジャンプ,家庭教師のジャンプ,追加：SERP・サジェスト由来,授業料,家庭教師のジャンプ 授業料,値あり,
プロ家庭教師のジャンプ,家庭教師のジャンプ,追加：SERP・サジェスト由来,夏期講習,家庭教師のジャンプ 夏期講習,値あり,
プロ家庭教師のジャンプ,家庭教師のジャンプ,追加：SERP・サジェスト由来,意味ない,家庭教師のジャンプ 意味ない,値あり,
プロ家庭教師のジャンプ,家庭教師のジャンプ,追加：SERP・サジェスト由来,バイト,家庭教師のジャンプ バイト,値あり,10
プロ家庭教師のジャンプ,家庭教師のジャンプ,追加：SERP・サジェスト由来,求人,家庭教師のジャンプ 求人,値あり,
プロ家庭教師のジャンプ,家庭教師のジャンプ,追加：KWP KeywordSeed由来,クチコミ,家庭教師のジャンプ クチコミ,値あり,
プロ家庭教師のジャンプ,家庭教師のジャンプ,追加：KWP KeywordSeed由来,やめとけ,家庭教師のジャンプ やめとけ,値あり,
プロ家庭教師のジャンプ,家庭教師のジャンプ,追加：KWP KeywordSeed由来,合格実績,家庭教師のジャンプ 合格実績,値あり,
プロ家庭教師のジャンプ,家庭教師のジャンプ,追加：KWP KeywordSeed由来,時間割,家庭教師のジャンプ 時間割,値あり,
プロ家庭教師のジャンプ,家庭教師のジャンプ,追加：KWP KeywordSeed由来,キャンペーン,家庭教師のジャンプ キャンペーン,値あり,
プロ家庭教師のジャンプ,家庭教師のジャンプ,追加：KWP KeywordSeed由来,割引,家庭教師のジャンプ 割引,値あり,
プロ家庭教師のジャンプ,家庭教師のジャンプ,追加：KWP KeywordSeed由来,コース,家庭教師のジャンプ コース,値あり,
プロ家庭教師のジャンプ,家庭教師のジャンプ,追加：KWP KeywordSeed由来,春期講習,家庭教師のジャンプ 春期講習,値あり,
プロ家庭教師のジャンプ,家庭教師のジャンプ,追加：KWP KeywordSeed由来,冬期講習,家庭教師のジャンプ 冬期講習,値あり,
プロ家庭教師のジャンプ,家庭教師のジャンプ,追加：KWP KeywordSeed由来,電話番号,家庭教師のジャンプ 電話番号,値あり,
プロ家庭教師のジャンプ,家庭教師のジャンプ,追加：KWP KeywordSeed由来,ホームページ,家庭教師のジャンプ ホームページ,値あり,
プロ家庭教師のジャンプ,家庭教師のジャンプ,追加：KWP KeywordSeed由来,株式会社,家庭教師のジャンプ 株式会社,値あり,
プロ家庭教師のジャンプ,家庭教師のジャンプ,追加：KWP KeywordSeed由来,講師,家庭教師のジャンプ 講師,値あり,
プロ家庭教師のジャンプ,家庭教師のジャンプ,追加：KWP KeywordSeed由来,とは,家庭教師のジャンプ とは,値あり,
プロ家庭教師のジャンプ,家庭教師のジャンプ,発達特性×口コミ,発達障害 口コミ,家庭教師のジャンプ 発達障害 口コミ,値あり,
プロ家庭教師のジャンプ,家庭教師のジャンプ,発達特性×口コミ,発達障がい 口コミ,家庭教師のジャンプ 発達障がい 口コミ,値あり,
プロ家庭教師のジャンプ,家庭教師のジャンプ,発達特性×口コミ,グレーゾーン 口コミ,家庭教師のジャンプ グレーゾーン 口コミ,値あり,
プロ家庭教師のジャンプ,家庭教師のジャンプ,発達特性×口コミ,ADHD 口コミ,家庭教師のジャンプ ADHD 口コミ,値あり,
プロ家庭教師のジャンプ,家庭教師のジャンプ,発達特性×口コミ,ASD 口コミ,家庭教師のジャンプ ASD 口コミ,値あり,
プロ家庭教師のジャンプ,家庭教師のジャンプ,発達特性×口コミ,自閉症 口コミ,家庭教師のジャンプ 自閉症 口コミ,値あり,
プロ家庭教師のジャンプ,家庭教師のジャンプ,発達特性×口コミ,LD 口コミ,家庭教師のジャンプ LD 口コミ,値あり,
プロ家庭教師のジャンプ,家庭教師のジャンプ,発達特性×口コミ,学習障害 口コミ,家庭教師のジャンプ 学習障害 口コミ,値あり,
プロ家庭教師のジャンプ,家庭教師のジャンプ,発達特性×口コミ,境界知能 口コミ,家庭教師のジャンプ 境界知能 口コミ,値あり,
プロ家庭教師のジャンプ,家庭教師のジャンプ,発達特性×口コミ,不登校 口コミ,家庭教師のジャンプ 不登校 口コミ,値あり,
プロ家庭教師のジャンプ,家庭教師のジャンプ,発達特性×評判,発達障害 評判,家庭教師のジャンプ 発達障害 評判,値あり,
プロ家庭教師のジャンプ,家庭教師のジャンプ,発達特性×評判,発達障がい 評判,家庭教師のジャンプ 発達障がい 評判,値あり,
プロ家庭教師のジャンプ,家庭教師のジャンプ,発達特性×評判,グレーゾーン 評判,家庭教師のジャンプ グレーゾーン 評判,値あり,
プロ家庭教師のジャンプ,家庭教師のジャンプ,発達特性×評判,ADHD 評判,家庭教師のジャンプ ADHD 評判,値あり,
プロ家庭教師のジャンプ,家庭教師のジャンプ,発達特性×評判,ASD 評判,家庭教師のジャンプ ASD 評判,値あり,
プロ家庭教師のジャンプ,家庭教師のジャンプ,発達特性×評判,自閉症 評判,家庭教師のジャンプ 自閉症 評判,値あり,
プロ家庭教師のジャンプ,家庭教師のジャンプ,発達特性×評判,LD 評判,家庭教師のジャンプ LD 評判,値あり,
プロ家庭教師のジャンプ,家庭教師のジャンプ,発達特性×評判,学習障害 評判,家庭教師のジャンプ 学習障害 評判,値あり,
プロ家庭教師のジャンプ,家庭教師のジャンプ,発達特性×評判,境界知能 評判,家庭教師のジャンプ 境界知能 評判,値あり,
プロ家庭教師のジャンプ,家庭教師のジャンプ,発達特性×評判,不登校 評判,家庭教師のジャンプ 不登校 評判,値あり,
プロ家庭教師のジャンプ,家庭教師のジャンプ,発達特性×料金,発達障害 料金,家庭教師のジャンプ 発達障害 料金,値あり,
プロ家庭教師のジャンプ,家庭教師のジャンプ,発達特性×料金,発達障がい 料金,家庭教師のジャンプ 発達障がい 料金,値あり,
プロ家庭教師のジャンプ,家庭教師のジャンプ,発達特性×料金,グレーゾーン 料金,家庭教師のジャンプ グレーゾーン 料金,値あり,
プロ家庭教師のジャンプ,家庭教師のジャンプ,発達特性×料金,ADHD 料金,家庭教師のジャンプ ADHD 料金,値あり,
プロ家庭教師のジャンプ,家庭教師のジャンプ,発達特性×料金,ASD 料金,家庭教師のジャンプ ASD 料金,値あり,
プロ家庭教師のジャンプ,家庭教師のジャンプ,発達特性×料金,自閉症 料金,家庭教師のジャンプ 自閉症 料金,値あり,
プロ家庭教師のジャンプ,家庭教師のジャンプ,発達特性×料金,LD 料金,家庭教師のジャンプ LD 料金,値あり,
プロ家庭教師のジャンプ,家庭教師のジャンプ,発達特性×料金,学習障害 料金,家庭教師のジャンプ 学習障害 料金,値あり,
プロ家庭教師のジャンプ,家庭教師のジャンプ,発達特性×料金,境界知能 料金,家庭教師のジャンプ 境界知能 料金,値あり,
プロ家庭教師のジャンプ,家庭教師のジャンプ,発達特性×料金,不登校 料金,家庭教師のジャンプ 不登校 料金,値あり,
プロ家庭教師のジャンプ,ジャンプ 家庭教師,評判・第三者評価,口コミ,ジャンプ 家庭教師 口コミ,値あり,
プロ家庭教師のジャンプ,ジャンプ 家庭教師,評判・第三者評価,評判,ジャンプ 家庭教師 評判,値あり,10
プロ家庭教師のジャンプ,ジャンプ 家庭教師,評判・第三者評価,レビュー,ジャンプ 家庭教師 レビュー,値あり,
プロ家庭教師のジャンプ,ジャンプ 家庭教師,評判・第三者評価,体験談,ジャンプ 家庭教師 体験談,値あり,
プロ家庭教師のジャンプ,ジャンプ 家庭教師,評判・第三者評価,感想,ジャンプ 家庭教師 感想,値あり,
プロ家庭教師のジャンプ,ジャンプ 家庭教師,評判・第三者評価,評価,ジャンプ 家庭教師 評価,値あり,
プロ家庭教師のジャンプ,ジャンプ 家庭教師,料金・契約,料金,ジャンプ 家庭教師 料金,値あり,
プロ家庭教師のジャンプ,ジャンプ 家庭教師,料金・契約,費用,ジャンプ 家庭教師 費用,値あり,
プロ家庭教師のジャンプ,ジャンプ 家庭教師,料金・契約,月謝,ジャンプ 家庭教師 月謝,値あり,
プロ家庭教師のジャンプ,ジャンプ 家庭教師,料金・契約,値段,ジャンプ 家庭教師 値段,値あり,
プロ家庭教師のジャンプ,ジャンプ 家庭教師,料金・契約,価格,ジャンプ 家庭教師 価格,値あり,
プロ家庭教師のジャンプ,ジャンプ 家庭教師,料金・契約,入会金,ジャンプ 家庭教師 入会金,値あり,
プロ家庭教師のジャンプ,ジャンプ 家庭教師,料金・契約,教材費,ジャンプ 家庭教師 教材費,値あり,
プロ家庭教師のジャンプ,ジャンプ 家庭教師,料金・契約,高い,ジャンプ 家庭教師 高い,値あり,
プロ家庭教師のジャンプ,ジャンプ 家庭教師,料金・契約,安い,ジャンプ 家庭教師 安い,値あり,
プロ家庭教師のジャンプ,ジャンプ 家庭教師,比較・選択,比較,ジャンプ 家庭教師 比較,値あり,
プロ家庭教師のジャンプ,ジャンプ 家庭教師,比較・選択,違い,ジャンプ 家庭教師 違い,値あり,
プロ家庭教師のジャンプ,ジャンプ 家庭教師,比較・選択,どっち,ジャンプ 家庭教師 どっち,値あり,
プロ家庭教師のジャンプ,ジャンプ 家庭教師,比較・選択,おすすめ,ジャンプ 家庭教師 おすすめ,値あり,
プロ家庭教師のジャンプ,ジャンプ 家庭教師,比較・選択,他社,ジャンプ 家庭教師 他社,値あり,
プロ家庭教師のジャンプ,ジャンプ 家庭教師,比較・選択,ランキング,ジャンプ 家庭教師 ランキング,値あり,
プロ家庭教師のジャンプ,ジャンプ 家庭教師,不安・ネガティブ確認,デメリット,ジャンプ 家庭教師 デメリット,値あり,
プロ家庭教師のジャンプ,ジャンプ 家庭教師,不安・ネガティブ確認,メリット,ジャンプ 家庭教師 メリット,値あり,
プロ家庭教師のジャンプ,ジャンプ 家庭教師,不安・ネガティブ確認,怪しい,ジャンプ 家庭教師 怪しい,値あり,
プロ家庭教師のジャンプ,ジャンプ 家庭教師,不安・ネガティブ確認,最悪,ジャンプ 家庭教師 最悪,値あり,
プロ家庭教師のジャンプ,ジャンプ 家庭教師,不安・ネガティブ確認,失敗,ジャンプ 家庭教師 失敗,値あり,
プロ家庭教師のジャンプ,ジャンプ 家庭教師,不安・ネガティブ確認,後悔,ジャンプ 家庭教師 後悔,値あり,
プロ家庭教師のジャンプ,ジャンプ 家庭教師,不安・ネガティブ確認,合わない,ジャンプ 家庭教師 合わない,値あり,
プロ家庭教師のジャンプ,ジャンプ 家庭教師,不安・ネガティブ確認,向いてない,ジャンプ 家庭教師 向いてない,値あり,
プロ家庭教師のジャンプ,ジャンプ 家庭教師,不安・ネガティブ確認,やめたい,ジャンプ 家庭教師 やめたい,値あり,
プロ家庭教師のジャンプ,ジャンプ 家庭教師,不安・ネガティブ確認,辞めたい,ジャンプ 家庭教師 辞めたい,値あり,
プロ家庭教師のジャンプ,ジャンプ 家庭教師,不安・ネガティブ確認,退会,ジャンプ 家庭教師 退会,値あり,
プロ家庭教師のジャンプ,ジャンプ 家庭教師,不安・ネガティブ確認,解約,ジャンプ 家庭教師 解約,値あり,
プロ家庭教師のジャンプ,ジャンプ 家庭教師,申込直前,無料体験,ジャンプ 家庭教師 無料体験,値あり,
プロ家庭教師のジャンプ,ジャンプ 家庭教師,申込直前,体験,ジャンプ 家庭教師 体験,値あり,
プロ家庭教師のジャンプ,ジャンプ 家庭教師,申込直前,体験授業,ジャンプ 家庭教師 体験授業,値あり,
プロ家庭教師のジャンプ,ジャンプ 家庭教師,申込直前,無料相談,ジャンプ 家庭教師 無料相談,値あり,
プロ家庭教師のジャンプ,ジャンプ 家庭教師,申込直前,資料請求,ジャンプ 家庭教師 資料請求,値あり,
プロ家庭教師のジャンプ,ジャンプ 家庭教師,申込直前,申し込み,ジャンプ 家庭教師 申し込み,値あり,
プロ家庭教師のジャンプ,ジャンプ 家庭教師,申込直前,入会,ジャンプ 家庭教師 入会,値あり,
プロ家庭教師のジャンプ,ジャンプ 家庭教師,発達特性との相性,発達障害,ジャンプ 家庭教師 発達障害,値あり,
プロ家庭教師のジャンプ,ジャンプ 家庭教師,発達特性との相性,発達障がい,ジャンプ 家庭教師 発達障がい,値あり,
プロ家庭教師のジャンプ,ジャンプ 家庭教師,発達特性との相性,グレーゾーン,ジャンプ 家庭教師 グレーゾーン,値あり,
プロ家庭教師のジャンプ,ジャンプ 家庭教師,発達特性との相性,ADHD,ジャンプ 家庭教師 ADHD,値あり,
プロ家庭教師のジャンプ,ジャンプ 家庭教師,発達特性との相性,ASD,ジャンプ 家庭教師 ASD,値あり,
プロ家庭教師のジャンプ,ジャンプ 家庭教師,発達特性との相性,自閉症,ジャンプ 家庭教師 自閉症,値あり,
プロ家庭教師のジャンプ,ジャンプ 家庭教師,発達特性との相性,LD,ジャンプ 家庭教師 LD,値あり,
プロ家庭教師のジャンプ,ジャンプ 家庭教師,発達特性との相性,学習障害,ジャンプ 家庭教師 学習障害,値あり,
プロ家庭教師のジャンプ,ジャンプ 家庭教師,発達特性との相性,境界知能,ジャンプ 家庭教師 境界知能,値あり,
プロ家庭教師のジャンプ,ジャンプ 家庭教師,発達特性との相性,不登校,ジャンプ 家庭教師 不登校,値あり,
プロ家庭教師のジャンプ,ジャンプ 家庭教師,対象・用途,小学生,ジャンプ 家庭教師 小学生,値あり,
プロ家庭教師のジャンプ,ジャンプ 家庭教師,対象・用途,中学生,ジャンプ 家庭教師 中学生,値あり,
プロ家庭教師のジャンプ,ジャンプ 家庭教師,対象・用途,高校生,ジャンプ 家庭教師 高校生,値あり,
プロ家庭教師のジャンプ,ジャンプ 家庭教師,対象・用途,高校受験,ジャンプ 家庭教師 高校受験,値あり,
プロ家庭教師のジャンプ,ジャンプ 家庭教師,対象・用途,中学受験,ジャンプ 家庭教師 中学受験,値あり,
プロ家庭教師のジャンプ,ジャンプ 家庭教師,対象・用途,大学受験,ジャンプ 家庭教師 大学受験,値あり,
プロ家庭教師のジャンプ,ジャンプ 家庭教師,追加：SERP・サジェスト由来,評判 悪い,ジャンプ 家庭教師 評判 悪い,値あり,
プロ家庭教師のジャンプ,ジャンプ 家庭教師,追加：SERP・サジェスト由来,やばい,ジャンプ 家庭教師 やばい,値あり,
プロ家庭教師のジャンプ,ジャンプ 家庭教師,追加：SERP・サジェスト由来,知恵袋,ジャンプ 家庭教師 知恵袋,値あり,
プロ家庭教師のジャンプ,ジャンプ 家庭教師,追加：SERP・サジェスト由来,2ch,ジャンプ 家庭教師 2ch,値あり,
プロ家庭教師のジャンプ,ジャンプ 家庭教師,追加：SERP・サジェスト由来,料金表,ジャンプ 家庭教師 料金表,値あり,
プロ家庭教師のジャンプ,ジャンプ 家庭教師,追加：SERP・サジェスト由来,授業料,ジャンプ 家庭教師 授業料,値あり,
プロ家庭教師のジャンプ,ジャンプ 家庭教師,追加：SERP・サジェスト由来,夏期講習,ジャンプ 家庭教師 夏期講習,値あり,
プロ家庭教師のジャンプ,ジャンプ 家庭教師,追加：SERP・サジェスト由来,意味ない,ジャンプ 家庭教師 意味ない,値あり,
プロ家庭教師のジャンプ,ジャンプ 家庭教師,追加：SERP・サジェスト由来,バイト,ジャンプ 家庭教師 バイト,値あり,
プロ家庭教師のジャンプ,ジャンプ 家庭教師,追加：SERP・サジェスト由来,求人,ジャンプ 家庭教師 求人,値あり,
プロ家庭教師のジャンプ,ジャンプ 家庭教師,追加：KWP KeywordSeed由来,クチコミ,ジャンプ 家庭教師 クチコミ,値あり,
プロ家庭教師のジャンプ,ジャンプ 家庭教師,追加：KWP KeywordSeed由来,やめとけ,ジャンプ 家庭教師 やめとけ,値あり,
プロ家庭教師のジャンプ,ジャンプ 家庭教師,追加：KWP KeywordSeed由来,合格実績,ジャンプ 家庭教師 合格実績,値あり,
プロ家庭教師のジャンプ,ジャンプ 家庭教師,追加：KWP KeywordSeed由来,時間割,ジャンプ 家庭教師 時間割,値あり,
プロ家庭教師のジャンプ,ジャンプ 家庭教師,追加：KWP KeywordSeed由来,キャンペーン,ジャンプ 家庭教師 キャンペーン,値あり,
プロ家庭教師のジャンプ,ジャンプ 家庭教師,追加：KWP KeywordSeed由来,割引,ジャンプ 家庭教師 割引,値あり,
プロ家庭教師のジャンプ,ジャンプ 家庭教師,追加：KWP KeywordSeed由来,コース,ジャンプ 家庭教師 コース,値あり,
プロ家庭教師のジャンプ,ジャンプ 家庭教師,追加：KWP KeywordSeed由来,春期講習,ジャンプ 家庭教師 春期講習,値あり,
プロ家庭教師のジャンプ,ジャンプ 家庭教師,追加：KWP KeywordSeed由来,冬期講習,ジャンプ 家庭教師 冬期講習,値あり,
プロ家庭教師のジャンプ,ジャンプ 家庭教師,追加：KWP KeywordSeed由来,電話番号,ジャンプ 家庭教師 電話番号,値あり,
プロ家庭教師のジャンプ,ジャンプ 家庭教師,追加：KWP KeywordSeed由来,ホームページ,ジャンプ 家庭教師 ホームページ,値あり,
プロ家庭教師のジャンプ,ジャンプ 家庭教師,追加：KWP KeywordSeed由来,株式会社,ジャンプ 家庭教師 株式会社,値あり,
プロ家庭教師のジャンプ,ジャンプ 家庭教師,追加：KWP KeywordSeed由来,講師,ジャンプ 家庭教師 講師,値あり,
プロ家庭教師のジャンプ,ジャンプ 家庭教師,追加：KWP KeywordSeed由来,とは,ジャンプ 家庭教師 とは,値あり,
メガジュン,メガジュン,評判・第三者評価,口コミ,メガジュン 口コミ,値あり,20
メガジュン,メガジュン,評判・第三者評価,評判,メガジュン 評判,値あり,10
メガジュン,メガジュン,評判・第三者評価,レビュー,メガジュン レビュー,値あり,
メガジュン,メガジュン,評判・第三者評価,体験談,メガジュン 体験談,値あり,
メガジュン,メガジュン,評判・第三者評価,感想,メガジュン 感想,値あり,
メガジュン,メガジュン,評判・第三者評価,評価,メガジュン 評価,値あり,
メガジュン,メガジュン,料金・契約,料金,メガジュン 料金,値あり,30
メガジュン,メガジュン,料金・契約,費用,メガジュン 費用,値あり,10
メガジュン,メガジュン,料金・契約,月謝,メガジュン 月謝,値あり,
メガジュン,メガジュン,料金・契約,値段,メガジュン 値段,値あり,
メガジュン,メガジュン,料金・契約,価格,メガジュン 価格,値あり,
メガジュン,メガジュン,料金・契約,入会金,メガジュン 入会金,値あり,
メガジュン,メガジュン,料金・契約,教材費,メガジュン 教材費,値あり,
メガジュン,メガジュン,料金・契約,高い,メガジュン 高い,値あり,
メガジュン,メガジュン,料金・契約,安い,メガジュン 安い,値あり,
メガジュン,メガジュン,比較・選択,比較,メガジュン 比較,値あり,
メガジュン,メガジュン,比較・選択,違い,メガジュン 違い,値あり,
メガジュン,メガジュン,比較・選択,どっち,メガジュン どっち,値あり,
メガジュン,メガジュン,比較・選択,おすすめ,メガジュン おすすめ,値あり,
メガジュン,メガジュン,比較・選択,他社,メガジュン 他社,値あり,
メガジュン,メガジュン,比較・選択,ランキング,メガジュン ランキング,値あり,
メガジュン,メガジュン,不安・ネガティブ確認,デメリット,メガジュン デメリット,値あり,
メガジュン,メガジュン,不安・ネガティブ確認,メリット,メガジュン メリット,値あり,
メガジュン,メガジュン,不安・ネガティブ確認,怪しい,メガジュン 怪しい,値あり,
メガジュン,メガジュン,不安・ネガティブ確認,最悪,メガジュン 最悪,値あり,
メガジュン,メガジュン,不安・ネガティブ確認,失敗,メガジュン 失敗,値あり,
メガジュン,メガジュン,不安・ネガティブ確認,後悔,メガジュン 後悔,値あり,
メガジュン,メガジュン,不安・ネガティブ確認,合わない,メガジュン 合わない,値あり,
メガジュン,メガジュン,不安・ネガティブ確認,向いてない,メガジュン 向いてない,値あり,
メガジュン,メガジュン,不安・ネガティブ確認,やめたい,メガジュン やめたい,値あり,
メガジュン,メガジュン,不安・ネガティブ確認,辞めたい,メガジュン 辞めたい,値あり,
メガジュン,メガジュン,不安・ネガティブ確認,退会,メガジュン 退会,値あり,
メガジュン,メガジュン,不安・ネガティブ確認,解約,メガジュン 解約,値あり,
メガジュン,メガジュン,申込直前,無料体験,メガジュン 無料体験,値あり,
メガジュン,メガジュン,申込直前,体験,メガジュン 体験,値あり,
メガジュン,メガジュン,申込直前,体験授業,メガジュン 体験授業,値あり,
メガジュン,メガジュン,申込直前,無料相談,メガジュン 無料相談,値あり,
メガジュン,メガジュン,申込直前,資料請求,メガジュン 資料請求,値あり,
メガジュン,メガジュン,申込直前,申し込み,メガジュン 申し込み,値あり,
メガジュン,メガジュン,申込直前,入会,メガジュン 入会,値あり,
メガジュン,メガジュン,発達特性との相性,発達障害,メガジュン 発達障害,値あり,
メガジュン,メガジュン,発達特性との相性,発達障がい,メガジュン 発達障がい,値あり,
メガジュン,メガジュン,発達特性との相性,グレーゾーン,メガジュン グレーゾーン,値あり,
メガジュン,メガジュン,発達特性との相性,ADHD,メガジュン ADHD,値あり,
メガジュン,メガジュン,発達特性との相性,ASD,メガジュン ASD,値あり,
メガジュン,メガジュン,発達特性との相性,自閉症,メガジュン 自閉症,値あり,
メガジュン,メガジュン,発達特性との相性,LD,メガジュン LD,値あり,
メガジュン,メガジュン,発達特性との相性,学習障害,メガジュン 学習障害,値あり,
メガジュン,メガジュン,発達特性との相性,境界知能,メガジュン 境界知能,値あり,
メガジュン,メガジュン,発達特性との相性,不登校,メガジュン 不登校,値あり,
メガジュン,メガジュン,対象・用途,小学生,メガジュン 小学生,値あり,
メガジュン,メガジュン,対象・用途,中学生,メガジュン 中学生,値あり,
メガジュン,メガジュン,対象・用途,高校生,メガジュン 高校生,値あり,
メガジュン,メガジュン,対象・用途,高校受験,メガジュン 高校受験,値あり,
メガジュン,メガジュン,対象・用途,中学受験,メガジュン 中学受験,値あり,
メガジュン,メガジュン,対象・用途,大学受験,メガジュン 大学受験,値あり,
メガジュン,メガジュン,追加：SERP・サジェスト由来,評判 悪い,メガジュン 評判 悪い,値あり,
メガジュン,メガジュン,追加：SERP・サジェスト由来,やばい,メガジュン やばい,値あり,
メガジュン,メガジュン,追加：SERP・サジェスト由来,知恵袋,メガジュン 知恵袋,値あり,
メガジュン,メガジュン,追加：SERP・サジェスト由来,2ch,メガジュン 2ch,値あり,
メガジュン,メガジュン,追加：SERP・サジェスト由来,料金表,メガジュン 料金表,値あり,
メガジュン,メガジュン,追加：SERP・サジェスト由来,授業料,メガジュン 授業料,値あり,
メガジュン,メガジュン,追加：SERP・サジェスト由来,夏期講習,メガジュン 夏期講習,値あり,
メガジュン,メガジュン,追加：SERP・サジェスト由来,意味ない,メガジュン 意味ない,値あり,
メガジュン,メガジュン,追加：SERP・サジェスト由来,バイト,メガジュン バイト,値あり,
メガジュン,メガジュン,追加：SERP・サジェスト由来,求人,メガジュン 求人,値あり,
メガジュン,メガジュン,追加：KWP KeywordSeed由来,クチコミ,メガジュン クチコミ,値あり,
メガジュン,メガジュン,追加：KWP KeywordSeed由来,やめとけ,メガジュン やめとけ,値あり,
メガジュン,メガジュン,追加：KWP KeywordSeed由来,合格実績,メガジュン 合格実績,値あり,
メガジュン,メガジュン,追加：KWP KeywordSeed由来,時間割,メガジュン 時間割,値あり,
メガジュン,メガジュン,追加：KWP KeywordSeed由来,キャンペーン,メガジュン キャンペーン,値あり,
メガジュン,メガジュン,追加：KWP KeywordSeed由来,割引,メガジュン 割引,値あり,
メガジュン,メガジュン,追加：KWP KeywordSeed由来,コース,メガジュン コース,値あり,
メガジュン,メガジュン,追加：KWP KeywordSeed由来,春期講習,メガジュン 春期講習,値あり,
メガジュン,メガジュン,追加：KWP KeywordSeed由来,冬期講習,メガジュン 冬期講習,値あり,
メガジュン,メガジュン,追加：KWP KeywordSeed由来,電話番号,メガジュン 電話番号,値あり,
メガジュン,メガジュン,追加：KWP KeywordSeed由来,ホームページ,メガジュン ホームページ,値あり,
メガジュン,メガジュン,追加：KWP KeywordSeed由来,株式会社,メガジュン 株式会社,値あり,
メガジュン,メガジュン,追加：KWP KeywordSeed由来,講師,メガジュン 講師,値あり,
メガジュン,メガジュン,追加：KWP KeywordSeed由来,とは,メガジュン とは,値あり,
メガジュン,メガジュン,発達特性×口コミ,発達障害 口コミ,メガジュン 発達障害 口コミ,値あり,
メガジュン,メガジュン,発達特性×口コミ,発達障がい 口コミ,メガジュン 発達障がい 口コミ,値あり,
メガジュン,メガジュン,発達特性×口コミ,グレーゾーン 口コミ,メガジュン グレーゾーン 口コミ,値あり,
メガジュン,メガジュン,発達特性×口コミ,ADHD 口コミ,メガジュン ADHD 口コミ,値あり,
メガジュン,メガジュン,発達特性×口コミ,ASD 口コミ,メガジュン ASD 口コミ,値あり,
メガジュン,メガジュン,発達特性×口コミ,自閉症 口コミ,メガジュン 自閉症 口コミ,値あり,
メガジュン,メガジュン,発達特性×口コミ,LD 口コミ,メガジュン LD 口コミ,値あり,
メガジュン,メガジュン,発達特性×口コミ,学習障害 口コミ,メガジュン 学習障害 口コミ,値あり,
メガジュン,メガジュン,発達特性×口コミ,境界知能 口コミ,メガジュン 境界知能 口コミ,値あり,
メガジュン,メガジュン,発達特性×口コミ,不登校 口コミ,メガジュン 不登校 口コミ,値あり,
メガジュン,メガジュン,発達特性×評判,発達障害 評判,メガジュン 発達障害 評判,値あり,
メガジュン,メガジュン,発達特性×評判,発達障がい 評判,メガジュン 発達障がい 評判,値あり,
メガジュン,メガジュン,発達特性×評判,グレーゾーン 評判,メガジュン グレーゾーン 評判,値あり,
メガジュン,メガジュン,発達特性×評判,ADHD 評判,メガジュン ADHD 評判,値あり,
メガジュン,メガジュン,発達特性×評判,ASD 評判,メガジュン ASD 評判,値あり,
メガジュン,メガジュン,発達特性×評判,自閉症 評判,メガジュン 自閉症 評判,値あり,
メガジュン,メガジュン,発達特性×評判,LD 評判,メガジュン LD 評判,値あり,
メガジュン,メガジュン,発達特性×評判,学習障害 評判,メガジュン 学習障害 評判,値あり,
メガジュン,メガジュン,発達特性×評判,境界知能 評判,メガジュン 境界知能 評判,値あり,
メガジュン,メガジュン,発達特性×評判,不登校 評判,メガジュン 不登校 評判,値あり,
メガジュン,メガジュン,発達特性×料金,発達障害 料金,メガジュン 発達障害 料金,値あり,
メガジュン,メガジュン,発達特性×料金,発達障がい 料金,メガジュン 発達障がい 料金,値あり,
メガジュン,メガジュン,発達特性×料金,グレーゾーン 料金,メガジュン グレーゾーン 料金,値あり,
メガジュン,メガジュン,発達特性×料金,ADHD 料金,メガジュン ADHD 料金,値あり,
メガジュン,メガジュン,発達特性×料金,ASD 料金,メガジュン ASD 料金,値あり,
メガジュン,メガジュン,発達特性×料金,自閉症 料金,メガジュン 自閉症 料金,値あり,
メガジュン,メガジュン,発達特性×料金,LD 料金,メガジュン LD 料金,値あり,
メガジュン,メガジュン,発達特性×料金,学習障害 料金,メガジュン 学習障害 料金,値あり,
メガジュン,メガジュン,発達特性×料金,境界知能 料金,メガジュン 境界知能 料金,値あり,
メガジュン,メガジュン,発達特性×料金,不登校 料金,メガジュン 不登校 料金,値あり,
メガジュン,プロ家庭教師 メガジュン,評判・第三者評価,口コミ,プロ家庭教師 メガジュン 口コミ,値あり,10
メガジュン,プロ家庭教師 メガジュン,評判・第三者評価,評判,プロ家庭教師 メガジュン 評判,値あり,
メガジュン,プロ家庭教師 メガジュン,評判・第三者評価,レビュー,プロ家庭教師 メガジュン レビュー,値あり,
メガジュン,プロ家庭教師 メガジュン,評判・第三者評価,体験談,プロ家庭教師 メガジュン 体験談,値あり,
メガジュン,プロ家庭教師 メガジュン,評判・第三者評価,感想,プロ家庭教師 メガジュン 感想,値あり,
メガジュン,プロ家庭教師 メガジュン,評判・第三者評価,評価,プロ家庭教師 メガジュン 評価,値あり,
メガジュン,プロ家庭教師 メガジュン,料金・契約,料金,プロ家庭教師 メガジュン 料金,値あり,
メガジュン,プロ家庭教師 メガジュン,料金・契約,費用,プロ家庭教師 メガジュン 費用,値あり,
メガジュン,プロ家庭教師 メガジュン,料金・契約,月謝,プロ家庭教師 メガジュン 月謝,値あり,
メガジュン,プロ家庭教師 メガジュン,料金・契約,値段,プロ家庭教師 メガジュン 値段,値あり,
メガジュン,プロ家庭教師 メガジュン,料金・契約,価格,プロ家庭教師 メガジュン 価格,値あり,
メガジュン,プロ家庭教師 メガジュン,料金・契約,入会金,プロ家庭教師 メガジュン 入会金,値あり,
メガジュン,プロ家庭教師 メガジュン,料金・契約,教材費,プロ家庭教師 メガジュン 教材費,値あり,
メガジュン,プロ家庭教師 メガジュン,料金・契約,高い,プロ家庭教師 メガジュン 高い,値あり,
メガジュン,プロ家庭教師 メガジュン,料金・契約,安い,プロ家庭教師 メガジュン 安い,値あり,
メガジュン,プロ家庭教師 メガジュン,比較・選択,比較,プロ家庭教師 メガジュン 比較,値あり,
メガジュン,プロ家庭教師 メガジュン,比較・選択,違い,プロ家庭教師 メガジュン 違い,値あり,
メガジュン,プロ家庭教師 メガジュン,比較・選択,どっち,プロ家庭教師 メガジュン どっち,値あり,
メガジュン,プロ家庭教師 メガジュン,比較・選択,おすすめ,プロ家庭教師 メガジュン おすすめ,値あり,
メガジュン,プロ家庭教師 メガジュン,比較・選択,他社,プロ家庭教師 メガジュン 他社,値あり,
メガジュン,プロ家庭教師 メガジュン,比較・選択,ランキング,プロ家庭教師 メガジュン ランキング,値あり,
メガジュン,プロ家庭教師 メガジュン,不安・ネガティブ確認,デメリット,プロ家庭教師 メガジュン デメリット,値あり,
メガジュン,プロ家庭教師 メガジュン,不安・ネガティブ確認,メリット,プロ家庭教師 メガジュン メリット,値あり,
メガジュン,プロ家庭教師 メガジュン,不安・ネガティブ確認,怪しい,プロ家庭教師 メガジュン 怪しい,値あり,
メガジュン,プロ家庭教師 メガジュン,不安・ネガティブ確認,最悪,プロ家庭教師 メガジュン 最悪,値あり,
メガジュン,プロ家庭教師 メガジュン,不安・ネガティブ確認,失敗,プロ家庭教師 メガジュン 失敗,値あり,
メガジュン,プロ家庭教師 メガジュン,不安・ネガティブ確認,後悔,プロ家庭教師 メガジュン 後悔,値あり,
メガジュン,プロ家庭教師 メガジュン,不安・ネガティブ確認,合わない,プロ家庭教師 メガジュン 合わない,値あり,
メガジュン,プロ家庭教師 メガジュン,不安・ネガティブ確認,向いてない,プロ家庭教師 メガジュン 向いてない,値あり,
メガジュン,プロ家庭教師 メガジュン,不安・ネガティブ確認,やめたい,プロ家庭教師 メガジュン やめたい,値あり,
メガジュン,プロ家庭教師 メガジュン,不安・ネガティブ確認,辞めたい,プロ家庭教師 メガジュン 辞めたい,値あり,
メガジュン,プロ家庭教師 メガジュン,不安・ネガティブ確認,退会,プロ家庭教師 メガジュン 退会,値あり,
メガジュン,プロ家庭教師 メガジュン,不安・ネガティブ確認,解約,プロ家庭教師 メガジュン 解約,値あり,
メガジュン,プロ家庭教師 メガジュン,申込直前,無料体験,プロ家庭教師 メガジュン 無料体験,値あり,
メガジュン,プロ家庭教師 メガジュン,申込直前,体験,プロ家庭教師 メガジュン 体験,値あり,
メガジュン,プロ家庭教師 メガジュン,申込直前,体験授業,プロ家庭教師 メガジュン 体験授業,値あり,
メガジュン,プロ家庭教師 メガジュン,申込直前,無料相談,プロ家庭教師 メガジュン 無料相談,値あり,
メガジュン,プロ家庭教師 メガジュン,申込直前,資料請求,プロ家庭教師 メガジュン 資料請求,値あり,
メガジュン,プロ家庭教師 メガジュン,申込直前,申し込み,プロ家庭教師 メガジュン 申し込み,値あり,
メガジュン,プロ家庭教師 メガジュン,申込直前,入会,プロ家庭教師 メガジュン 入会,値あり,
メガジュン,プロ家庭教師 メガジュン,発達特性との相性,発達障害,プロ家庭教師 メガジュン 発達障害,値あり,
メガジュン,プロ家庭教師 メガジュン,発達特性との相性,発達障がい,プロ家庭教師 メガジュン 発達障がい,値あり,
メガジュン,プロ家庭教師 メガジュン,発達特性との相性,グレーゾーン,プロ家庭教師 メガジュン グレーゾーン,値あり,
メガジュン,プロ家庭教師 メガジュン,発達特性との相性,ADHD,プロ家庭教師 メガジュン ADHD,値あり,
メガジュン,プロ家庭教師 メガジュン,発達特性との相性,ASD,プロ家庭教師 メガジュン ASD,値あり,
メガジュン,プロ家庭教師 メガジュン,発達特性との相性,自閉症,プロ家庭教師 メガジュン 自閉症,値あり,
メガジュン,プロ家庭教師 メガジュン,発達特性との相性,LD,プロ家庭教師 メガジュン LD,値あり,
メガジュン,プロ家庭教師 メガジュン,発達特性との相性,学習障害,プロ家庭教師 メガジュン 学習障害,値あり,
メガジュン,プロ家庭教師 メガジュン,発達特性との相性,境界知能,プロ家庭教師 メガジュン 境界知能,値あり,
メガジュン,プロ家庭教師 メガジュン,発達特性との相性,不登校,プロ家庭教師 メガジュン 不登校,値あり,
メガジュン,プロ家庭教師 メガジュン,対象・用途,小学生,プロ家庭教師 メガジュン 小学生,値あり,
メガジュン,プロ家庭教師 メガジュン,対象・用途,中学生,プロ家庭教師 メガジュン 中学生,値あり,
メガジュン,プロ家庭教師 メガジュン,対象・用途,高校生,プロ家庭教師 メガジュン 高校生,値あり,
メガジュン,プロ家庭教師 メガジュン,対象・用途,高校受験,プロ家庭教師 メガジュン 高校受験,値あり,
メガジュン,プロ家庭教師 メガジュン,対象・用途,中学受験,プロ家庭教師 メガジュン 中学受験,値あり,
メガジュン,プロ家庭教師 メガジュン,対象・用途,大学受験,プロ家庭教師 メガジュン 大学受験,値あり,
メガジュン,プロ家庭教師 メガジュン,追加：SERP・サジェスト由来,評判 悪い,プロ家庭教師 メガジュン 評判 悪い,値あり,
メガジュン,プロ家庭教師 メガジュン,追加：SERP・サジェスト由来,やばい,プロ家庭教師 メガジュン やばい,値あり,
メガジュン,プロ家庭教師 メガジュン,追加：SERP・サジェスト由来,知恵袋,プロ家庭教師 メガジュン 知恵袋,値あり,
メガジュン,プロ家庭教師 メガジュン,追加：SERP・サジェスト由来,2ch,プロ家庭教師 メガジュン 2ch,値あり,
メガジュン,プロ家庭教師 メガジュン,追加：SERP・サジェスト由来,料金表,プロ家庭教師 メガジュン 料金表,値あり,
メガジュン,プロ家庭教師 メガジュン,追加：SERP・サジェスト由来,授業料,プロ家庭教師 メガジュン 授業料,値あり,
メガジュン,プロ家庭教師 メガジュン,追加：SERP・サジェスト由来,夏期講習,プロ家庭教師 メガジュン 夏期講習,値あり,
メガジュン,プロ家庭教師 メガジュン,追加：SERP・サジェスト由来,意味ない,プロ家庭教師 メガジュン 意味ない,値あり,
メガジュン,プロ家庭教師 メガジュン,追加：SERP・サジェスト由来,バイト,プロ家庭教師 メガジュン バイト,値あり,
メガジュン,プロ家庭教師 メガジュン,追加：SERP・サジェスト由来,求人,プロ家庭教師 メガジュン 求人,値あり,
メガジュン,プロ家庭教師 メガジュン,追加：KWP KeywordSeed由来,クチコミ,プロ家庭教師 メガジュン クチコミ,値あり,
メガジュン,プロ家庭教師 メガジュン,追加：KWP KeywordSeed由来,やめとけ,プロ家庭教師 メガジュン やめとけ,値あり,
メガジュン,プロ家庭教師 メガジュン,追加：KWP KeywordSeed由来,合格実績,プロ家庭教師 メガジュン 合格実績,値あり,
メガジュン,プロ家庭教師 メガジュン,追加：KWP KeywordSeed由来,時間割,プロ家庭教師 メガジュン 時間割,値あり,
メガジュン,プロ家庭教師 メガジュン,追加：KWP KeywordSeed由来,キャンペーン,プロ家庭教師 メガジュン キャンペーン,値あり,
メガジュン,プロ家庭教師 メガジュン,追加：KWP KeywordSeed由来,割引,プロ家庭教師 メガジュン 割引,値あり,
メガジュン,プロ家庭教師 メガジュン,追加：KWP KeywordSeed由来,コース,プロ家庭教師 メガジュン コース,値あり,
メガジュン,プロ家庭教師 メガジュン,追加：KWP KeywordSeed由来,春期講習,プロ家庭教師 メガジュン 春期講習,値あり,
メガジュン,プロ家庭教師 メガジュン,追加：KWP KeywordSeed由来,冬期講習,プロ家庭教師 メガジュン 冬期講習,値あり,
メガジュン,プロ家庭教師 メガジュン,追加：KWP KeywordSeed由来,電話番号,プロ家庭教師 メガジュン 電話番号,値あり,
メガジュン,プロ家庭教師 メガジュン,追加：KWP KeywordSeed由来,ホームページ,プロ家庭教師 メガジュン ホームページ,値あり,
メガジュン,プロ家庭教師 メガジュン,追加：KWP KeywordSeed由来,株式会社,プロ家庭教師 メガジュン 株式会社,値あり,
メガジュン,プロ家庭教師 メガジュン,追加：KWP KeywordSeed由来,講師,プロ家庭教師 メガジュン 講師,値あり,
メガジュン,プロ家庭教師 メガジュン,追加：KWP KeywordSeed由来,とは,プロ家庭教師 メガジュン とは,値あり,
キズキプロ家庭教師,キズキプロ家庭教師,評判・第三者評価,口コミ,キズキプロ家庭教師 口コミ,値あり,
キズキプロ家庭教師,キズキプロ家庭教師,評判・第三者評価,評判,キズキプロ家庭教師 評判,値あり,
キズキプロ家庭教師,キズキプロ家庭教師,評判・第三者評価,レビュー,キズキプロ家庭教師 レビュー,値あり,
キズキプロ家庭教師,キズキプロ家庭教師,評判・第三者評価,体験談,キズキプロ家庭教師 体験談,値あり,
キズキプロ家庭教師,キズキプロ家庭教師,評判・第三者評価,感想,キズキプロ家庭教師 感想,値あり,
キズキプロ家庭教師,キズキプロ家庭教師,評判・第三者評価,評価,キズキプロ家庭教師 評価,値あり,
キズキプロ家庭教師,キズキプロ家庭教師,料金・契約,料金,キズキプロ家庭教師 料金,値あり,
キズキプロ家庭教師,キズキプロ家庭教師,料金・契約,費用,キズキプロ家庭教師 費用,値あり,
キズキプロ家庭教師,キズキプロ家庭教師,料金・契約,月謝,キズキプロ家庭教師 月謝,値あり,
キズキプロ家庭教師,キズキプロ家庭教師,料金・契約,値段,キズキプロ家庭教師 値段,値あり,
キズキプロ家庭教師,キズキプロ家庭教師,料金・契約,価格,キズキプロ家庭教師 価格,値あり,
キズキプロ家庭教師,キズキプロ家庭教師,料金・契約,入会金,キズキプロ家庭教師 入会金,値あり,
キズキプロ家庭教師,キズキプロ家庭教師,料金・契約,教材費,キズキプロ家庭教師 教材費,値あり,
キズキプロ家庭教師,キズキプロ家庭教師,料金・契約,高い,キズキプロ家庭教師 高い,値あり,
キズキプロ家庭教師,キズキプロ家庭教師,料金・契約,安い,キズキプロ家庭教師 安い,値あり,
キズキプロ家庭教師,キズキプロ家庭教師,比較・選択,比較,キズキプロ家庭教師 比較,値あり,
キズキプロ家庭教師,キズキプロ家庭教師,比較・選択,違い,キズキプロ家庭教師 違い,値あり,
キズキプロ家庭教師,キズキプロ家庭教師,比較・選択,どっち,キズキプロ家庭教師 どっち,値あり,
キズキプロ家庭教師,キズキプロ家庭教師,比較・選択,おすすめ,キズキプロ家庭教師 おすすめ,値あり,
キズキプロ家庭教師,キズキプロ家庭教師,比較・選択,他社,キズキプロ家庭教師 他社,値あり,
キズキプロ家庭教師,キズキプロ家庭教師,比較・選択,ランキング,キズキプロ家庭教師 ランキング,値あり,
キズキプロ家庭教師,キズキプロ家庭教師,不安・ネガティブ確認,デメリット,キズキプロ家庭教師 デメリット,値あり,
キズキプロ家庭教師,キズキプロ家庭教師,不安・ネガティブ確認,メリット,キズキプロ家庭教師 メリット,値あり,
キズキプロ家庭教師,キズキプロ家庭教師,不安・ネガティブ確認,怪しい,キズキプロ家庭教師 怪しい,値あり,
キズキプロ家庭教師,キズキプロ家庭教師,不安・ネガティブ確認,最悪,キズキプロ家庭教師 最悪,値あり,
キズキプロ家庭教師,キズキプロ家庭教師,不安・ネガティブ確認,失敗,キズキプロ家庭教師 失敗,値あり,
キズキプロ家庭教師,キズキプロ家庭教師,不安・ネガティブ確認,後悔,キズキプロ家庭教師 後悔,値あり,
キズキプロ家庭教師,キズキプロ家庭教師,不安・ネガティブ確認,合わない,キズキプロ家庭教師 合わない,値あり,
キズキプロ家庭教師,キズキプロ家庭教師,不安・ネガティブ確認,向いてない,キズキプロ家庭教師 向いてない,値あり,
キズキプロ家庭教師,キズキプロ家庭教師,不安・ネガティブ確認,やめたい,キズキプロ家庭教師 やめたい,値あり,
キズキプロ家庭教師,キズキプロ家庭教師,不安・ネガティブ確認,辞めたい,キズキプロ家庭教師 辞めたい,値あり,
キズキプロ家庭教師,キズキプロ家庭教師,不安・ネガティブ確認,退会,キズキプロ家庭教師 退会,値あり,
キズキプロ家庭教師,キズキプロ家庭教師,不安・ネガティブ確認,解約,キズキプロ家庭教師 解約,値あり,
キズキプロ家庭教師,キズキプロ家庭教師,申込直前,無料体験,キズキプロ家庭教師 無料体験,値あり,
キズキプロ家庭教師,キズキプロ家庭教師,申込直前,体験,キズキプロ家庭教師 体験,値あり,
キズキプロ家庭教師,キズキプロ家庭教師,申込直前,体験授業,キズキプロ家庭教師 体験授業,値あり,
キズキプロ家庭教師,キズキプロ家庭教師,申込直前,無料相談,キズキプロ家庭教師 無料相談,値あり,
キズキプロ家庭教師,キズキプロ家庭教師,申込直前,資料請求,キズキプロ家庭教師 資料請求,値あり,
キズキプロ家庭教師,キズキプロ家庭教師,申込直前,申し込み,キズキプロ家庭教師 申し込み,値あり,
キズキプロ家庭教師,キズキプロ家庭教師,申込直前,入会,キズキプロ家庭教師 入会,値あり,
キズキプロ家庭教師,キズキプロ家庭教師,発達特性との相性,発達障害,キズキプロ家庭教師 発達障害,値あり,
キズキプロ家庭教師,キズキプロ家庭教師,発達特性との相性,発達障がい,キズキプロ家庭教師 発達障がい,値あり,
キズキプロ家庭教師,キズキプロ家庭教師,発達特性との相性,グレーゾーン,キズキプロ家庭教師 グレーゾーン,値あり,
キズキプロ家庭教師,キズキプロ家庭教師,発達特性との相性,ADHD,キズキプロ家庭教師 ADHD,値あり,
キズキプロ家庭教師,キズキプロ家庭教師,発達特性との相性,ASD,キズキプロ家庭教師 ASD,値あり,
キズキプロ家庭教師,キズキプロ家庭教師,発達特性との相性,自閉症,キズキプロ家庭教師 自閉症,値あり,
キズキプロ家庭教師,キズキプロ家庭教師,発達特性との相性,LD,キズキプロ家庭教師 LD,値あり,
キズキプロ家庭教師,キズキプロ家庭教師,発達特性との相性,学習障害,キズキプロ家庭教師 学習障害,値あり,
キズキプロ家庭教師,キズキプロ家庭教師,発達特性との相性,境界知能,キズキプロ家庭教師 境界知能,値あり,
キズキプロ家庭教師,キズキプロ家庭教師,発達特性との相性,不登校,キズキプロ家庭教師 不登校,値あり,
キズキプロ家庭教師,キズキプロ家庭教師,対象・用途,小学生,キズキプロ家庭教師 小学生,値あり,
キズキプロ家庭教師,キズキプロ家庭教師,対象・用途,中学生,キズキプロ家庭教師 中学生,値あり,
キズキプロ家庭教師,キズキプロ家庭教師,対象・用途,高校生,キズキプロ家庭教師 高校生,値あり,
キズキプロ家庭教師,キズキプロ家庭教師,対象・用途,高校受験,キズキプロ家庭教師 高校受験,値あり,
キズキプロ家庭教師,キズキプロ家庭教師,対象・用途,中学受験,キズキプロ家庭教師 中学受験,値あり,
キズキプロ家庭教師,キズキプロ家庭教師,対象・用途,大学受験,キズキプロ家庭教師 大学受験,値あり,
キズキプロ家庭教師,キズキプロ家庭教師,追加：SERP・サジェスト由来,評判 悪い,キズキプロ家庭教師 評判 悪い,値あり,
キズキプロ家庭教師,キズキプロ家庭教師,追加：SERP・サジェスト由来,やばい,キズキプロ家庭教師 やばい,値あり,
キズキプロ家庭教師,キズキプロ家庭教師,追加：SERP・サジェスト由来,知恵袋,キズキプロ家庭教師 知恵袋,値あり,
キズキプロ家庭教師,キズキプロ家庭教師,追加：SERP・サジェスト由来,2ch,キズキプロ家庭教師 2ch,値あり,
キズキプロ家庭教師,キズキプロ家庭教師,追加：SERP・サジェスト由来,料金表,キズキプロ家庭教師 料金表,値あり,
キズキプロ家庭教師,キズキプロ家庭教師,追加：SERP・サジェスト由来,授業料,キズキプロ家庭教師 授業料,値あり,
キズキプロ家庭教師,キズキプロ家庭教師,追加：SERP・サジェスト由来,夏期講習,キズキプロ家庭教師 夏期講習,値あり,
キズキプロ家庭教師,キズキプロ家庭教師,追加：SERP・サジェスト由来,意味ない,キズキプロ家庭教師 意味ない,値あり,
キズキプロ家庭教師,キズキプロ家庭教師,追加：SERP・サジェスト由来,バイト,キズキプロ家庭教師 バイト,値あり,
キズキプロ家庭教師,キズキプロ家庭教師,追加：SERP・サジェスト由来,求人,キズキプロ家庭教師 求人,値あり,
キズキプロ家庭教師,キズキプロ家庭教師,追加：KWP KeywordSeed由来,クチコミ,キズキプロ家庭教師 クチコミ,値あり,
キズキプロ家庭教師,キズキプロ家庭教師,追加：KWP KeywordSeed由来,やめとけ,キズキプロ家庭教師 やめとけ,値あり,
キズキプロ家庭教師,キズキプロ家庭教師,追加：KWP KeywordSeed由来,合格実績,キズキプロ家庭教師 合格実績,値あり,
キズキプロ家庭教師,キズキプロ家庭教師,追加：KWP KeywordSeed由来,時間割,キズキプロ家庭教師 時間割,値あり,
キズキプロ家庭教師,キズキプロ家庭教師,追加：KWP KeywordSeed由来,キャンペーン,キズキプロ家庭教師 キャンペーン,値あり,
キズキプロ家庭教師,キズキプロ家庭教師,追加：KWP KeywordSeed由来,割引,キズキプロ家庭教師 割引,値あり,
キズキプロ家庭教師,キズキプロ家庭教師,追加：KWP KeywordSeed由来,コース,キズキプロ家庭教師 コース,値あり,
キズキプロ家庭教師,キズキプロ家庭教師,追加：KWP KeywordSeed由来,春期講習,キズキプロ家庭教師 春期講習,値あり,
キズキプロ家庭教師,キズキプロ家庭教師,追加：KWP KeywordSeed由来,冬期講習,キズキプロ家庭教師 冬期講習,値あり,
キズキプロ家庭教師,キズキプロ家庭教師,追加：KWP KeywordSeed由来,電話番号,キズキプロ家庭教師 電話番号,値あり,
キズキプロ家庭教師,キズキプロ家庭教師,追加：KWP KeywordSeed由来,ホームページ,キズキプロ家庭教師 ホームページ,値あり,
キズキプロ家庭教師,キズキプロ家庭教師,追加：KWP KeywordSeed由来,株式会社,キズキプロ家庭教師 株式会社,値あり,
キズキプロ家庭教師,キズキプロ家庭教師,追加：KWP KeywordSeed由来,講師,キズキプロ家庭教師 講師,値あり,
キズキプロ家庭教師,キズキプロ家庭教師,追加：KWP KeywordSeed由来,とは,キズキプロ家庭教師 とは,値あり,
キズキプロ家庭教師,キズキプロ家庭教師,発達特性×口コミ,発達障害 口コミ,キズキプロ家庭教師 発達障害 口コミ,値あり,
キズキプロ家庭教師,キズキプロ家庭教師,発達特性×口コミ,発達障がい 口コミ,キズキプロ家庭教師 発達障がい 口コミ,値あり,
キズキプロ家庭教師,キズキプロ家庭教師,発達特性×口コミ,グレーゾーン 口コミ,キズキプロ家庭教師 グレーゾーン 口コミ,値あり,
キズキプロ家庭教師,キズキプロ家庭教師,発達特性×口コミ,ADHD 口コミ,キズキプロ家庭教師 ADHD 口コミ,値あり,
キズキプロ家庭教師,キズキプロ家庭教師,発達特性×口コミ,ASD 口コミ,キズキプロ家庭教師 ASD 口コミ,値あり,
キズキプロ家庭教師,キズキプロ家庭教師,発達特性×口コミ,自閉症 口コミ,キズキプロ家庭教師 自閉症 口コミ,値あり,
キズキプロ家庭教師,キズキプロ家庭教師,発達特性×口コミ,LD 口コミ,キズキプロ家庭教師 LD 口コミ,値あり,
キズキプロ家庭教師,キズキプロ家庭教師,発達特性×口コミ,学習障害 口コミ,キズキプロ家庭教師 学習障害 口コミ,値あり,
キズキプロ家庭教師,キズキプロ家庭教師,発達特性×口コミ,境界知能 口コミ,キズキプロ家庭教師 境界知能 口コミ,値あり,
キズキプロ家庭教師,キズキプロ家庭教師,発達特性×口コミ,不登校 口コミ,キズキプロ家庭教師 不登校 口コミ,値あり,
キズキプロ家庭教師,キズキプロ家庭教師,発達特性×評判,発達障害 評判,キズキプロ家庭教師 発達障害 評判,値あり,
キズキプロ家庭教師,キズキプロ家庭教師,発達特性×評判,発達障がい 評判,キズキプロ家庭教師 発達障がい 評判,値あり,
キズキプロ家庭教師,キズキプロ家庭教師,発達特性×評判,グレーゾーン 評判,キズキプロ家庭教師 グレーゾーン 評判,値あり,
キズキプロ家庭教師,キズキプロ家庭教師,発達特性×評判,ADHD 評判,キズキプロ家庭教師 ADHD 評判,値あり,
キズキプロ家庭教師,キズキプロ家庭教師,発達特性×評判,ASD 評判,キズキプロ家庭教師 ASD 評判,値あり,
キズキプロ家庭教師,キズキプロ家庭教師,発達特性×評判,自閉症 評判,キズキプロ家庭教師 自閉症 評判,値あり,
キズキプロ家庭教師,キズキプロ家庭教師,発達特性×評判,LD 評判,キズキプロ家庭教師 LD 評判,値あり,
キズキプロ家庭教師,キズキプロ家庭教師,発達特性×評判,学習障害 評判,キズキプロ家庭教師 学習障害 評判,値あり,
キズキプロ家庭教師,キズキプロ家庭教師,発達特性×評判,境界知能 評判,キズキプロ家庭教師 境界知能 評判,値あり,
キズキプロ家庭教師,キズキプロ家庭教師,発達特性×評判,不登校 評判,キズキプロ家庭教師 不登校 評判,値あり,
キズキプロ家庭教師,キズキプロ家庭教師,発達特性×料金,発達障害 料金,キズキプロ家庭教師 発達障害 料金,値あり,
キズキプロ家庭教師,キズキプロ家庭教師,発達特性×料金,発達障がい 料金,キズキプロ家庭教師 発達障がい 料金,値あり,
キズキプロ家庭教師,キズキプロ家庭教師,発達特性×料金,グレーゾーン 料金,キズキプロ家庭教師 グレーゾーン 料金,値あり,
キズキプロ家庭教師,キズキプロ家庭教師,発達特性×料金,ADHD 料金,キズキプロ家庭教師 ADHD 料金,値あり,
キズキプロ家庭教師,キズキプロ家庭教師,発達特性×料金,ASD 料金,キズキプロ家庭教師 ASD 料金,値あり,
キズキプロ家庭教師,キズキプロ家庭教師,発達特性×料金,自閉症 料金,キズキプロ家庭教師 自閉症 料金,値あり,
キズキプロ家庭教師,キズキプロ家庭教師,発達特性×料金,LD 料金,キズキプロ家庭教師 LD 料金,値あり,
キズキプロ家庭教師,キズキプロ家庭教師,発達特性×料金,学習障害 料金,キズキプロ家庭教師 学習障害 料金,値あり,
キズキプロ家庭教師,キズキプロ家庭教師,発達特性×料金,境界知能 料金,キズキプロ家庭教師 境界知能 料金,値あり,
キズキプロ家庭教師,キズキプロ家庭教師,発達特性×料金,不登校 料金,キズキプロ家庭教師 不登校 料金,値あり,
キズキプロ家庭教師,キズキ 家庭教師,評判・第三者評価,口コミ,キズキ 家庭教師 口コミ,値あり,
キズキプロ家庭教師,キズキ 家庭教師,評判・第三者評価,評判,キズキ 家庭教師 評判,値あり,
キズキプロ家庭教師,キズキ 家庭教師,評判・第三者評価,レビュー,キズキ 家庭教師 レビュー,値あり,
キズキプロ家庭教師,キズキ 家庭教師,評判・第三者評価,体験談,キズキ 家庭教師 体験談,値あり,
キズキプロ家庭教師,キズキ 家庭教師,評判・第三者評価,感想,キズキ 家庭教師 感想,値あり,
キズキプロ家庭教師,キズキ 家庭教師,評判・第三者評価,評価,キズキ 家庭教師 評価,値あり,
キズキプロ家庭教師,キズキ 家庭教師,料金・契約,料金,キズキ 家庭教師 料金,値あり,
キズキプロ家庭教師,キズキ 家庭教師,料金・契約,費用,キズキ 家庭教師 費用,値あり,
キズキプロ家庭教師,キズキ 家庭教師,料金・契約,月謝,キズキ 家庭教師 月謝,値あり,
キズキプロ家庭教師,キズキ 家庭教師,料金・契約,値段,キズキ 家庭教師 値段,値あり,
キズキプロ家庭教師,キズキ 家庭教師,料金・契約,価格,キズキ 家庭教師 価格,値あり,
キズキプロ家庭教師,キズキ 家庭教師,料金・契約,入会金,キズキ 家庭教師 入会金,値あり,
キズキプロ家庭教師,キズキ 家庭教師,料金・契約,教材費,キズキ 家庭教師 教材費,値あり,
キズキプロ家庭教師,キズキ 家庭教師,料金・契約,高い,キズキ 家庭教師 高い,値あり,
キズキプロ家庭教師,キズキ 家庭教師,料金・契約,安い,キズキ 家庭教師 安い,値あり,
キズキプロ家庭教師,キズキ 家庭教師,比較・選択,比較,キズキ 家庭教師 比較,値あり,
キズキプロ家庭教師,キズキ 家庭教師,比較・選択,違い,キズキ 家庭教師 違い,値あり,
キズキプロ家庭教師,キズキ 家庭教師,比較・選択,どっち,キズキ 家庭教師 どっち,値あり,
キズキプロ家庭教師,キズキ 家庭教師,比較・選択,おすすめ,キズキ 家庭教師 おすすめ,値あり,
キズキプロ家庭教師,キズキ 家庭教師,比較・選択,他社,キズキ 家庭教師 他社,値あり,
キズキプロ家庭教師,キズキ 家庭教師,比較・選択,ランキング,キズキ 家庭教師 ランキング,値あり,
キズキプロ家庭教師,キズキ 家庭教師,不安・ネガティブ確認,デメリット,キズキ 家庭教師 デメリット,値あり,
キズキプロ家庭教師,キズキ 家庭教師,不安・ネガティブ確認,メリット,キズキ 家庭教師 メリット,値あり,
キズキプロ家庭教師,キズキ 家庭教師,不安・ネガティブ確認,怪しい,キズキ 家庭教師 怪しい,値あり,
キズキプロ家庭教師,キズキ 家庭教師,不安・ネガティブ確認,最悪,キズキ 家庭教師 最悪,値あり,
キズキプロ家庭教師,キズキ 家庭教師,不安・ネガティブ確認,失敗,キズキ 家庭教師 失敗,値あり,
キズキプロ家庭教師,キズキ 家庭教師,不安・ネガティブ確認,後悔,キズキ 家庭教師 後悔,値あり,
キズキプロ家庭教師,キズキ 家庭教師,不安・ネガティブ確認,合わない,キズキ 家庭教師 合わない,値あり,
キズキプロ家庭教師,キズキ 家庭教師,不安・ネガティブ確認,向いてない,キズキ 家庭教師 向いてない,値あり,
キズキプロ家庭教師,キズキ 家庭教師,不安・ネガティブ確認,やめたい,キズキ 家庭教師 やめたい,値あり,
キズキプロ家庭教師,キズキ 家庭教師,不安・ネガティブ確認,辞めたい,キズキ 家庭教師 辞めたい,値あり,
キズキプロ家庭教師,キズキ 家庭教師,不安・ネガティブ確認,退会,キズキ 家庭教師 退会,値あり,
キズキプロ家庭教師,キズキ 家庭教師,不安・ネガティブ確認,解約,キズキ 家庭教師 解約,値あり,
キズキプロ家庭教師,キズキ 家庭教師,申込直前,無料体験,キズキ 家庭教師 無料体験,値あり,
キズキプロ家庭教師,キズキ 家庭教師,申込直前,体験,キズキ 家庭教師 体験,値あり,
キズキプロ家庭教師,キズキ 家庭教師,申込直前,体験授業,キズキ 家庭教師 体験授業,値あり,
キズキプロ家庭教師,キズキ 家庭教師,申込直前,無料相談,キズキ 家庭教師 無料相談,値あり,
キズキプロ家庭教師,キズキ 家庭教師,申込直前,資料請求,キズキ 家庭教師 資料請求,値あり,
キズキプロ家庭教師,キズキ 家庭教師,申込直前,申し込み,キズキ 家庭教師 申し込み,値あり,
キズキプロ家庭教師,キズキ 家庭教師,申込直前,入会,キズキ 家庭教師 入会,値あり,
キズキプロ家庭教師,キズキ 家庭教師,発達特性との相性,発達障害,キズキ 家庭教師 発達障害,値あり,
キズキプロ家庭教師,キズキ 家庭教師,発達特性との相性,発達障がい,キズキ 家庭教師 発達障がい,値あり,
キズキプロ家庭教師,キズキ 家庭教師,発達特性との相性,グレーゾーン,キズキ 家庭教師 グレーゾーン,値あり,
キズキプロ家庭教師,キズキ 家庭教師,発達特性との相性,ADHD,キズキ 家庭教師 ADHD,値あり,
キズキプロ家庭教師,キズキ 家庭教師,発達特性との相性,ASD,キズキ 家庭教師 ASD,値あり,
キズキプロ家庭教師,キズキ 家庭教師,発達特性との相性,自閉症,キズキ 家庭教師 自閉症,値あり,
キズキプロ家庭教師,キズキ 家庭教師,発達特性との相性,LD,キズキ 家庭教師 LD,値あり,
キズキプロ家庭教師,キズキ 家庭教師,発達特性との相性,学習障害,キズキ 家庭教師 学習障害,値あり,
キズキプロ家庭教師,キズキ 家庭教師,発達特性との相性,境界知能,キズキ 家庭教師 境界知能,値あり,
キズキプロ家庭教師,キズキ 家庭教師,発達特性との相性,不登校,キズキ 家庭教師 不登校,値あり,
キズキプロ家庭教師,キズキ 家庭教師,対象・用途,小学生,キズキ 家庭教師 小学生,値あり,
キズキプロ家庭教師,キズキ 家庭教師,対象・用途,中学生,キズキ 家庭教師 中学生,値あり,
キズキプロ家庭教師,キズキ 家庭教師,対象・用途,高校生,キズキ 家庭教師 高校生,値あり,
キズキプロ家庭教師,キズキ 家庭教師,対象・用途,高校受験,キズキ 家庭教師 高校受験,値あり,
キズキプロ家庭教師,キズキ 家庭教師,対象・用途,中学受験,キズキ 家庭教師 中学受験,値あり,
キズキプロ家庭教師,キズキ 家庭教師,対象・用途,大学受験,キズキ 家庭教師 大学受験,値あり,
キズキプロ家庭教師,キズキ 家庭教師,追加：SERP・サジェスト由来,評判 悪い,キズキ 家庭教師 評判 悪い,値あり,
キズキプロ家庭教師,キズキ 家庭教師,追加：SERP・サジェスト由来,やばい,キズキ 家庭教師 やばい,値あり,
キズキプロ家庭教師,キズキ 家庭教師,追加：SERP・サジェスト由来,知恵袋,キズキ 家庭教師 知恵袋,値あり,
キズキプロ家庭教師,キズキ 家庭教師,追加：SERP・サジェスト由来,2ch,キズキ 家庭教師 2ch,値あり,
キズキプロ家庭教師,キズキ 家庭教師,追加：SERP・サジェスト由来,料金表,キズキ 家庭教師 料金表,値あり,
キズキプロ家庭教師,キズキ 家庭教師,追加：SERP・サジェスト由来,授業料,キズキ 家庭教師 授業料,値あり,
キズキプロ家庭教師,キズキ 家庭教師,追加：SERP・サジェスト由来,夏期講習,キズキ 家庭教師 夏期講習,値あり,
キズキプロ家庭教師,キズキ 家庭教師,追加：SERP・サジェスト由来,意味ない,キズキ 家庭教師 意味ない,値あり,
キズキプロ家庭教師,キズキ 家庭教師,追加：SERP・サジェスト由来,バイト,キズキ 家庭教師 バイト,値あり,
キズキプロ家庭教師,キズキ 家庭教師,追加：SERP・サジェスト由来,求人,キズキ 家庭教師 求人,値あり,
キズキプロ家庭教師,キズキ 家庭教師,追加：KWP KeywordSeed由来,クチコミ,キズキ 家庭教師 クチコミ,値あり,
キズキプロ家庭教師,キズキ 家庭教師,追加：KWP KeywordSeed由来,やめとけ,キズキ 家庭教師 やめとけ,値あり,
キズキプロ家庭教師,キズキ 家庭教師,追加：KWP KeywordSeed由来,合格実績,キズキ 家庭教師 合格実績,値あり,
キズキプロ家庭教師,キズキ 家庭教師,追加：KWP KeywordSeed由来,時間割,キズキ 家庭教師 時間割,値あり,
キズキプロ家庭教師,キズキ 家庭教師,追加：KWP KeywordSeed由来,キャンペーン,キズキ 家庭教師 キャンペーン,値あり,
キズキプロ家庭教師,キズキ 家庭教師,追加：KWP KeywordSeed由来,割引,キズキ 家庭教師 割引,値あり,
キズキプロ家庭教師,キズキ 家庭教師,追加：KWP KeywordSeed由来,コース,キズキ 家庭教師 コース,値あり,
キズキプロ家庭教師,キズキ 家庭教師,追加：KWP KeywordSeed由来,春期講習,キズキ 家庭教師 春期講習,値あり,
キズキプロ家庭教師,キズキ 家庭教師,追加：KWP KeywordSeed由来,冬期講習,キズキ 家庭教師 冬期講習,値あり,
キズキプロ家庭教師,キズキ 家庭教師,追加：KWP KeywordSeed由来,電話番号,キズキ 家庭教師 電話番号,値あり,
キズキプロ家庭教師,キズキ 家庭教師,追加：KWP KeywordSeed由来,ホームページ,キズキ 家庭教師 ホームページ,値あり,
キズキプロ家庭教師,キズキ 家庭教師,追加：KWP KeywordSeed由来,株式会社,キズキ 家庭教師 株式会社,値あり,
キズキプロ家庭教師,キズキ 家庭教師,追加：KWP KeywordSeed由来,講師,キズキ 家庭教師 講師,値あり,
キズキプロ家庭教師,キズキ 家庭教師,追加：KWP KeywordSeed由来,とは,キズキ 家庭教師 とは,値あり,
ティントル,ティントル,評判・第三者評価,口コミ,ティントル 口コミ,値あり,70
ティントル,ティントル,評判・第三者評価,評判,ティントル 評判,値あり,10
ティントル,ティントル,評判・第三者評価,レビュー,ティントル レビュー,値あり,
ティントル,ティントル,評判・第三者評価,体験談,ティントル 体験談,値あり,
ティントル,ティントル,評判・第三者評価,感想,ティントル 感想,値あり,
ティントル,ティントル,評判・第三者評価,評価,ティントル 評価,値あり,
ティントル,ティントル,料金・契約,料金,ティントル 料金,値あり,20
ティントル,ティントル,料金・契約,費用,ティントル 費用,値あり,
ティントル,ティントル,料金・契約,月謝,ティントル 月謝,値あり,
ティントル,ティントル,料金・契約,値段,ティントル 値段,値あり,
ティントル,ティントル,料金・契約,価格,ティントル 価格,値あり,
ティントル,ティントル,料金・契約,入会金,ティントル 入会金,値あり,
ティントル,ティントル,料金・契約,教材費,ティントル 教材費,値あり,
ティントル,ティントル,料金・契約,高い,ティントル 高い,値あり,
ティントル,ティントル,料金・契約,安い,ティントル 安い,値あり,
ティントル,ティントル,比較・選択,比較,ティントル 比較,値あり,
ティントル,ティントル,比較・選択,違い,ティントル 違い,値あり,
ティントル,ティントル,比較・選択,どっち,ティントル どっち,値あり,
ティントル,ティントル,比較・選択,おすすめ,ティントル おすすめ,値あり,
ティントル,ティントル,比較・選択,他社,ティントル 他社,値あり,
ティントル,ティントル,比較・選択,ランキング,ティントル ランキング,値あり,
ティントル,ティントル,不安・ネガティブ確認,デメリット,ティントル デメリット,値あり,
ティントル,ティントル,不安・ネガティブ確認,メリット,ティントル メリット,値あり,
ティントル,ティントル,不安・ネガティブ確認,怪しい,ティントル 怪しい,値あり,
ティントル,ティントル,不安・ネガティブ確認,最悪,ティントル 最悪,値あり,
ティントル,ティントル,不安・ネガティブ確認,失敗,ティントル 失敗,値あり,
ティントル,ティントル,不安・ネガティブ確認,後悔,ティントル 後悔,値あり,
ティントル,ティントル,不安・ネガティブ確認,合わない,ティントル 合わない,値あり,
ティントル,ティントル,不安・ネガティブ確認,向いてない,ティントル 向いてない,値あり,
ティントル,ティントル,不安・ネガティブ確認,やめたい,ティントル やめたい,値あり,
ティントル,ティントル,不安・ネガティブ確認,辞めたい,ティントル 辞めたい,値あり,
ティントル,ティントル,不安・ネガティブ確認,退会,ティントル 退会,値あり,
ティントル,ティントル,不安・ネガティブ確認,解約,ティントル 解約,値あり,
ティントル,ティントル,申込直前,無料体験,ティントル 無料体験,値あり,
ティントル,ティントル,申込直前,体験,ティントル 体験,値あり,
ティントル,ティントル,申込直前,体験授業,ティントル 体験授業,値あり,
ティントル,ティントル,申込直前,無料相談,ティントル 無料相談,値あり,
ティントル,ティントル,申込直前,資料請求,ティントル 資料請求,値あり,
ティントル,ティントル,申込直前,申し込み,ティントル 申し込み,値あり,
ティントル,ティントル,申込直前,入会,ティントル 入会,値あり,
ティントル,ティントル,発達特性との相性,発達障害,ティントル 発達障害,値あり,
ティントル,ティントル,発達特性との相性,発達障がい,ティントル 発達障がい,値あり,
ティントル,ティントル,発達特性との相性,グレーゾーン,ティントル グレーゾーン,値あり,
ティントル,ティントル,発達特性との相性,ADHD,ティントル ADHD,値あり,
ティントル,ティントル,発達特性との相性,ASD,ティントル ASD,値あり,
ティントル,ティントル,発達特性との相性,自閉症,ティントル 自閉症,値あり,
ティントル,ティントル,発達特性との相性,LD,ティントル LD,値あり,
ティントル,ティントル,発達特性との相性,学習障害,ティントル 学習障害,値あり,
ティントル,ティントル,発達特性との相性,境界知能,ティントル 境界知能,値あり,
ティントル,ティントル,発達特性との相性,不登校,ティントル 不登校,値あり,
ティントル,ティントル,対象・用途,小学生,ティントル 小学生,値あり,
ティントル,ティントル,対象・用途,中学生,ティントル 中学生,値あり,
ティントル,ティントル,対象・用途,高校生,ティントル 高校生,値あり,
ティントル,ティントル,対象・用途,高校受験,ティントル 高校受験,値あり,
ティントル,ティントル,対象・用途,中学受験,ティントル 中学受験,値あり,
ティントル,ティントル,対象・用途,大学受験,ティントル 大学受験,値あり,
ティントル,ティントル,追加：SERP・サジェスト由来,評判 悪い,ティントル 評判 悪い,値あり,
ティントル,ティントル,追加：SERP・サジェスト由来,やばい,ティントル やばい,値あり,
ティントル,ティントル,追加：SERP・サジェスト由来,知恵袋,ティントル 知恵袋,値あり,
ティントル,ティントル,追加：SERP・サジェスト由来,2ch,ティントル 2ch,値あり,
ティントル,ティントル,追加：SERP・サジェスト由来,料金表,ティントル 料金表,値あり,
ティントル,ティントル,追加：SERP・サジェスト由来,授業料,ティントル 授業料,値あり,
ティントル,ティントル,追加：SERP・サジェスト由来,夏期講習,ティントル 夏期講習,値あり,
ティントル,ティントル,追加：SERP・サジェスト由来,意味ない,ティントル 意味ない,値あり,
ティントル,ティントル,追加：SERP・サジェスト由来,バイト,ティントル バイト,値あり,
ティントル,ティントル,追加：SERP・サジェスト由来,求人,ティントル 求人,値あり,10
ティントル,ティントル,追加：KWP KeywordSeed由来,クチコミ,ティントル クチコミ,値あり,
ティントル,ティントル,追加：KWP KeywordSeed由来,やめとけ,ティントル やめとけ,値あり,
ティントル,ティントル,追加：KWP KeywordSeed由来,合格実績,ティントル 合格実績,値あり,
ティントル,ティントル,追加：KWP KeywordSeed由来,時間割,ティントル 時間割,値あり,
ティントル,ティントル,追加：KWP KeywordSeed由来,キャンペーン,ティントル キャンペーン,値あり,
ティントル,ティントル,追加：KWP KeywordSeed由来,割引,ティントル 割引,値あり,
ティントル,ティントル,追加：KWP KeywordSeed由来,コース,ティントル コース,値あり,
ティントル,ティントル,追加：KWP KeywordSeed由来,春期講習,ティントル 春期講習,値あり,
ティントル,ティントル,追加：KWP KeywordSeed由来,冬期講習,ティントル 冬期講習,値あり,
ティントル,ティントル,追加：KWP KeywordSeed由来,電話番号,ティントル 電話番号,値あり,
ティントル,ティントル,追加：KWP KeywordSeed由来,ホームページ,ティントル ホームページ,値あり,
ティントル,ティントル,追加：KWP KeywordSeed由来,株式会社,ティントル 株式会社,値あり,
ティントル,ティントル,追加：KWP KeywordSeed由来,講師,ティントル 講師,値あり,
ティントル,ティントル,追加：KWP KeywordSeed由来,とは,ティントル とは,値あり,
ティントル,ティントル,発達特性×口コミ,発達障害 口コミ,ティントル 発達障害 口コミ,値あり,
ティントル,ティントル,発達特性×口コミ,発達障がい 口コミ,ティントル 発達障がい 口コミ,値あり,
ティントル,ティントル,発達特性×口コミ,グレーゾーン 口コミ,ティントル グレーゾーン 口コミ,値あり,
ティントル,ティントル,発達特性×口コミ,ADHD 口コミ,ティントル ADHD 口コミ,値あり,
ティントル,ティントル,発達特性×口コミ,ASD 口コミ,ティントル ASD 口コミ,値あり,
ティントル,ティントル,発達特性×口コミ,自閉症 口コミ,ティントル 自閉症 口コミ,値あり,
ティントル,ティントル,発達特性×口コミ,LD 口コミ,ティントル LD 口コミ,値あり,
ティントル,ティントル,発達特性×口コミ,学習障害 口コミ,ティントル 学習障害 口コミ,値あり,
ティントル,ティントル,発達特性×口コミ,境界知能 口コミ,ティントル 境界知能 口コミ,値あり,
ティントル,ティントル,発達特性×口コミ,不登校 口コミ,ティントル 不登校 口コミ,値あり,
ティントル,ティントル,発達特性×評判,発達障害 評判,ティントル 発達障害 評判,値あり,
ティントル,ティントル,発達特性×評判,発達障がい 評判,ティントル 発達障がい 評判,値あり,
ティントル,ティントル,発達特性×評判,グレーゾーン 評判,ティントル グレーゾーン 評判,値あり,
ティントル,ティントル,発達特性×評判,ADHD 評判,ティントル ADHD 評判,値あり,
ティントル,ティントル,発達特性×評判,ASD 評判,ティントル ASD 評判,値あり,
ティントル,ティントル,発達特性×評判,自閉症 評判,ティントル 自閉症 評判,値あり,
ティントル,ティントル,発達特性×評判,LD 評判,ティントル LD 評判,値あり,
ティントル,ティントル,発達特性×評判,学習障害 評判,ティントル 学習障害 評判,値あり,
ティントル,ティントル,発達特性×評判,境界知能 評判,ティントル 境界知能 評判,値あり,
ティントル,ティントル,発達特性×評判,不登校 評判,ティントル 不登校 評判,値あり,
ティントル,ティントル,発達特性×料金,発達障害 料金,ティントル 発達障害 料金,値あり,
ティントル,ティントル,発達特性×料金,発達障がい 料金,ティントル 発達障がい 料金,値あり,
ティントル,ティントル,発達特性×料金,グレーゾーン 料金,ティントル グレーゾーン 料金,値あり,
ティントル,ティントル,発達特性×料金,ADHD 料金,ティントル ADHD 料金,値あり,
ティントル,ティントル,発達特性×料金,ASD 料金,ティントル ASD 料金,値あり,
ティントル,ティントル,発達特性×料金,自閉症 料金,ティントル 自閉症 料金,値あり,
ティントル,ティントル,発達特性×料金,LD 料金,ティントル LD 料金,値あり,
ティントル,ティントル,発達特性×料金,学習障害 料金,ティントル 学習障害 料金,値あり,
ティントル,ティントル,発達特性×料金,境界知能 料金,ティントル 境界知能 料金,値あり,
ティントル,ティントル,発達特性×料金,不登校 料金,ティントル 不登校 料金,値あり,
ティントル,tintle,評判・第三者評価,口コミ,tintle 口コミ,値あり,
ティントル,tintle,評判・第三者評価,評判,tintle 評判,値あり,
ティントル,tintle,評判・第三者評価,レビュー,tintle レビュー,値あり,
ティントル,tintle,評判・第三者評価,体験談,tintle 体験談,値あり,
ティントル,tintle,評判・第三者評価,感想,tintle 感想,値あり,
ティントル,tintle,評判・第三者評価,評価,tintle 評価,値あり,
ティントル,tintle,料金・契約,料金,tintle 料金,値あり,
ティントル,tintle,料金・契約,費用,tintle 費用,値あり,
ティントル,tintle,料金・契約,月謝,tintle 月謝,値あり,
ティントル,tintle,料金・契約,値段,tintle 値段,値あり,
ティントル,tintle,料金・契約,価格,tintle 価格,値あり,
ティントル,tintle,料金・契約,入会金,tintle 入会金,値あり,
ティントル,tintle,料金・契約,教材費,tintle 教材費,値あり,
ティントル,tintle,料金・契約,高い,tintle 高い,値あり,
ティントル,tintle,料金・契約,安い,tintle 安い,値あり,
ティントル,tintle,比較・選択,比較,tintle 比較,値あり,
ティントル,tintle,比較・選択,違い,tintle 違い,値あり,
ティントル,tintle,比較・選択,どっち,tintle どっち,値あり,
ティントル,tintle,比較・選択,おすすめ,tintle おすすめ,値あり,
ティントル,tintle,比較・選択,他社,tintle 他社,値あり,
ティントル,tintle,比較・選択,ランキング,tintle ランキング,値あり,
ティントル,tintle,不安・ネガティブ確認,デメリット,tintle デメリット,値あり,
ティントル,tintle,不安・ネガティブ確認,メリット,tintle メリット,値あり,
ティントル,tintle,不安・ネガティブ確認,怪しい,tintle 怪しい,値あり,
ティントル,tintle,不安・ネガティブ確認,最悪,tintle 最悪,値あり,
ティントル,tintle,不安・ネガティブ確認,失敗,tintle 失敗,値あり,
ティントル,tintle,不安・ネガティブ確認,後悔,tintle 後悔,値あり,
ティントル,tintle,不安・ネガティブ確認,合わない,tintle 合わない,値あり,
ティントル,tintle,不安・ネガティブ確認,向いてない,tintle 向いてない,値あり,
ティントル,tintle,不安・ネガティブ確認,やめたい,tintle やめたい,値あり,
ティントル,tintle,不安・ネガティブ確認,辞めたい,tintle 辞めたい,値あり,
ティントル,tintle,不安・ネガティブ確認,退会,tintle 退会,値あり,
ティントル,tintle,不安・ネガティブ確認,解約,tintle 解約,値あり,
ティントル,tintle,申込直前,無料体験,tintle 無料体験,値あり,
ティントル,tintle,申込直前,体験,tintle 体験,値あり,
ティントル,tintle,申込直前,体験授業,tintle 体験授業,値あり,
ティントル,tintle,申込直前,無料相談,tintle 無料相談,値あり,
ティントル,tintle,申込直前,資料請求,tintle 資料請求,値あり,
ティントル,tintle,申込直前,申し込み,tintle 申し込み,値あり,
ティントル,tintle,申込直前,入会,tintle 入会,値あり,
ティントル,tintle,発達特性との相性,発達障害,tintle 発達障害,値あり,
ティントル,tintle,発達特性との相性,発達障がい,tintle 発達障がい,値あり,
ティントル,tintle,発達特性との相性,グレーゾーン,tintle グレーゾーン,値あり,
ティントル,tintle,発達特性との相性,ADHD,tintle ADHD,値あり,
ティントル,tintle,発達特性との相性,ASD,tintle ASD,値あり,
ティントル,tintle,発達特性との相性,自閉症,tintle 自閉症,値あり,
ティントル,tintle,発達特性との相性,LD,tintle LD,値あり,
ティントル,tintle,発達特性との相性,学習障害,tintle 学習障害,値あり,
ティントル,tintle,発達特性との相性,境界知能,tintle 境界知能,値あり,
ティントル,tintle,発達特性との相性,不登校,tintle 不登校,値あり,
ティントル,tintle,対象・用途,小学生,tintle 小学生,値あり,
ティントル,tintle,対象・用途,中学生,tintle 中学生,値あり,
ティントル,tintle,対象・用途,高校生,tintle 高校生,値あり,
ティントル,tintle,対象・用途,高校受験,tintle 高校受験,値あり,
ティントル,tintle,対象・用途,中学受験,tintle 中学受験,値あり,
ティントル,tintle,対象・用途,大学受験,tintle 大学受験,値あり,
ティントル,tintle,追加：SERP・サジェスト由来,評判 悪い,tintle 評判 悪い,値あり,
ティントル,tintle,追加：SERP・サジェスト由来,やばい,tintle やばい,値あり,
ティントル,tintle,追加：SERP・サジェスト由来,知恵袋,tintle 知恵袋,値あり,
ティントル,tintle,追加：SERP・サジェスト由来,2ch,tintle 2ch,値あり,
ティントル,tintle,追加：SERP・サジェスト由来,料金表,tintle 料金表,値あり,
ティントル,tintle,追加：SERP・サジェスト由来,授業料,tintle 授業料,値あり,
ティントル,tintle,追加：SERP・サジェスト由来,夏期講習,tintle 夏期講習,値あり,
ティントル,tintle,追加：SERP・サジェスト由来,意味ない,tintle 意味ない,値あり,
ティントル,tintle,追加：SERP・サジェスト由来,バイト,tintle バイト,値あり,
ティントル,tintle,追加：SERP・サジェスト由来,求人,tintle 求人,値あり,
ティントル,tintle,追加：KWP KeywordSeed由来,クチコミ,tintle クチコミ,値あり,
ティントル,tintle,追加：KWP KeywordSeed由来,やめとけ,tintle やめとけ,値あり,
ティントル,tintle,追加：KWP KeywordSeed由来,合格実績,tintle 合格実績,値あり,
ティントル,tintle,追加：KWP KeywordSeed由来,時間割,tintle 時間割,値あり,
ティントル,tintle,追加：KWP KeywordSeed由来,キャンペーン,tintle キャンペーン,値あり,
ティントル,tintle,追加：KWP KeywordSeed由来,割引,tintle 割引,値あり,
ティントル,tintle,追加：KWP KeywordSeed由来,コース,tintle コース,値あり,
ティントル,tintle,追加：KWP KeywordSeed由来,春期講習,tintle 春期講習,値あり,
ティントル,tintle,追加：KWP KeywordSeed由来,冬期講習,tintle 冬期講習,値あり,
ティントル,tintle,追加：KWP KeywordSeed由来,電話番号,tintle 電話番号,値あり,
ティントル,tintle,追加：KWP KeywordSeed由来,ホームページ,tintle ホームページ,値あり,
ティントル,tintle,追加：KWP KeywordSeed由来,株式会社,tintle 株式会社,値あり,
ティントル,tintle,追加：KWP KeywordSeed由来,講師,tintle 講師,値あり,
ティントル,tintle,追加：KWP KeywordSeed由来,とは,tintle とは,値あり,
ウォウフル,ウォウフル,評判・第三者評価,口コミ,ウォウフル 口コミ,値あり,
ウォウフル,ウォウフル,評判・第三者評価,評判,ウォウフル 評判,値あり,
ウォウフル,ウォウフル,評判・第三者評価,レビュー,ウォウフル レビュー,値あり,
ウォウフル,ウォウフル,評判・第三者評価,体験談,ウォウフル 体験談,値あり,
ウォウフル,ウォウフル,評判・第三者評価,感想,ウォウフル 感想,値あり,
ウォウフル,ウォウフル,評判・第三者評価,評価,ウォウフル 評価,値あり,
ウォウフル,ウォウフル,料金・契約,料金,ウォウフル 料金,値あり,
ウォウフル,ウォウフル,料金・契約,費用,ウォウフル 費用,値あり,
ウォウフル,ウォウフル,料金・契約,月謝,ウォウフル 月謝,値あり,
ウォウフル,ウォウフル,料金・契約,値段,ウォウフル 値段,値あり,
ウォウフル,ウォウフル,料金・契約,価格,ウォウフル 価格,値あり,
ウォウフル,ウォウフル,料金・契約,入会金,ウォウフル 入会金,値あり,
ウォウフル,ウォウフル,料金・契約,教材費,ウォウフル 教材費,値あり,
ウォウフル,ウォウフル,料金・契約,高い,ウォウフル 高い,値あり,
ウォウフル,ウォウフル,料金・契約,安い,ウォウフル 安い,値あり,
ウォウフル,ウォウフル,比較・選択,比較,ウォウフル 比較,値あり,
ウォウフル,ウォウフル,比較・選択,違い,ウォウフル 違い,値あり,
ウォウフル,ウォウフル,比較・選択,どっち,ウォウフル どっち,値あり,
ウォウフル,ウォウフル,比較・選択,おすすめ,ウォウフル おすすめ,値あり,
ウォウフル,ウォウフル,比較・選択,他社,ウォウフル 他社,値あり,
ウォウフル,ウォウフル,比較・選択,ランキング,ウォウフル ランキング,値あり,
ウォウフル,ウォウフル,不安・ネガティブ確認,デメリット,ウォウフル デメリット,値あり,
ウォウフル,ウォウフル,不安・ネガティブ確認,メリット,ウォウフル メリット,値あり,
ウォウフル,ウォウフル,不安・ネガティブ確認,怪しい,ウォウフル 怪しい,値あり,
ウォウフル,ウォウフル,不安・ネガティブ確認,最悪,ウォウフル 最悪,値あり,
ウォウフル,ウォウフル,不安・ネガティブ確認,失敗,ウォウフル 失敗,値あり,
ウォウフル,ウォウフル,不安・ネガティブ確認,後悔,ウォウフル 後悔,値あり,
ウォウフル,ウォウフル,不安・ネガティブ確認,合わない,ウォウフル 合わない,値あり,
ウォウフル,ウォウフル,不安・ネガティブ確認,向いてない,ウォウフル 向いてない,値あり,
ウォウフル,ウォウフル,不安・ネガティブ確認,やめたい,ウォウフル やめたい,値あり,
ウォウフル,ウォウフル,不安・ネガティブ確認,辞めたい,ウォウフル 辞めたい,値あり,
ウォウフル,ウォウフル,不安・ネガティブ確認,退会,ウォウフル 退会,値あり,
ウォウフル,ウォウフル,不安・ネガティブ確認,解約,ウォウフル 解約,値あり,
ウォウフル,ウォウフル,申込直前,無料体験,ウォウフル 無料体験,値あり,
ウォウフル,ウォウフル,申込直前,体験,ウォウフル 体験,値あり,
ウォウフル,ウォウフル,申込直前,体験授業,ウォウフル 体験授業,値あり,
ウォウフル,ウォウフル,申込直前,無料相談,ウォウフル 無料相談,値あり,
ウォウフル,ウォウフル,申込直前,資料請求,ウォウフル 資料請求,値あり,
ウォウフル,ウォウフル,申込直前,申し込み,ウォウフル 申し込み,値あり,
ウォウフル,ウォウフル,申込直前,入会,ウォウフル 入会,値あり,
ウォウフル,ウォウフル,発達特性との相性,発達障害,ウォウフル 発達障害,値あり,
ウォウフル,ウォウフル,発達特性との相性,発達障がい,ウォウフル 発達障がい,値あり,
ウォウフル,ウォウフル,発達特性との相性,グレーゾーン,ウォウフル グレーゾーン,値あり,
ウォウフル,ウォウフル,発達特性との相性,ADHD,ウォウフル ADHD,値あり,
ウォウフル,ウォウフル,発達特性との相性,ASD,ウォウフル ASD,値あり,
ウォウフル,ウォウフル,発達特性との相性,自閉症,ウォウフル 自閉症,値あり,
ウォウフル,ウォウフル,発達特性との相性,LD,ウォウフル LD,値あり,
ウォウフル,ウォウフル,発達特性との相性,学習障害,ウォウフル 学習障害,値あり,
ウォウフル,ウォウフル,発達特性との相性,境界知能,ウォウフル 境界知能,値あり,
ウォウフル,ウォウフル,発達特性との相性,不登校,ウォウフル 不登校,値あり,
ウォウフル,ウォウフル,対象・用途,小学生,ウォウフル 小学生,値あり,
ウォウフル,ウォウフル,対象・用途,中学生,ウォウフル 中学生,値あり,
ウォウフル,ウォウフル,対象・用途,高校生,ウォウフル 高校生,値あり,
ウォウフル,ウォウフル,対象・用途,高校受験,ウォウフル 高校受験,値あり,
ウォウフル,ウォウフル,対象・用途,中学受験,ウォウフル 中学受験,値あり,
ウォウフル,ウォウフル,対象・用途,大学受験,ウォウフル 大学受験,値あり,
ウォウフル,ウォウフル,追加：SERP・サジェスト由来,評判 悪い,ウォウフル 評判 悪い,値あり,
ウォウフル,ウォウフル,追加：SERP・サジェスト由来,やばい,ウォウフル やばい,値あり,
ウォウフル,ウォウフル,追加：SERP・サジェスト由来,知恵袋,ウォウフル 知恵袋,値あり,
ウォウフル,ウォウフル,追加：SERP・サジェスト由来,2ch,ウォウフル 2ch,値あり,
ウォウフル,ウォウフル,追加：SERP・サジェスト由来,料金表,ウォウフル 料金表,値あり,
ウォウフル,ウォウフル,追加：SERP・サジェスト由来,授業料,ウォウフル 授業料,値あり,
ウォウフル,ウォウフル,追加：SERP・サジェスト由来,夏期講習,ウォウフル 夏期講習,値あり,
ウォウフル,ウォウフル,追加：SERP・サジェスト由来,意味ない,ウォウフル 意味ない,値あり,
ウォウフル,ウォウフル,追加：SERP・サジェスト由来,バイト,ウォウフル バイト,値あり,
ウォウフル,ウォウフル,追加：SERP・サジェスト由来,求人,ウォウフル 求人,値あり,
ウォウフル,ウォウフル,追加：KWP KeywordSeed由来,クチコミ,ウォウフル クチコミ,値あり,
ウォウフル,ウォウフル,追加：KWP KeywordSeed由来,やめとけ,ウォウフル やめとけ,値あり,
ウォウフル,ウォウフル,追加：KWP KeywordSeed由来,合格実績,ウォウフル 合格実績,値あり,
ウォウフル,ウォウフル,追加：KWP KeywordSeed由来,時間割,ウォウフル 時間割,値あり,
ウォウフル,ウォウフル,追加：KWP KeywordSeed由来,キャンペーン,ウォウフル キャンペーン,値あり,
ウォウフル,ウォウフル,追加：KWP KeywordSeed由来,割引,ウォウフル 割引,値あり,
ウォウフル,ウォウフル,追加：KWP KeywordSeed由来,コース,ウォウフル コース,値あり,
ウォウフル,ウォウフル,追加：KWP KeywordSeed由来,春期講習,ウォウフル 春期講習,値あり,
ウォウフル,ウォウフル,追加：KWP KeywordSeed由来,冬期講習,ウォウフル 冬期講習,値あり,
ウォウフル,ウォウフル,追加：KWP KeywordSeed由来,電話番号,ウォウフル 電話番号,値あり,
ウォウフル,ウォウフル,追加：KWP KeywordSeed由来,ホームページ,ウォウフル ホームページ,値あり,
ウォウフル,ウォウフル,追加：KWP KeywordSeed由来,株式会社,ウォウフル 株式会社,値あり,
ウォウフル,ウォウフル,追加：KWP KeywordSeed由来,講師,ウォウフル 講師,値あり,
ウォウフル,ウォウフル,追加：KWP KeywordSeed由来,とは,ウォウフル とは,値あり,
ウォウフル,ウォウフル,発達特性×口コミ,発達障害 口コミ,ウォウフル 発達障害 口コミ,値あり,
ウォウフル,ウォウフル,発達特性×口コミ,発達障がい 口コミ,ウォウフル 発達障がい 口コミ,値あり,
ウォウフル,ウォウフル,発達特性×口コミ,グレーゾーン 口コミ,ウォウフル グレーゾーン 口コミ,値あり,
ウォウフル,ウォウフル,発達特性×口コミ,ADHD 口コミ,ウォウフル ADHD 口コミ,値あり,
ウォウフル,ウォウフル,発達特性×口コミ,ASD 口コミ,ウォウフル ASD 口コミ,値あり,
ウォウフル,ウォウフル,発達特性×口コミ,自閉症 口コミ,ウォウフル 自閉症 口コミ,値あり,
ウォウフル,ウォウフル,発達特性×口コミ,LD 口コミ,ウォウフル LD 口コミ,値あり,
ウォウフル,ウォウフル,発達特性×口コミ,学習障害 口コミ,ウォウフル 学習障害 口コミ,値あり,
ウォウフル,ウォウフル,発達特性×口コミ,境界知能 口コミ,ウォウフル 境界知能 口コミ,値あり,
ウォウフル,ウォウフル,発達特性×口コミ,不登校 口コミ,ウォウフル 不登校 口コミ,値あり,
ウォウフル,ウォウフル,発達特性×評判,発達障害 評判,ウォウフル 発達障害 評判,値あり,
ウォウフル,ウォウフル,発達特性×評判,発達障がい 評判,ウォウフル 発達障がい 評判,値あり,
ウォウフル,ウォウフル,発達特性×評判,グレーゾーン 評判,ウォウフル グレーゾーン 評判,値あり,
ウォウフル,ウォウフル,発達特性×評判,ADHD 評判,ウォウフル ADHD 評判,値あり,
ウォウフル,ウォウフル,発達特性×評判,ASD 評判,ウォウフル ASD 評判,値あり,
ウォウフル,ウォウフル,発達特性×評判,自閉症 評判,ウォウフル 自閉症 評判,値あり,
ウォウフル,ウォウフル,発達特性×評判,LD 評判,ウォウフル LD 評判,値あり,
ウォウフル,ウォウフル,発達特性×評判,学習障害 評判,ウォウフル 学習障害 評判,値あり,
ウォウフル,ウォウフル,発達特性×評判,境界知能 評判,ウォウフル 境界知能 評判,値あり,
ウォウフル,ウォウフル,発達特性×評判,不登校 評判,ウォウフル 不登校 評判,値あり,
ウォウフル,ウォウフル,発達特性×料金,発達障害 料金,ウォウフル 発達障害 料金,値あり,
ウォウフル,ウォウフル,発達特性×料金,発達障がい 料金,ウォウフル 発達障がい 料金,値あり,
ウォウフル,ウォウフル,発達特性×料金,グレーゾーン 料金,ウォウフル グレーゾーン 料金,値あり,
ウォウフル,ウォウフル,発達特性×料金,ADHD 料金,ウォウフル ADHD 料金,値あり,
ウォウフル,ウォウフル,発達特性×料金,ASD 料金,ウォウフル ASD 料金,値あり,
ウォウフル,ウォウフル,発達特性×料金,自閉症 料金,ウォウフル 自閉症 料金,値あり,
ウォウフル,ウォウフル,発達特性×料金,LD 料金,ウォウフル LD 料金,値あり,
ウォウフル,ウォウフル,発達特性×料金,学習障害 料金,ウォウフル 学習障害 料金,値あり,
ウォウフル,ウォウフル,発達特性×料金,境界知能 料金,ウォウフル 境界知能 料金,値あり,
ウォウフル,ウォウフル,発達特性×料金,不登校 料金,ウォウフル 不登校 料金,値あり,
ウォウフル,wowfull,評判・第三者評価,口コミ,wowfull 口コミ,値あり,
ウォウフル,wowfull,評判・第三者評価,評判,wowfull 評判,値あり,
ウォウフル,wowfull,評判・第三者評価,レビュー,wowfull レビュー,値あり,
ウォウフル,wowfull,評判・第三者評価,体験談,wowfull 体験談,値あり,
ウォウフル,wowfull,評判・第三者評価,感想,wowfull 感想,値あり,
ウォウフル,wowfull,評判・第三者評価,評価,wowfull 評価,値あり,
ウォウフル,wowfull,料金・契約,料金,wowfull 料金,値あり,
ウォウフル,wowfull,料金・契約,費用,wowfull 費用,値あり,
ウォウフル,wowfull,料金・契約,月謝,wowfull 月謝,値あり,
ウォウフル,wowfull,料金・契約,値段,wowfull 値段,値あり,
ウォウフル,wowfull,料金・契約,価格,wowfull 価格,値あり,
ウォウフル,wowfull,料金・契約,入会金,wowfull 入会金,値あり,
ウォウフル,wowfull,料金・契約,教材費,wowfull 教材費,値あり,
ウォウフル,wowfull,料金・契約,高い,wowfull 高い,値あり,
ウォウフル,wowfull,料金・契約,安い,wowfull 安い,値あり,
ウォウフル,wowfull,比較・選択,比較,wowfull 比較,値あり,
ウォウフル,wowfull,比較・選択,違い,wowfull 違い,値あり,
ウォウフル,wowfull,比較・選択,どっち,wowfull どっち,値あり,
ウォウフル,wowfull,比較・選択,おすすめ,wowfull おすすめ,値あり,
ウォウフル,wowfull,比較・選択,他社,wowfull 他社,値あり,
ウォウフル,wowfull,比較・選択,ランキング,wowfull ランキング,値あり,
ウォウフル,wowfull,不安・ネガティブ確認,デメリット,wowfull デメリット,値あり,
ウォウフル,wowfull,不安・ネガティブ確認,メリット,wowfull メリット,値あり,
ウォウフル,wowfull,不安・ネガティブ確認,怪しい,wowfull 怪しい,値あり,
ウォウフル,wowfull,不安・ネガティブ確認,最悪,wowfull 最悪,値あり,
ウォウフル,wowfull,不安・ネガティブ確認,失敗,wowfull 失敗,値あり,
ウォウフル,wowfull,不安・ネガティブ確認,後悔,wowfull 後悔,値あり,
ウォウフル,wowfull,不安・ネガティブ確認,合わない,wowfull 合わない,値あり,
ウォウフル,wowfull,不安・ネガティブ確認,向いてない,wowfull 向いてない,値あり,
ウォウフル,wowfull,不安・ネガティブ確認,やめたい,wowfull やめたい,値あり,
ウォウフル,wowfull,不安・ネガティブ確認,辞めたい,wowfull 辞めたい,値あり,
ウォウフル,wowfull,不安・ネガティブ確認,退会,wowfull 退会,値あり,
ウォウフル,wowfull,不安・ネガティブ確認,解約,wowfull 解約,値あり,
ウォウフル,wowfull,申込直前,無料体験,wowfull 無料体験,値あり,
ウォウフル,wowfull,申込直前,体験,wowfull 体験,値あり,
ウォウフル,wowfull,申込直前,体験授業,wowfull 体験授業,値あり,
ウォウフル,wowfull,申込直前,無料相談,wowfull 無料相談,値あり,
ウォウフル,wowfull,申込直前,資料請求,wowfull 資料請求,値あり,
ウォウフル,wowfull,申込直前,申し込み,wowfull 申し込み,値あり,
ウォウフル,wowfull,申込直前,入会,wowfull 入会,値あり,
ウォウフル,wowfull,発達特性との相性,発達障害,wowfull 発達障害,値あり,
ウォウフル,wowfull,発達特性との相性,発達障がい,wowfull 発達障がい,値あり,
ウォウフル,wowfull,発達特性との相性,グレーゾーン,wowfull グレーゾーン,値あり,
ウォウフル,wowfull,発達特性との相性,ADHD,wowfull ADHD,値あり,
ウォウフル,wowfull,発達特性との相性,ASD,wowfull ASD,値あり,
ウォウフル,wowfull,発達特性との相性,自閉症,wowfull 自閉症,値あり,
ウォウフル,wowfull,発達特性との相性,LD,wowfull LD,値あり,
ウォウフル,wowfull,発達特性との相性,学習障害,wowfull 学習障害,値あり,
ウォウフル,wowfull,発達特性との相性,境界知能,wowfull 境界知能,値あり,
ウォウフル,wowfull,発達特性との相性,不登校,wowfull 不登校,値あり,
ウォウフル,wowfull,対象・用途,小学生,wowfull 小学生,値あり,
ウォウフル,wowfull,対象・用途,中学生,wowfull 中学生,値あり,
ウォウフル,wowfull,対象・用途,高校生,wowfull 高校生,値あり,
ウォウフル,wowfull,対象・用途,高校受験,wowfull 高校受験,値あり,
ウォウフル,wowfull,対象・用途,中学受験,wowfull 中学受験,値あり,
ウォウフル,wowfull,対象・用途,大学受験,wowfull 大学受験,値あり,
ウォウフル,wowfull,追加：SERP・サジェスト由来,評判 悪い,wowfull 評判 悪い,値あり,
ウォウフル,wowfull,追加：SERP・サジェスト由来,やばい,wowfull やばい,値あり,
ウォウフル,wowfull,追加：SERP・サジェスト由来,知恵袋,wowfull 知恵袋,値あり,
ウォウフル,wowfull,追加：SERP・サジェスト由来,2ch,wowfull 2ch,値あり,
ウォウフル,wowfull,追加：SERP・サジェスト由来,料金表,wowfull 料金表,値あり,
ウォウフル,wowfull,追加：SERP・サジェスト由来,授業料,wowfull 授業料,値あり,
ウォウフル,wowfull,追加：SERP・サジェスト由来,夏期講習,wowfull 夏期講習,値あり,
ウォウフル,wowfull,追加：SERP・サジェスト由来,意味ない,wowfull 意味ない,値あり,
ウォウフル,wowfull,追加：SERP・サジェスト由来,バイト,wowfull バイト,値あり,
ウォウフル,wowfull,追加：SERP・サジェスト由来,求人,wowfull 求人,値あり,
ウォウフル,wowfull,追加：KWP KeywordSeed由来,クチコミ,wowfull クチコミ,値あり,
ウォウフル,wowfull,追加：KWP KeywordSeed由来,やめとけ,wowfull やめとけ,値あり,
ウォウフル,wowfull,追加：KWP KeywordSeed由来,合格実績,wowfull 合格実績,値あり,
ウォウフル,wowfull,追加：KWP KeywordSeed由来,時間割,wowfull 時間割,値あり,
ウォウフル,wowfull,追加：KWP KeywordSeed由来,キャンペーン,wowfull キャンペーン,値あり,
ウォウフル,wowfull,追加：KWP KeywordSeed由来,割引,wowfull 割引,値あり,
ウォウフル,wowfull,追加：KWP KeywordSeed由来,コース,wowfull コース,値あり,
ウォウフル,wowfull,追加：KWP KeywordSeed由来,春期講習,wowfull 春期講習,値あり,
ウォウフル,wowfull,追加：KWP KeywordSeed由来,冬期講習,wowfull 冬期講習,値あり,
ウォウフル,wowfull,追加：KWP KeywordSeed由来,電話番号,wowfull 電話番号,値あり,
ウォウフル,wowfull,追加：KWP KeywordSeed由来,ホームページ,wowfull ホームページ,値あり,
ウォウフル,wowfull,追加：KWP KeywordSeed由来,株式会社,wowfull 株式会社,値あり,
ウォウフル,wowfull,追加：KWP KeywordSeed由来,講師,wowfull 講師,値あり,
ウォウフル,wowfull,追加：KWP KeywordSeed由来,とは,wowfull とは,値あり,
まなぶてらす,まなぶてらす,評判・第三者評価,口コミ,まなぶてらす 口コミ,値あり,50
まなぶてらす,まなぶてらす,評判・第三者評価,評判,まなぶてらす 評判,値あり,10
まなぶてらす,まなぶてらす,評判・第三者評価,レビュー,まなぶてらす レビュー,値あり,
まなぶてらす,まなぶてらす,評判・第三者評価,体験談,まなぶてらす 体験談,値あり,
まなぶてらす,まなぶてらす,評判・第三者評価,感想,まなぶてらす 感想,値あり,
まなぶてらす,まなぶてらす,評判・第三者評価,評価,まなぶてらす 評価,値あり,
まなぶてらす,まなぶてらす,料金・契約,料金,まなぶてらす 料金,値あり,10
まなぶてらす,まなぶてらす,料金・契約,費用,まなぶてらす 費用,値あり,10
まなぶてらす,まなぶてらす,料金・契約,月謝,まなぶてらす 月謝,値あり,
まなぶてらす,まなぶてらす,料金・契約,値段,まなぶてらす 値段,値あり,
まなぶてらす,まなぶてらす,料金・契約,価格,まなぶてらす 価格,値あり,
まなぶてらす,まなぶてらす,料金・契約,入会金,まなぶてらす 入会金,値あり,
まなぶてらす,まなぶてらす,料金・契約,教材費,まなぶてらす 教材費,値あり,
まなぶてらす,まなぶてらす,料金・契約,高い,まなぶてらす 高い,値あり,
まなぶてらす,まなぶてらす,料金・契約,安い,まなぶてらす 安い,値あり,
まなぶてらす,まなぶてらす,比較・選択,比較,まなぶてらす 比較,値あり,
まなぶてらす,まなぶてらす,比較・選択,違い,まなぶてらす 違い,値あり,
まなぶてらす,まなぶてらす,比較・選択,どっち,まなぶてらす どっち,値あり,
まなぶてらす,まなぶてらす,比較・選択,おすすめ,まなぶてらす おすすめ,値あり,
まなぶてらす,まなぶてらす,比較・選択,他社,まなぶてらす 他社,値あり,
まなぶてらす,まなぶてらす,比較・選択,ランキング,まなぶてらす ランキング,値あり,
まなぶてらす,まなぶてらす,不安・ネガティブ確認,デメリット,まなぶてらす デメリット,値あり,
まなぶてらす,まなぶてらす,不安・ネガティブ確認,メリット,まなぶてらす メリット,値あり,
まなぶてらす,まなぶてらす,不安・ネガティブ確認,怪しい,まなぶてらす 怪しい,値あり,
まなぶてらす,まなぶてらす,不安・ネガティブ確認,最悪,まなぶてらす 最悪,値あり,
まなぶてらす,まなぶてらす,不安・ネガティブ確認,失敗,まなぶてらす 失敗,値あり,
まなぶてらす,まなぶてらす,不安・ネガティブ確認,後悔,まなぶてらす 後悔,値あり,
まなぶてらす,まなぶてらす,不安・ネガティブ確認,合わない,まなぶてらす 合わない,値あり,
まなぶてらす,まなぶてらす,不安・ネガティブ確認,向いてない,まなぶてらす 向いてない,値あり,
まなぶてらす,まなぶてらす,不安・ネガティブ確認,やめたい,まなぶてらす やめたい,値あり,
まなぶてらす,まなぶてらす,不安・ネガティブ確認,辞めたい,まなぶてらす 辞めたい,値あり,
まなぶてらす,まなぶてらす,不安・ネガティブ確認,退会,まなぶてらす 退会,値あり,
まなぶてらす,まなぶてらす,不安・ネガティブ確認,解約,まなぶてらす 解約,値あり,
まなぶてらす,まなぶてらす,申込直前,無料体験,まなぶてらす 無料体験,値あり,
まなぶてらす,まなぶてらす,申込直前,体験,まなぶてらす 体験,値あり,
まなぶてらす,まなぶてらす,申込直前,体験授業,まなぶてらす 体験授業,値あり,
まなぶてらす,まなぶてらす,申込直前,無料相談,まなぶてらす 無料相談,値あり,
まなぶてらす,まなぶてらす,申込直前,資料請求,まなぶてらす 資料請求,値あり,
まなぶてらす,まなぶてらす,申込直前,申し込み,まなぶてらす 申し込み,値あり,
まなぶてらす,まなぶてらす,申込直前,入会,まなぶてらす 入会,値あり,
まなぶてらす,まなぶてらす,発達特性との相性,発達障害,まなぶてらす 発達障害,値あり,
まなぶてらす,まなぶてらす,発達特性との相性,発達障がい,まなぶてらす 発達障がい,値あり,
まなぶてらす,まなぶてらす,発達特性との相性,グレーゾーン,まなぶてらす グレーゾーン,値あり,
まなぶてらす,まなぶてらす,発達特性との相性,ADHD,まなぶてらす ADHD,値あり,
まなぶてらす,まなぶてらす,発達特性との相性,ASD,まなぶてらす ASD,値あり,
まなぶてらす,まなぶてらす,発達特性との相性,自閉症,まなぶてらす 自閉症,値あり,
まなぶてらす,まなぶてらす,発達特性との相性,LD,まなぶてらす LD,値あり,
まなぶてらす,まなぶてらす,発達特性との相性,学習障害,まなぶてらす 学習障害,値あり,
まなぶてらす,まなぶてらす,発達特性との相性,境界知能,まなぶてらす 境界知能,値あり,
まなぶてらす,まなぶてらす,発達特性との相性,不登校,まなぶてらす 不登校,値あり,
まなぶてらす,まなぶてらす,対象・用途,小学生,まなぶてらす 小学生,値あり,
まなぶてらす,まなぶてらす,対象・用途,中学生,まなぶてらす 中学生,値あり,
まなぶてらす,まなぶてらす,対象・用途,高校生,まなぶてらす 高校生,値あり,
まなぶてらす,まなぶてらす,対象・用途,高校受験,まなぶてらす 高校受験,値あり,
まなぶてらす,まなぶてらす,対象・用途,中学受験,まなぶてらす 中学受験,値あり,10
まなぶてらす,まなぶてらす,対象・用途,大学受験,まなぶてらす 大学受験,値あり,
まなぶてらす,まなぶてらす,追加：SERP・サジェスト由来,評判 悪い,まなぶてらす 評判 悪い,値あり,
まなぶてらす,まなぶてらす,追加：SERP・サジェスト由来,やばい,まなぶてらす やばい,値あり,
まなぶてらす,まなぶてらす,追加：SERP・サジェスト由来,知恵袋,まなぶてらす 知恵袋,値あり,
まなぶてらす,まなぶてらす,追加：SERP・サジェスト由来,2ch,まなぶてらす 2ch,値あり,
まなぶてらす,まなぶてらす,追加：SERP・サジェスト由来,料金表,まなぶてらす 料金表,値あり,
まなぶてらす,まなぶてらす,追加：SERP・サジェスト由来,授業料,まなぶてらす 授業料,値あり,
まなぶてらす,まなぶてらす,追加：SERP・サジェスト由来,夏期講習,まなぶてらす 夏期講習,値あり,
まなぶてらす,まなぶてらす,追加：SERP・サジェスト由来,意味ない,まなぶてらす 意味ない,値あり,
まなぶてらす,まなぶてらす,追加：SERP・サジェスト由来,バイト,まなぶてらす バイト,値あり,10
まなぶてらす,まなぶてらす,追加：SERP・サジェスト由来,求人,まなぶてらす 求人,値あり,10
まなぶてらす,まなぶてらす,追加：KWP KeywordSeed由来,クチコミ,まなぶてらす クチコミ,値あり,
まなぶてらす,まなぶてらす,追加：KWP KeywordSeed由来,やめとけ,まなぶてらす やめとけ,値あり,
まなぶてらす,まなぶてらす,追加：KWP KeywordSeed由来,合格実績,まなぶてらす 合格実績,値あり,
まなぶてらす,まなぶてらす,追加：KWP KeywordSeed由来,時間割,まなぶてらす 時間割,値あり,
まなぶてらす,まなぶてらす,追加：KWP KeywordSeed由来,キャンペーン,まなぶてらす キャンペーン,値あり,
まなぶてらす,まなぶてらす,追加：KWP KeywordSeed由来,割引,まなぶてらす 割引,値あり,
まなぶてらす,まなぶてらす,追加：KWP KeywordSeed由来,コース,まなぶてらす コース,値あり,
まなぶてらす,まなぶてらす,追加：KWP KeywordSeed由来,春期講習,まなぶてらす 春期講習,値あり,
まなぶてらす,まなぶてらす,追加：KWP KeywordSeed由来,冬期講習,まなぶてらす 冬期講習,値あり,
まなぶてらす,まなぶてらす,追加：KWP KeywordSeed由来,電話番号,まなぶてらす 電話番号,値あり,
まなぶてらす,まなぶてらす,追加：KWP KeywordSeed由来,ホームページ,まなぶてらす ホームページ,値あり,
まなぶてらす,まなぶてらす,追加：KWP KeywordSeed由来,株式会社,まなぶてらす 株式会社,値あり,
まなぶてらす,まなぶてらす,追加：KWP KeywordSeed由来,講師,まなぶてらす 講師,値あり,70
まなぶてらす,まなぶてらす,追加：KWP KeywordSeed由来,とは,まなぶてらす とは,値あり,
まなぶてらす,まなぶてらす,発達特性×口コミ,発達障害 口コミ,まなぶてらす 発達障害 口コミ,値あり,
まなぶてらす,まなぶてらす,発達特性×口コミ,発達障がい 口コミ,まなぶてらす 発達障がい 口コミ,値あり,
まなぶてらす,まなぶてらす,発達特性×口コミ,グレーゾーン 口コミ,まなぶてらす グレーゾーン 口コミ,値あり,
まなぶてらす,まなぶてらす,発達特性×口コミ,ADHD 口コミ,まなぶてらす ADHD 口コミ,値あり,
まなぶてらす,まなぶてらす,発達特性×口コミ,ASD 口コミ,まなぶてらす ASD 口コミ,値あり,
まなぶてらす,まなぶてらす,発達特性×口コミ,自閉症 口コミ,まなぶてらす 自閉症 口コミ,値あり,
まなぶてらす,まなぶてらす,発達特性×口コミ,LD 口コミ,まなぶてらす LD 口コミ,値あり,
まなぶてらす,まなぶてらす,発達特性×口コミ,学習障害 口コミ,まなぶてらす 学習障害 口コミ,値あり,
まなぶてらす,まなぶてらす,発達特性×口コミ,境界知能 口コミ,まなぶてらす 境界知能 口コミ,値あり,
まなぶてらす,まなぶてらす,発達特性×口コミ,不登校 口コミ,まなぶてらす 不登校 口コミ,値あり,
まなぶてらす,まなぶてらす,発達特性×評判,発達障害 評判,まなぶてらす 発達障害 評判,値あり,
まなぶてらす,まなぶてらす,発達特性×評判,発達障がい 評判,まなぶてらす 発達障がい 評判,値あり,
まなぶてらす,まなぶてらす,発達特性×評判,グレーゾーン 評判,まなぶてらす グレーゾーン 評判,値あり,
まなぶてらす,まなぶてらす,発達特性×評判,ADHD 評判,まなぶてらす ADHD 評判,値あり,
まなぶてらす,まなぶてらす,発達特性×評判,ASD 評判,まなぶてらす ASD 評判,値あり,
まなぶてらす,まなぶてらす,発達特性×評判,自閉症 評判,まなぶてらす 自閉症 評判,値あり,
まなぶてらす,まなぶてらす,発達特性×評判,LD 評判,まなぶてらす LD 評判,値あり,
まなぶてらす,まなぶてらす,発達特性×評判,学習障害 評判,まなぶてらす 学習障害 評判,値あり,
まなぶてらす,まなぶてらす,発達特性×評判,境界知能 評判,まなぶてらす 境界知能 評判,値あり,
まなぶてらす,まなぶてらす,発達特性×評判,不登校 評判,まなぶてらす 不登校 評判,値あり,
まなぶてらす,まなぶてらす,発達特性×料金,発達障害 料金,まなぶてらす 発達障害 料金,値あり,
まなぶてらす,まなぶてらす,発達特性×料金,発達障がい 料金,まなぶてらす 発達障がい 料金,値あり,
まなぶてらす,まなぶてらす,発達特性×料金,グレーゾーン 料金,まなぶてらす グレーゾーン 料金,値あり,
まなぶてらす,まなぶてらす,発達特性×料金,ADHD 料金,まなぶてらす ADHD 料金,値あり,
まなぶてらす,まなぶてらす,発達特性×料金,ASD 料金,まなぶてらす ASD 料金,値あり,
まなぶてらす,まなぶてらす,発達特性×料金,自閉症 料金,まなぶてらす 自閉症 料金,値あり,
まなぶてらす,まなぶてらす,発達特性×料金,LD 料金,まなぶてらす LD 料金,値あり,
まなぶてらす,まなぶてらす,発達特性×料金,学習障害 料金,まなぶてらす 学習障害 料金,値あり,
まなぶてらす,まなぶてらす,発達特性×料金,境界知能 料金,まなぶてらす 境界知能 料金,値あり,
まなぶてらす,まなぶてらす,発達特性×料金,不登校 料金,まなぶてらす 不登校 料金,値あり,
まなぶてらす,マナブテラス,評判・第三者評価,口コミ,マナブテラス 口コミ,値あり,
まなぶてらす,マナブテラス,評判・第三者評価,評判,マナブテラス 評判,値あり,
まなぶてらす,マナブテラス,評判・第三者評価,レビュー,マナブテラス レビュー,値あり,
まなぶてらす,マナブテラス,評判・第三者評価,体験談,マナブテラス 体験談,値あり,
まなぶてらす,マナブテラス,評判・第三者評価,感想,マナブテラス 感想,値あり,
まなぶてらす,マナブテラス,評判・第三者評価,評価,マナブテラス 評価,値あり,
まなぶてらす,マナブテラス,料金・契約,料金,マナブテラス 料金,値あり,
まなぶてらす,マナブテラス,料金・契約,費用,マナブテラス 費用,値あり,
まなぶてらす,マナブテラス,料金・契約,月謝,マナブテラス 月謝,値あり,
まなぶてらす,マナブテラス,料金・契約,値段,マナブテラス 値段,値あり,
まなぶてらす,マナブテラス,料金・契約,価格,マナブテラス 価格,値あり,
まなぶてらす,マナブテラス,料金・契約,入会金,マナブテラス 入会金,値あり,
まなぶてらす,マナブテラス,料金・契約,教材費,マナブテラス 教材費,値あり,
まなぶてらす,マナブテラス,料金・契約,高い,マナブテラス 高い,値あり,
まなぶてらす,マナブテラス,料金・契約,安い,マナブテラス 安い,値あり,
まなぶてらす,マナブテラス,比較・選択,比較,マナブテラス 比較,値あり,
まなぶてらす,マナブテラス,比較・選択,違い,マナブテラス 違い,値あり,
まなぶてらす,マナブテラス,比較・選択,どっち,マナブテラス どっち,値あり,
まなぶてらす,マナブテラス,比較・選択,おすすめ,マナブテラス おすすめ,値あり,
まなぶてらす,マナブテラス,比較・選択,他社,マナブテラス 他社,値あり,
まなぶてらす,マナブテラス,比較・選択,ランキング,マナブテラス ランキング,値あり,
まなぶてらす,マナブテラス,不安・ネガティブ確認,デメリット,マナブテラス デメリット,値あり,
まなぶてらす,マナブテラス,不安・ネガティブ確認,メリット,マナブテラス メリット,値あり,
まなぶてらす,マナブテラス,不安・ネガティブ確認,怪しい,マナブテラス 怪しい,値あり,
まなぶてらす,マナブテラス,不安・ネガティブ確認,最悪,マナブテラス 最悪,値あり,
まなぶてらす,マナブテラス,不安・ネガティブ確認,失敗,マナブテラス 失敗,値あり,
まなぶてらす,マナブテラス,不安・ネガティブ確認,後悔,マナブテラス 後悔,値あり,
まなぶてらす,マナブテラス,不安・ネガティブ確認,合わない,マナブテラス 合わない,値あり,
まなぶてらす,マナブテラス,不安・ネガティブ確認,向いてない,マナブテラス 向いてない,値あり,
まなぶてらす,マナブテラス,不安・ネガティブ確認,やめたい,マナブテラス やめたい,値あり,
まなぶてらす,マナブテラス,不安・ネガティブ確認,辞めたい,マナブテラス 辞めたい,値あり,
まなぶてらす,マナブテラス,不安・ネガティブ確認,退会,マナブテラス 退会,値あり,
まなぶてらす,マナブテラス,不安・ネガティブ確認,解約,マナブテラス 解約,値あり,
まなぶてらす,マナブテラス,申込直前,無料体験,マナブテラス 無料体験,値あり,
まなぶてらす,マナブテラス,申込直前,体験,マナブテラス 体験,値あり,
まなぶてらす,マナブテラス,申込直前,体験授業,マナブテラス 体験授業,値あり,
まなぶてらす,マナブテラス,申込直前,無料相談,マナブテラス 無料相談,値あり,
まなぶてらす,マナブテラス,申込直前,資料請求,マナブテラス 資料請求,値あり,
まなぶてらす,マナブテラス,申込直前,申し込み,マナブテラス 申し込み,値あり,
まなぶてらす,マナブテラス,申込直前,入会,マナブテラス 入会,値あり,
まなぶてらす,マナブテラス,発達特性との相性,発達障害,マナブテラス 発達障害,値あり,
まなぶてらす,マナブテラス,発達特性との相性,発達障がい,マナブテラス 発達障がい,値あり,
まなぶてらす,マナブテラス,発達特性との相性,グレーゾーン,マナブテラス グレーゾーン,値あり,
まなぶてらす,マナブテラス,発達特性との相性,ADHD,マナブテラス ADHD,値あり,
まなぶてらす,マナブテラス,発達特性との相性,ASD,マナブテラス ASD,値あり,
まなぶてらす,マナブテラス,発達特性との相性,自閉症,マナブテラス 自閉症,値あり,
まなぶてらす,マナブテラス,発達特性との相性,LD,マナブテラス LD,値あり,
まなぶてらす,マナブテラス,発達特性との相性,学習障害,マナブテラス 学習障害,値あり,
まなぶてらす,マナブテラス,発達特性との相性,境界知能,マナブテラス 境界知能,値あり,
まなぶてらす,マナブテラス,発達特性との相性,不登校,マナブテラス 不登校,値あり,
まなぶてらす,マナブテラス,対象・用途,小学生,マナブテラス 小学生,値あり,
まなぶてらす,マナブテラス,対象・用途,中学生,マナブテラス 中学生,値あり,
まなぶてらす,マナブテラス,対象・用途,高校生,マナブテラス 高校生,値あり,
まなぶてらす,マナブテラス,対象・用途,高校受験,マナブテラス 高校受験,値あり,
まなぶてらす,マナブテラス,対象・用途,中学受験,マナブテラス 中学受験,値あり,
まなぶてらす,マナブテラス,対象・用途,大学受験,マナブテラス 大学受験,値あり,
まなぶてらす,マナブテラス,追加：SERP・サジェスト由来,評判 悪い,マナブテラス 評判 悪い,値あり,
まなぶてらす,マナブテラス,追加：SERP・サジェスト由来,やばい,マナブテラス やばい,値あり,
まなぶてらす,マナブテラス,追加：SERP・サジェスト由来,知恵袋,マナブテラス 知恵袋,値あり,
まなぶてらす,マナブテラス,追加：SERP・サジェスト由来,2ch,マナブテラス 2ch,値あり,
まなぶてらす,マナブテラス,追加：SERP・サジェスト由来,料金表,マナブテラス 料金表,値あり,
まなぶてらす,マナブテラス,追加：SERP・サジェスト由来,授業料,マナブテラス 授業料,値あり,
まなぶてらす,マナブテラス,追加：SERP・サジェスト由来,夏期講習,マナブテラス 夏期講習,値あり,
まなぶてらす,マナブテラス,追加：SERP・サジェスト由来,意味ない,マナブテラス 意味ない,値あり,
まなぶてらす,マナブテラス,追加：SERP・サジェスト由来,バイト,マナブテラス バイト,値あり,
まなぶてらす,マナブテラス,追加：SERP・サジェスト由来,求人,マナブテラス 求人,値あり,
まなぶてらす,マナブテラス,追加：KWP KeywordSeed由来,クチコミ,マナブテラス クチコミ,値あり,
まなぶてらす,マナブテラス,追加：KWP KeywordSeed由来,やめとけ,マナブテラス やめとけ,値あり,
まなぶてらす,マナブテラス,追加：KWP KeywordSeed由来,合格実績,マナブテラス 合格実績,値あり,
まなぶてらす,マナブテラス,追加：KWP KeywordSeed由来,時間割,マナブテラス 時間割,値あり,
まなぶてらす,マナブテラス,追加：KWP KeywordSeed由来,キャンペーン,マナブテラス キャンペーン,値あり,
まなぶてらす,マナブテラス,追加：KWP KeywordSeed由来,割引,マナブテラス 割引,値あり,
まなぶてらす,マナブテラス,追加：KWP KeywordSeed由来,コース,マナブテラス コース,値あり,
まなぶてらす,マナブテラス,追加：KWP KeywordSeed由来,春期講習,マナブテラス 春期講習,値あり,
まなぶてらす,マナブテラス,追加：KWP KeywordSeed由来,冬期講習,マナブテラス 冬期講習,値あり,
まなぶてらす,マナブテラス,追加：KWP KeywordSeed由来,電話番号,マナブテラス 電話番号,値あり,
まなぶてらす,マナブテラス,追加：KWP KeywordSeed由来,ホームページ,マナブテラス ホームページ,値あり,
まなぶてらす,マナブテラス,追加：KWP KeywordSeed由来,株式会社,マナブテラス 株式会社,値あり,
まなぶてらす,マナブテラス,追加：KWP KeywordSeed由来,講師,マナブテラス 講師,値あり,
まなぶてらす,マナブテラス,追加：KWP KeywordSeed由来,とは,マナブテラス とは,値あり,
マナリンク,マナリンク,評判・第三者評価,口コミ,マナリンク 口コミ,値あり,110
マナリンク,マナリンク,評判・第三者評価,評判,マナリンク 評判,値あり,210
マナリンク,マナリンク,評判・第三者評価,レビュー,マナリンク レビュー,値あり,30
マナリンク,マナリンク,評判・第三者評価,体験談,マナリンク 体験談,値あり,
マナリンク,マナリンク,評判・第三者評価,感想,マナリンク 感想,値あり,
マナリンク,マナリンク,評判・第三者評価,評価,マナリンク 評価,値あり,
マナリンク,マナリンク,料金・契約,料金,マナリンク 料金,値あり,20
マナリンク,マナリンク,料金・契約,費用,マナリンク 費用,値あり,
マナリンク,マナリンク,料金・契約,月謝,マナリンク 月謝,値あり,
マナリンク,マナリンク,料金・契約,値段,マナリンク 値段,値あり,
マナリンク,マナリンク,料金・契約,価格,マナリンク 価格,値あり,
マナリンク,マナリンク,料金・契約,入会金,マナリンク 入会金,値あり,
マナリンク,マナリンク,料金・契約,教材費,マナリンク 教材費,値あり,
マナリンク,マナリンク,料金・契約,高い,マナリンク 高い,値あり,
マナリンク,マナリンク,料金・契約,安い,マナリンク 安い,値あり,
マナリンク,マナリンク,比較・選択,比較,マナリンク 比較,値あり,
マナリンク,マナリンク,比較・選択,違い,マナリンク 違い,値あり,
マナリンク,マナリンク,比較・選択,どっち,マナリンク どっち,値あり,
マナリンク,マナリンク,比較・選択,おすすめ,マナリンク おすすめ,値あり,
マナリンク,マナリンク,比較・選択,他社,マナリンク 他社,値あり,
マナリンク,マナリンク,比較・選択,ランキング,マナリンク ランキング,値あり,
マナリンク,マナリンク,不安・ネガティブ確認,デメリット,マナリンク デメリット,値あり,
マナリンク,マナリンク,不安・ネガティブ確認,メリット,マナリンク メリット,値あり,
マナリンク,マナリンク,不安・ネガティブ確認,怪しい,マナリンク 怪しい,値あり,50
マナリンク,マナリンク,不安・ネガティブ確認,最悪,マナリンク 最悪,値あり,
マナリンク,マナリンク,不安・ネガティブ確認,失敗,マナリンク 失敗,値あり,
マナリンク,マナリンク,不安・ネガティブ確認,後悔,マナリンク 後悔,値あり,
マナリンク,マナリンク,不安・ネガティブ確認,合わない,マナリンク 合わない,値あり,
マナリンク,マナリンク,不安・ネガティブ確認,向いてない,マナリンク 向いてない,値あり,
マナリンク,マナリンク,不安・ネガティブ確認,やめたい,マナリンク やめたい,値あり,
マナリンク,マナリンク,不安・ネガティブ確認,辞めたい,マナリンク 辞めたい,値あり,
マナリンク,マナリンク,不安・ネガティブ確認,退会,マナリンク 退会,値あり,
マナリンク,マナリンク,不安・ネガティブ確認,解約,マナリンク 解約,値あり,
マナリンク,マナリンク,申込直前,無料体験,マナリンク 無料体験,値あり,
マナリンク,マナリンク,申込直前,体験,マナリンク 体験,値あり,
マナリンク,マナリンク,申込直前,体験授業,マナリンク 体験授業,値あり,
マナリンク,マナリンク,申込直前,無料相談,マナリンク 無料相談,値あり,
マナリンク,マナリンク,申込直前,資料請求,マナリンク 資料請求,値あり,
マナリンク,マナリンク,申込直前,申し込み,マナリンク 申し込み,値あり,
マナリンク,マナリンク,申込直前,入会,マナリンク 入会,値あり,
マナリンク,マナリンク,発達特性との相性,発達障害,マナリンク 発達障害,値あり,
マナリンク,マナリンク,発達特性との相性,発達障がい,マナリンク 発達障がい,値あり,
マナリンク,マナリンク,発達特性との相性,グレーゾーン,マナリンク グレーゾーン,値あり,
マナリンク,マナリンク,発達特性との相性,ADHD,マナリンク ADHD,値あり,
マナリンク,マナリンク,発達特性との相性,ASD,マナリンク ASD,値あり,
マナリンク,マナリンク,発達特性との相性,自閉症,マナリンク 自閉症,値あり,
マナリンク,マナリンク,発達特性との相性,LD,マナリンク LD,値あり,
マナリンク,マナリンク,発達特性との相性,学習障害,マナリンク 学習障害,値あり,
マナリンク,マナリンク,発達特性との相性,境界知能,マナリンク 境界知能,値あり,
マナリンク,マナリンク,発達特性との相性,不登校,マナリンク 不登校,値あり,
マナリンク,マナリンク,対象・用途,小学生,マナリンク 小学生,値あり,
マナリンク,マナリンク,対象・用途,中学生,マナリンク 中学生,値あり,
マナリンク,マナリンク,対象・用途,高校生,マナリンク 高校生,値あり,
マナリンク,マナリンク,対象・用途,高校受験,マナリンク 高校受験,値あり,
マナリンク,マナリンク,対象・用途,中学受験,マナリンク 中学受験,値あり,
マナリンク,マナリンク,対象・用途,大学受験,マナリンク 大学受験,値あり,
マナリンク,マナリンク,追加：SERP・サジェスト由来,評判 悪い,マナリンク 評判 悪い,値あり,
マナリンク,マナリンク,追加：SERP・サジェスト由来,やばい,マナリンク やばい,値あり,
マナリンク,マナリンク,追加：SERP・サジェスト由来,知恵袋,マナリンク 知恵袋,値あり,
マナリンク,マナリンク,追加：SERP・サジェスト由来,2ch,マナリンク 2ch,値あり,
マナリンク,マナリンク,追加：SERP・サジェスト由来,料金表,マナリンク 料金表,値あり,
マナリンク,マナリンク,追加：SERP・サジェスト由来,授業料,マナリンク 授業料,値あり,
マナリンク,マナリンク,追加：SERP・サジェスト由来,夏期講習,マナリンク 夏期講習,値あり,
マナリンク,マナリンク,追加：SERP・サジェスト由来,意味ない,マナリンク 意味ない,値あり,
マナリンク,マナリンク,追加：SERP・サジェスト由来,バイト,マナリンク バイト,値あり,30
マナリンク,マナリンク,追加：SERP・サジェスト由来,求人,マナリンク 求人,値あり,20
マナリンク,マナリンク,追加：KWP KeywordSeed由来,クチコミ,マナリンク クチコミ,値あり,
マナリンク,マナリンク,追加：KWP KeywordSeed由来,やめとけ,マナリンク やめとけ,値あり,
マナリンク,マナリンク,追加：KWP KeywordSeed由来,合格実績,マナリンク 合格実績,値あり,
マナリンク,マナリンク,追加：KWP KeywordSeed由来,時間割,マナリンク 時間割,値あり,
マナリンク,マナリンク,追加：KWP KeywordSeed由来,キャンペーン,マナリンク キャンペーン,値あり,
マナリンク,マナリンク,追加：KWP KeywordSeed由来,割引,マナリンク 割引,値あり,10
マナリンク,マナリンク,追加：KWP KeywordSeed由来,コース,マナリンク コース,値あり,
マナリンク,マナリンク,追加：KWP KeywordSeed由来,春期講習,マナリンク 春期講習,値あり,
マナリンク,マナリンク,追加：KWP KeywordSeed由来,冬期講習,マナリンク 冬期講習,値あり,
マナリンク,マナリンク,追加：KWP KeywordSeed由来,電話番号,マナリンク 電話番号,値あり,
マナリンク,マナリンク,追加：KWP KeywordSeed由来,ホームページ,マナリンク ホームページ,値あり,
マナリンク,マナリンク,追加：KWP KeywordSeed由来,株式会社,マナリンク 株式会社,値あり,
マナリンク,マナリンク,追加：KWP KeywordSeed由来,講師,マナリンク 講師,値あり,20
マナリンク,マナリンク,追加：KWP KeywordSeed由来,とは,マナリンク とは,値あり,
マナリンク,マナリンク,発達特性×口コミ,発達障害 口コミ,マナリンク 発達障害 口コミ,値あり,
マナリンク,マナリンク,発達特性×口コミ,発達障がい 口コミ,マナリンク 発達障がい 口コミ,値あり,
マナリンク,マナリンク,発達特性×口コミ,グレーゾーン 口コミ,マナリンク グレーゾーン 口コミ,値あり,
マナリンク,マナリンク,発達特性×口コミ,ADHD 口コミ,マナリンク ADHD 口コミ,値あり,
マナリンク,マナリンク,発達特性×口コミ,ASD 口コミ,マナリンク ASD 口コミ,値あり,
マナリンク,マナリンク,発達特性×口コミ,自閉症 口コミ,マナリンク 自閉症 口コミ,値あり,
マナリンク,マナリンク,発達特性×口コミ,LD 口コミ,マナリンク LD 口コミ,値あり,
マナリンク,マナリンク,発達特性×口コミ,学習障害 口コミ,マナリンク 学習障害 口コミ,値あり,
マナリンク,マナリンク,発達特性×口コミ,境界知能 口コミ,マナリンク 境界知能 口コミ,値あり,
マナリンク,マナリンク,発達特性×口コミ,不登校 口コミ,マナリンク 不登校 口コミ,値あり,
マナリンク,マナリンク,発達特性×評判,発達障害 評判,マナリンク 発達障害 評判,値あり,
マナリンク,マナリンク,発達特性×評判,発達障がい 評判,マナリンク 発達障がい 評判,値あり,
マナリンク,マナリンク,発達特性×評判,グレーゾーン 評判,マナリンク グレーゾーン 評判,値あり,
マナリンク,マナリンク,発達特性×評判,ADHD 評判,マナリンク ADHD 評判,値あり,
マナリンク,マナリンク,発達特性×評判,ASD 評判,マナリンク ASD 評判,値あり,
マナリンク,マナリンク,発達特性×評判,自閉症 評判,マナリンク 自閉症 評判,値あり,
マナリンク,マナリンク,発達特性×評判,LD 評判,マナリンク LD 評判,値あり,
マナリンク,マナリンク,発達特性×評判,学習障害 評判,マナリンク 学習障害 評判,値あり,
マナリンク,マナリンク,発達特性×評判,境界知能 評判,マナリンク 境界知能 評判,値あり,
マナリンク,マナリンク,発達特性×評判,不登校 評判,マナリンク 不登校 評判,値あり,
マナリンク,マナリンク,発達特性×料金,発達障害 料金,マナリンク 発達障害 料金,値あり,
マナリンク,マナリンク,発達特性×料金,発達障がい 料金,マナリンク 発達障がい 料金,値あり,
マナリンク,マナリンク,発達特性×料金,グレーゾーン 料金,マナリンク グレーゾーン 料金,値あり,
マナリンク,マナリンク,発達特性×料金,ADHD 料金,マナリンク ADHD 料金,値あり,
マナリンク,マナリンク,発達特性×料金,ASD 料金,マナリンク ASD 料金,値あり,
マナリンク,マナリンク,発達特性×料金,自閉症 料金,マナリンク 自閉症 料金,値あり,
マナリンク,マナリンク,発達特性×料金,LD 料金,マナリンク LD 料金,値あり,
マナリンク,マナリンク,発達特性×料金,学習障害 料金,マナリンク 学習障害 料金,値あり,
マナリンク,マナリンク,発達特性×料金,境界知能 料金,マナリンク 境界知能 料金,値あり,
マナリンク,マナリンク,発達特性×料金,不登校 料金,マナリンク 不登校 料金,値あり,
マナリンク,manalink,評判・第三者評価,口コミ,manalink 口コミ,値あり,
マナリンク,manalink,評判・第三者評価,評判,manalink 評判,値あり,
マナリンク,manalink,評判・第三者評価,レビュー,manalink レビュー,値あり,
マナリンク,manalink,評判・第三者評価,体験談,manalink 体験談,値あり,
マナリンク,manalink,評判・第三者評価,感想,manalink 感想,値あり,
マナリンク,manalink,評判・第三者評価,評価,manalink 評価,値あり,
マナリンク,manalink,料金・契約,料金,manalink 料金,値あり,
マナリンク,manalink,料金・契約,費用,manalink 費用,値あり,
マナリンク,manalink,料金・契約,月謝,manalink 月謝,値あり,
マナリンク,manalink,料金・契約,値段,manalink 値段,値あり,
マナリンク,manalink,料金・契約,価格,manalink 価格,値あり,
マナリンク,manalink,料金・契約,入会金,manalink 入会金,値あり,
マナリンク,manalink,料金・契約,教材費,manalink 教材費,値あり,
マナリンク,manalink,料金・契約,高い,manalink 高い,値あり,
マナリンク,manalink,料金・契約,安い,manalink 安い,値あり,
マナリンク,manalink,比較・選択,比較,manalink 比較,値あり,
マナリンク,manalink,比較・選択,違い,manalink 違い,値あり,
マナリンク,manalink,比較・選択,どっち,manalink どっち,値あり,
マナリンク,manalink,比較・選択,おすすめ,manalink おすすめ,値あり,
マナリンク,manalink,比較・選択,他社,manalink 他社,値あり,
マナリンク,manalink,比較・選択,ランキング,manalink ランキング,値あり,
マナリンク,manalink,不安・ネガティブ確認,デメリット,manalink デメリット,値あり,
マナリンク,manalink,不安・ネガティブ確認,メリット,manalink メリット,値あり,
マナリンク,manalink,不安・ネガティブ確認,怪しい,manalink 怪しい,値あり,
マナリンク,manalink,不安・ネガティブ確認,最悪,manalink 最悪,値あり,
マナリンク,manalink,不安・ネガティブ確認,失敗,manalink 失敗,値あり,
マナリンク,manalink,不安・ネガティブ確認,後悔,manalink 後悔,値あり,
マナリンク,manalink,不安・ネガティブ確認,合わない,manalink 合わない,値あり,
マナリンク,manalink,不安・ネガティブ確認,向いてない,manalink 向いてない,値あり,
マナリンク,manalink,不安・ネガティブ確認,やめたい,manalink やめたい,値あり,
マナリンク,manalink,不安・ネガティブ確認,辞めたい,manalink 辞めたい,値あり,
マナリンク,manalink,不安・ネガティブ確認,退会,manalink 退会,値あり,
マナリンク,manalink,不安・ネガティブ確認,解約,manalink 解約,値あり,
マナリンク,manalink,申込直前,無料体験,manalink 無料体験,値あり,
マナリンク,manalink,申込直前,体験,manalink 体験,値あり,
マナリンク,manalink,申込直前,体験授業,manalink 体験授業,値あり,
マナリンク,manalink,申込直前,無料相談,manalink 無料相談,値あり,
マナリンク,manalink,申込直前,資料請求,manalink 資料請求,値あり,
マナリンク,manalink,申込直前,申し込み,manalink 申し込み,値あり,
マナリンク,manalink,申込直前,入会,manalink 入会,値あり,
マナリンク,manalink,発達特性との相性,発達障害,manalink 発達障害,値あり,
マナリンク,manalink,発達特性との相性,発達障がい,manalink 発達障がい,値あり,
マナリンク,manalink,発達特性との相性,グレーゾーン,manalink グレーゾーン,値あり,
マナリンク,manalink,発達特性との相性,ADHD,manalink ADHD,値あり,
マナリンク,manalink,発達特性との相性,ASD,manalink ASD,値あり,
マナリンク,manalink,発達特性との相性,自閉症,manalink 自閉症,値あり,
マナリンク,manalink,発達特性との相性,LD,manalink LD,値あり,
マナリンク,manalink,発達特性との相性,学習障害,manalink 学習障害,値あり,
マナリンク,manalink,発達特性との相性,境界知能,manalink 境界知能,値あり,
マナリンク,manalink,発達特性との相性,不登校,manalink 不登校,値あり,
マナリンク,manalink,対象・用途,小学生,manalink 小学生,値あり,
マナリンク,manalink,対象・用途,中学生,manalink 中学生,値あり,
マナリンク,manalink,対象・用途,高校生,manalink 高校生,値あり,
マナリンク,manalink,対象・用途,高校受験,manalink 高校受験,値あり,
マナリンク,manalink,対象・用途,中学受験,manalink 中学受験,値あり,
マナリンク,manalink,対象・用途,大学受験,manalink 大学受験,値あり,
マナリンク,manalink,追加：SERP・サジェスト由来,評判 悪い,manalink 評判 悪い,値あり,
マナリンク,manalink,追加：SERP・サジェスト由来,やばい,manalink やばい,値あり,
マナリンク,manalink,追加：SERP・サジェスト由来,知恵袋,manalink 知恵袋,値あり,
マナリンク,manalink,追加：SERP・サジェスト由来,2ch,manalink 2ch,値あり,
マナリンク,manalink,追加：SERP・サジェスト由来,料金表,manalink 料金表,値あり,
マナリンク,manalink,追加：SERP・サジェスト由来,授業料,manalink 授業料,値あり,
マナリンク,manalink,追加：SERP・サジェスト由来,夏期講習,manalink 夏期講習,値あり,
マナリンク,manalink,追加：SERP・サジェスト由来,意味ない,manalink 意味ない,値あり,
マナリンク,manalink,追加：SERP・サジェスト由来,バイト,manalink バイト,値あり,
マナリンク,manalink,追加：SERP・サジェスト由来,求人,manalink 求人,値あり,
マナリンク,manalink,追加：KWP KeywordSeed由来,クチコミ,manalink クチコミ,値あり,
マナリンク,manalink,追加：KWP KeywordSeed由来,やめとけ,manalink やめとけ,値あり,
マナリンク,manalink,追加：KWP KeywordSeed由来,合格実績,manalink 合格実績,値あり,
マナリンク,manalink,追加：KWP KeywordSeed由来,時間割,manalink 時間割,値あり,
マナリンク,manalink,追加：KWP KeywordSeed由来,キャンペーン,manalink キャンペーン,値あり,
マナリンク,manalink,追加：KWP KeywordSeed由来,割引,manalink 割引,値あり,
マナリンク,manalink,追加：KWP KeywordSeed由来,コース,manalink コース,値あり,
マナリンク,manalink,追加：KWP KeywordSeed由来,春期講習,manalink 春期講習,値あり,
マナリンク,manalink,追加：KWP KeywordSeed由来,冬期講習,manalink 冬期講習,値あり,
マナリンク,manalink,追加：KWP KeywordSeed由来,電話番号,manalink 電話番号,値あり,
マナリンク,manalink,追加：KWP KeywordSeed由来,ホームページ,manalink ホームページ,値あり,
マナリンク,manalink,追加：KWP KeywordSeed由来,株式会社,manalink 株式会社,値あり,
マナリンク,manalink,追加：KWP KeywordSeed由来,講師,manalink 講師,値あり,
マナリンク,manalink,追加：KWP KeywordSeed由来,とは,manalink とは,値あり,
オンライン家庭教師GIPS,GIPS,評判・第三者評価,口コミ,GIPS 口コミ,値あり,
オンライン家庭教師GIPS,GIPS,評判・第三者評価,評判,GIPS 評判,値あり,
オンライン家庭教師GIPS,GIPS,評判・第三者評価,レビュー,GIPS レビュー,値あり,
オンライン家庭教師GIPS,GIPS,評判・第三者評価,体験談,GIPS 体験談,値あり,
オンライン家庭教師GIPS,GIPS,評判・第三者評価,感想,GIPS 感想,値あり,
オンライン家庭教師GIPS,GIPS,評判・第三者評価,評価,GIPS 評価,値あり,
オンライン家庭教師GIPS,GIPS,料金・契約,料金,GIPS 料金,値あり,
オンライン家庭教師GIPS,GIPS,料金・契約,費用,GIPS 費用,値あり,
オンライン家庭教師GIPS,GIPS,料金・契約,月謝,GIPS 月謝,値あり,
オンライン家庭教師GIPS,GIPS,料金・契約,値段,GIPS 値段,値あり,
オンライン家庭教師GIPS,GIPS,料金・契約,価格,GIPS 価格,値あり,
オンライン家庭教師GIPS,GIPS,料金・契約,入会金,GIPS 入会金,値あり,
オンライン家庭教師GIPS,GIPS,料金・契約,教材費,GIPS 教材費,値あり,
オンライン家庭教師GIPS,GIPS,料金・契約,高い,GIPS 高い,値あり,
オンライン家庭教師GIPS,GIPS,料金・契約,安い,GIPS 安い,値あり,
オンライン家庭教師GIPS,GIPS,比較・選択,比較,GIPS 比較,値あり,
オンライン家庭教師GIPS,GIPS,比較・選択,違い,GIPS 違い,値あり,
オンライン家庭教師GIPS,GIPS,比較・選択,どっち,GIPS どっち,値あり,
オンライン家庭教師GIPS,GIPS,比較・選択,おすすめ,GIPS おすすめ,値あり,
オンライン家庭教師GIPS,GIPS,比較・選択,他社,GIPS 他社,値あり,
オンライン家庭教師GIPS,GIPS,比較・選択,ランキング,GIPS ランキング,値あり,
オンライン家庭教師GIPS,GIPS,不安・ネガティブ確認,デメリット,GIPS デメリット,値あり,
オンライン家庭教師GIPS,GIPS,不安・ネガティブ確認,メリット,GIPS メリット,値あり,
オンライン家庭教師GIPS,GIPS,不安・ネガティブ確認,怪しい,GIPS 怪しい,値あり,
オンライン家庭教師GIPS,GIPS,不安・ネガティブ確認,最悪,GIPS 最悪,値あり,
オンライン家庭教師GIPS,GIPS,不安・ネガティブ確認,失敗,GIPS 失敗,値あり,
オンライン家庭教師GIPS,GIPS,不安・ネガティブ確認,後悔,GIPS 後悔,値あり,
オンライン家庭教師GIPS,GIPS,不安・ネガティブ確認,合わない,GIPS 合わない,値あり,
オンライン家庭教師GIPS,GIPS,不安・ネガティブ確認,向いてない,GIPS 向いてない,値あり,
オンライン家庭教師GIPS,GIPS,不安・ネガティブ確認,やめたい,GIPS やめたい,値あり,
オンライン家庭教師GIPS,GIPS,不安・ネガティブ確認,辞めたい,GIPS 辞めたい,値あり,
オンライン家庭教師GIPS,GIPS,不安・ネガティブ確認,退会,GIPS 退会,値あり,
オンライン家庭教師GIPS,GIPS,不安・ネガティブ確認,解約,GIPS 解約,値あり,
オンライン家庭教師GIPS,GIPS,申込直前,無料体験,GIPS 無料体験,値あり,
オンライン家庭教師GIPS,GIPS,申込直前,体験,GIPS 体験,値あり,
オンライン家庭教師GIPS,GIPS,申込直前,体験授業,GIPS 体験授業,値あり,
オンライン家庭教師GIPS,GIPS,申込直前,無料相談,GIPS 無料相談,値あり,
オンライン家庭教師GIPS,GIPS,申込直前,資料請求,GIPS 資料請求,値あり,
オンライン家庭教師GIPS,GIPS,申込直前,申し込み,GIPS 申し込み,値あり,
オンライン家庭教師GIPS,GIPS,申込直前,入会,GIPS 入会,値あり,
オンライン家庭教師GIPS,GIPS,発達特性との相性,発達障害,GIPS 発達障害,値あり,
オンライン家庭教師GIPS,GIPS,発達特性との相性,発達障がい,GIPS 発達障がい,値あり,
オンライン家庭教師GIPS,GIPS,発達特性との相性,グレーゾーン,GIPS グレーゾーン,値あり,
オンライン家庭教師GIPS,GIPS,発達特性との相性,ADHD,GIPS ADHD,値あり,
オンライン家庭教師GIPS,GIPS,発達特性との相性,ASD,GIPS ASD,値あり,
オンライン家庭教師GIPS,GIPS,発達特性との相性,自閉症,GIPS 自閉症,値あり,
オンライン家庭教師GIPS,GIPS,発達特性との相性,LD,GIPS LD,値あり,
オンライン家庭教師GIPS,GIPS,発達特性との相性,学習障害,GIPS 学習障害,値あり,
オンライン家庭教師GIPS,GIPS,発達特性との相性,境界知能,GIPS 境界知能,値あり,
オンライン家庭教師GIPS,GIPS,発達特性との相性,不登校,GIPS 不登校,値あり,
オンライン家庭教師GIPS,GIPS,対象・用途,小学生,GIPS 小学生,値あり,
オンライン家庭教師GIPS,GIPS,対象・用途,中学生,GIPS 中学生,値あり,
オンライン家庭教師GIPS,GIPS,対象・用途,高校生,GIPS 高校生,値あり,
オンライン家庭教師GIPS,GIPS,対象・用途,高校受験,GIPS 高校受験,値あり,
オンライン家庭教師GIPS,GIPS,対象・用途,中学受験,GIPS 中学受験,値あり,
オンライン家庭教師GIPS,GIPS,対象・用途,大学受験,GIPS 大学受験,値あり,
オンライン家庭教師GIPS,GIPS,追加：SERP・サジェスト由来,評判 悪い,GIPS 評判 悪い,値あり,
オンライン家庭教師GIPS,GIPS,追加：SERP・サジェスト由来,やばい,GIPS やばい,値あり,
オンライン家庭教師GIPS,GIPS,追加：SERP・サジェスト由来,知恵袋,GIPS 知恵袋,値あり,
オンライン家庭教師GIPS,GIPS,追加：SERP・サジェスト由来,2ch,GIPS 2ch,値あり,
オンライン家庭教師GIPS,GIPS,追加：SERP・サジェスト由来,料金表,GIPS 料金表,値あり,
オンライン家庭教師GIPS,GIPS,追加：SERP・サジェスト由来,授業料,GIPS 授業料,値あり,
オンライン家庭教師GIPS,GIPS,追加：SERP・サジェスト由来,夏期講習,GIPS 夏期講習,値あり,
オンライン家庭教師GIPS,GIPS,追加：SERP・サジェスト由来,意味ない,GIPS 意味ない,値あり,
オンライン家庭教師GIPS,GIPS,追加：SERP・サジェスト由来,バイト,GIPS バイト,値あり,
オンライン家庭教師GIPS,GIPS,追加：SERP・サジェスト由来,求人,GIPS 求人,値あり,
オンライン家庭教師GIPS,GIPS,追加：KWP KeywordSeed由来,クチコミ,GIPS クチコミ,値あり,
オンライン家庭教師GIPS,GIPS,追加：KWP KeywordSeed由来,やめとけ,GIPS やめとけ,値あり,
オンライン家庭教師GIPS,GIPS,追加：KWP KeywordSeed由来,合格実績,GIPS 合格実績,値あり,
オンライン家庭教師GIPS,GIPS,追加：KWP KeywordSeed由来,時間割,GIPS 時間割,値あり,
オンライン家庭教師GIPS,GIPS,追加：KWP KeywordSeed由来,キャンペーン,GIPS キャンペーン,値あり,
オンライン家庭教師GIPS,GIPS,追加：KWP KeywordSeed由来,割引,GIPS 割引,値あり,
オンライン家庭教師GIPS,GIPS,追加：KWP KeywordSeed由来,コース,GIPS コース,値あり,
オンライン家庭教師GIPS,GIPS,追加：KWP KeywordSeed由来,春期講習,GIPS 春期講習,値あり,
オンライン家庭教師GIPS,GIPS,追加：KWP KeywordSeed由来,冬期講習,GIPS 冬期講習,値あり,
オンライン家庭教師GIPS,GIPS,追加：KWP KeywordSeed由来,電話番号,GIPS 電話番号,値あり,
オンライン家庭教師GIPS,GIPS,追加：KWP KeywordSeed由来,ホームページ,GIPS ホームページ,値あり,
オンライン家庭教師GIPS,GIPS,追加：KWP KeywordSeed由来,株式会社,GIPS 株式会社,値あり,
オンライン家庭教師GIPS,GIPS,追加：KWP KeywordSeed由来,講師,GIPS 講師,値あり,
オンライン家庭教師GIPS,GIPS,追加：KWP KeywordSeed由来,とは,GIPS とは,値あり,30
オンライン家庭教師GIPS,GIPS,発達特性×口コミ,発達障害 口コミ,GIPS 発達障害 口コミ,値あり,
オンライン家庭教師GIPS,GIPS,発達特性×口コミ,発達障がい 口コミ,GIPS 発達障がい 口コミ,値あり,
オンライン家庭教師GIPS,GIPS,発達特性×口コミ,グレーゾーン 口コミ,GIPS グレーゾーン 口コミ,値あり,
オンライン家庭教師GIPS,GIPS,発達特性×口コミ,ADHD 口コミ,GIPS ADHD 口コミ,値あり,
オンライン家庭教師GIPS,GIPS,発達特性×口コミ,ASD 口コミ,GIPS ASD 口コミ,値あり,
オンライン家庭教師GIPS,GIPS,発達特性×口コミ,自閉症 口コミ,GIPS 自閉症 口コミ,値あり,
オンライン家庭教師GIPS,GIPS,発達特性×口コミ,LD 口コミ,GIPS LD 口コミ,値あり,
オンライン家庭教師GIPS,GIPS,発達特性×口コミ,学習障害 口コミ,GIPS 学習障害 口コミ,値あり,
オンライン家庭教師GIPS,GIPS,発達特性×口コミ,境界知能 口コミ,GIPS 境界知能 口コミ,値あり,
オンライン家庭教師GIPS,GIPS,発達特性×口コミ,不登校 口コミ,GIPS 不登校 口コミ,値あり,
オンライン家庭教師GIPS,GIPS,発達特性×評判,発達障害 評判,GIPS 発達障害 評判,値あり,
オンライン家庭教師GIPS,GIPS,発達特性×評判,発達障がい 評判,GIPS 発達障がい 評判,値あり,
オンライン家庭教師GIPS,GIPS,発達特性×評判,グレーゾーン 評判,GIPS グレーゾーン 評判,値あり,
オンライン家庭教師GIPS,GIPS,発達特性×評判,ADHD 評判,GIPS ADHD 評判,値あり,
オンライン家庭教師GIPS,GIPS,発達特性×評判,ASD 評判,GIPS ASD 評判,値あり,
オンライン家庭教師GIPS,GIPS,発達特性×評判,自閉症 評判,GIPS 自閉症 評判,値あり,
オンライン家庭教師GIPS,GIPS,発達特性×評判,LD 評判,GIPS LD 評判,値あり,
オンライン家庭教師GIPS,GIPS,発達特性×評判,学習障害 評判,GIPS 学習障害 評判,値あり,
オンライン家庭教師GIPS,GIPS,発達特性×評判,境界知能 評判,GIPS 境界知能 評判,値あり,
オンライン家庭教師GIPS,GIPS,発達特性×評判,不登校 評判,GIPS 不登校 評判,値あり,
オンライン家庭教師GIPS,GIPS,発達特性×料金,発達障害 料金,GIPS 発達障害 料金,値あり,
オンライン家庭教師GIPS,GIPS,発達特性×料金,発達障がい 料金,GIPS 発達障がい 料金,値あり,
オンライン家庭教師GIPS,GIPS,発達特性×料金,グレーゾーン 料金,GIPS グレーゾーン 料金,値あり,
オンライン家庭教師GIPS,GIPS,発達特性×料金,ADHD 料金,GIPS ADHD 料金,値あり,
オンライン家庭教師GIPS,GIPS,発達特性×料金,ASD 料金,GIPS ASD 料金,値あり,
オンライン家庭教師GIPS,GIPS,発達特性×料金,自閉症 料金,GIPS 自閉症 料金,値あり,
オンライン家庭教師GIPS,GIPS,発達特性×料金,LD 料金,GIPS LD 料金,値あり,
オンライン家庭教師GIPS,GIPS,発達特性×料金,学習障害 料金,GIPS 学習障害 料金,値あり,
オンライン家庭教師GIPS,GIPS,発達特性×料金,境界知能 料金,GIPS 境界知能 料金,値あり,
オンライン家庭教師GIPS,GIPS,発達特性×料金,不登校 料金,GIPS 不登校 料金,値あり,
オンライン家庭教師GIPS,ジップス 家庭教師,評判・第三者評価,口コミ,ジップス 家庭教師 口コミ,値あり,
オンライン家庭教師GIPS,ジップス 家庭教師,評判・第三者評価,評判,ジップス 家庭教師 評判,値あり,
オンライン家庭教師GIPS,ジップス 家庭教師,評判・第三者評価,レビュー,ジップス 家庭教師 レビュー,値あり,
オンライン家庭教師GIPS,ジップス 家庭教師,評判・第三者評価,体験談,ジップス 家庭教師 体験談,値あり,
オンライン家庭教師GIPS,ジップス 家庭教師,評判・第三者評価,感想,ジップス 家庭教師 感想,値あり,
オンライン家庭教師GIPS,ジップス 家庭教師,評判・第三者評価,評価,ジップス 家庭教師 評価,値あり,
オンライン家庭教師GIPS,ジップス 家庭教師,料金・契約,料金,ジップス 家庭教師 料金,値あり,
オンライン家庭教師GIPS,ジップス 家庭教師,料金・契約,費用,ジップス 家庭教師 費用,値あり,
オンライン家庭教師GIPS,ジップス 家庭教師,料金・契約,月謝,ジップス 家庭教師 月謝,値あり,
オンライン家庭教師GIPS,ジップス 家庭教師,料金・契約,値段,ジップス 家庭教師 値段,値あり,
オンライン家庭教師GIPS,ジップス 家庭教師,料金・契約,価格,ジップス 家庭教師 価格,値あり,
オンライン家庭教師GIPS,ジップス 家庭教師,料金・契約,入会金,ジップス 家庭教師 入会金,値あり,
オンライン家庭教師GIPS,ジップス 家庭教師,料金・契約,教材費,ジップス 家庭教師 教材費,値あり,
オンライン家庭教師GIPS,ジップス 家庭教師,料金・契約,高い,ジップス 家庭教師 高い,値あり,
オンライン家庭教師GIPS,ジップス 家庭教師,料金・契約,安い,ジップス 家庭教師 安い,値あり,
オンライン家庭教師GIPS,ジップス 家庭教師,比較・選択,比較,ジップス 家庭教師 比較,値あり,
オンライン家庭教師GIPS,ジップス 家庭教師,比較・選択,違い,ジップス 家庭教師 違い,値あり,
オンライン家庭教師GIPS,ジップス 家庭教師,比較・選択,どっち,ジップス 家庭教師 どっち,値あり,
オンライン家庭教師GIPS,ジップス 家庭教師,比較・選択,おすすめ,ジップス 家庭教師 おすすめ,値あり,
オンライン家庭教師GIPS,ジップス 家庭教師,比較・選択,他社,ジップス 家庭教師 他社,値あり,
オンライン家庭教師GIPS,ジップス 家庭教師,比較・選択,ランキング,ジップス 家庭教師 ランキング,値あり,
オンライン家庭教師GIPS,ジップス 家庭教師,不安・ネガティブ確認,デメリット,ジップス 家庭教師 デメリット,値あり,
オンライン家庭教師GIPS,ジップス 家庭教師,不安・ネガティブ確認,メリット,ジップス 家庭教師 メリット,値あり,
オンライン家庭教師GIPS,ジップス 家庭教師,不安・ネガティブ確認,怪しい,ジップス 家庭教師 怪しい,値あり,
オンライン家庭教師GIPS,ジップス 家庭教師,不安・ネガティブ確認,最悪,ジップス 家庭教師 最悪,値あり,
オンライン家庭教師GIPS,ジップス 家庭教師,不安・ネガティブ確認,失敗,ジップス 家庭教師 失敗,値あり,
オンライン家庭教師GIPS,ジップス 家庭教師,不安・ネガティブ確認,後悔,ジップス 家庭教師 後悔,値あり,
オンライン家庭教師GIPS,ジップス 家庭教師,不安・ネガティブ確認,合わない,ジップス 家庭教師 合わない,値あり,
オンライン家庭教師GIPS,ジップス 家庭教師,不安・ネガティブ確認,向いてない,ジップス 家庭教師 向いてない,値あり,
オンライン家庭教師GIPS,ジップス 家庭教師,不安・ネガティブ確認,やめたい,ジップス 家庭教師 やめたい,値あり,
オンライン家庭教師GIPS,ジップス 家庭教師,不安・ネガティブ確認,辞めたい,ジップス 家庭教師 辞めたい,値あり,
オンライン家庭教師GIPS,ジップス 家庭教師,不安・ネガティブ確認,退会,ジップス 家庭教師 退会,値あり,
オンライン家庭教師GIPS,ジップス 家庭教師,不安・ネガティブ確認,解約,ジップス 家庭教師 解約,値あり,
オンライン家庭教師GIPS,ジップス 家庭教師,申込直前,無料体験,ジップス 家庭教師 無料体験,値あり,
オンライン家庭教師GIPS,ジップス 家庭教師,申込直前,体験,ジップス 家庭教師 体験,値あり,
オンライン家庭教師GIPS,ジップス 家庭教師,申込直前,体験授業,ジップス 家庭教師 体験授業,値あり,
オンライン家庭教師GIPS,ジップス 家庭教師,申込直前,無料相談,ジップス 家庭教師 無料相談,値あり,
オンライン家庭教師GIPS,ジップス 家庭教師,申込直前,資料請求,ジップス 家庭教師 資料請求,値あり,
オンライン家庭教師GIPS,ジップス 家庭教師,申込直前,申し込み,ジップス 家庭教師 申し込み,値あり,
オンライン家庭教師GIPS,ジップス 家庭教師,申込直前,入会,ジップス 家庭教師 入会,値あり,
オンライン家庭教師GIPS,ジップス 家庭教師,発達特性との相性,発達障害,ジップス 家庭教師 発達障害,値あり,
オンライン家庭教師GIPS,ジップス 家庭教師,発達特性との相性,発達障がい,ジップス 家庭教師 発達障がい,値あり,
オンライン家庭教師GIPS,ジップス 家庭教師,発達特性との相性,グレーゾーン,ジップス 家庭教師 グレーゾーン,値あり,
オンライン家庭教師GIPS,ジップス 家庭教師,発達特性との相性,ADHD,ジップス 家庭教師 ADHD,値あり,
オンライン家庭教師GIPS,ジップス 家庭教師,発達特性との相性,ASD,ジップス 家庭教師 ASD,値あり,
オンライン家庭教師GIPS,ジップス 家庭教師,発達特性との相性,自閉症,ジップス 家庭教師 自閉症,値あり,
オンライン家庭教師GIPS,ジップス 家庭教師,発達特性との相性,LD,ジップス 家庭教師 LD,値あり,
オンライン家庭教師GIPS,ジップス 家庭教師,発達特性との相性,学習障害,ジップス 家庭教師 学習障害,値あり,
オンライン家庭教師GIPS,ジップス 家庭教師,発達特性との相性,境界知能,ジップス 家庭教師 境界知能,値あり,
オンライン家庭教師GIPS,ジップス 家庭教師,発達特性との相性,不登校,ジップス 家庭教師 不登校,値あり,
オンライン家庭教師GIPS,ジップス 家庭教師,対象・用途,小学生,ジップス 家庭教師 小学生,値あり,
オンライン家庭教師GIPS,ジップス 家庭教師,対象・用途,中学生,ジップス 家庭教師 中学生,値あり,
オンライン家庭教師GIPS,ジップス 家庭教師,対象・用途,高校生,ジップス 家庭教師 高校生,値あり,
オンライン家庭教師GIPS,ジップス 家庭教師,対象・用途,高校受験,ジップス 家庭教師 高校受験,値あり,
オンライン家庭教師GIPS,ジップス 家庭教師,対象・用途,中学受験,ジップス 家庭教師 中学受験,値あり,
オンライン家庭教師GIPS,ジップス 家庭教師,対象・用途,大学受験,ジップス 家庭教師 大学受験,値あり,
オンライン家庭教師GIPS,ジップス 家庭教師,追加：SERP・サジェスト由来,評判 悪い,ジップス 家庭教師 評判 悪い,値あり,
オンライン家庭教師GIPS,ジップス 家庭教師,追加：SERP・サジェスト由来,やばい,ジップス 家庭教師 やばい,値あり,
オンライン家庭教師GIPS,ジップス 家庭教師,追加：SERP・サジェスト由来,知恵袋,ジップス 家庭教師 知恵袋,値あり,
オンライン家庭教師GIPS,ジップス 家庭教師,追加：SERP・サジェスト由来,2ch,ジップス 家庭教師 2ch,値あり,
オンライン家庭教師GIPS,ジップス 家庭教師,追加：SERP・サジェスト由来,料金表,ジップス 家庭教師 料金表,値あり,
オンライン家庭教師GIPS,ジップス 家庭教師,追加：SERP・サジェスト由来,授業料,ジップス 家庭教師 授業料,値あり,
オンライン家庭教師GIPS,ジップス 家庭教師,追加：SERP・サジェスト由来,夏期講習,ジップス 家庭教師 夏期講習,値あり,
オンライン家庭教師GIPS,ジップス 家庭教師,追加：SERP・サジェスト由来,意味ない,ジップス 家庭教師 意味ない,値あり,
オンライン家庭教師GIPS,ジップス 家庭教師,追加：SERP・サジェスト由来,バイト,ジップス 家庭教師 バイト,値あり,
オンライン家庭教師GIPS,ジップス 家庭教師,追加：SERP・サジェスト由来,求人,ジップス 家庭教師 求人,値あり,
オンライン家庭教師GIPS,ジップス 家庭教師,追加：KWP KeywordSeed由来,クチコミ,ジップス 家庭教師 クチコミ,値あり,
オンライン家庭教師GIPS,ジップス 家庭教師,追加：KWP KeywordSeed由来,やめとけ,ジップス 家庭教師 やめとけ,値あり,
オンライン家庭教師GIPS,ジップス 家庭教師,追加：KWP KeywordSeed由来,合格実績,ジップス 家庭教師 合格実績,値あり,
オンライン家庭教師GIPS,ジップス 家庭教師,追加：KWP KeywordSeed由来,時間割,ジップス 家庭教師 時間割,値あり,
オンライン家庭教師GIPS,ジップス 家庭教師,追加：KWP KeywordSeed由来,キャンペーン,ジップス 家庭教師 キャンペーン,値あり,
オンライン家庭教師GIPS,ジップス 家庭教師,追加：KWP KeywordSeed由来,割引,ジップス 家庭教師 割引,値あり,
オンライン家庭教師GIPS,ジップス 家庭教師,追加：KWP KeywordSeed由来,コース,ジップス 家庭教師 コース,値あり,
オンライン家庭教師GIPS,ジップス 家庭教師,追加：KWP KeywordSeed由来,春期講習,ジップス 家庭教師 春期講習,値あり,
オンライン家庭教師GIPS,ジップス 家庭教師,追加：KWP KeywordSeed由来,冬期講習,ジップス 家庭教師 冬期講習,値あり,
オンライン家庭教師GIPS,ジップス 家庭教師,追加：KWP KeywordSeed由来,電話番号,ジップス 家庭教師 電話番号,値あり,
オンライン家庭教師GIPS,ジップス 家庭教師,追加：KWP KeywordSeed由来,ホームページ,ジップス 家庭教師 ホームページ,値あり,
オンライン家庭教師GIPS,ジップス 家庭教師,追加：KWP KeywordSeed由来,株式会社,ジップス 家庭教師 株式会社,値あり,
オンライン家庭教師GIPS,ジップス 家庭教師,追加：KWP KeywordSeed由来,講師,ジップス 家庭教師 講師,値あり,
オンライン家庭教師GIPS,ジップス 家庭教師,追加：KWP KeywordSeed由来,とは,ジップス 家庭教師 とは,値あり,
オンライン個別指導塾リバランス,リバランス,評判・第三者評価,口コミ,リバランス 口コミ,値あり,10
オンライン個別指導塾リバランス,リバランス,評判・第三者評価,評判,リバランス 評判,値あり,
オンライン個別指導塾リバランス,リバランス,評判・第三者評価,レビュー,リバランス レビュー,値あり,
オンライン個別指導塾リバランス,リバランス,評判・第三者評価,体験談,リバランス 体験談,値あり,
オンライン個別指導塾リバランス,リバランス,評判・第三者評価,感想,リバランス 感想,値あり,
オンライン個別指導塾リバランス,リバランス,評判・第三者評価,評価,リバランス 評価,値あり,
オンライン個別指導塾リバランス,リバランス,料金・契約,料金,リバランス 料金,値あり,
オンライン個別指導塾リバランス,リバランス,料金・契約,費用,リバランス 費用,値あり,
オンライン個別指導塾リバランス,リバランス,料金・契約,月謝,リバランス 月謝,値あり,
オンライン個別指導塾リバランス,リバランス,料金・契約,値段,リバランス 値段,値あり,
オンライン個別指導塾リバランス,リバランス,料金・契約,価格,リバランス 価格,値あり,
オンライン個別指導塾リバランス,リバランス,料金・契約,入会金,リバランス 入会金,値あり,
オンライン個別指導塾リバランス,リバランス,料金・契約,教材費,リバランス 教材費,値あり,
オンライン個別指導塾リバランス,リバランス,料金・契約,高い,リバランス 高い,値あり,
オンライン個別指導塾リバランス,リバランス,料金・契約,安い,リバランス 安い,値あり,
オンライン個別指導塾リバランス,リバランス,比較・選択,比較,リバランス 比較,値あり,
オンライン個別指導塾リバランス,リバランス,比較・選択,違い,リバランス 違い,値あり,
オンライン個別指導塾リバランス,リバランス,比較・選択,どっち,リバランス どっち,値あり,
オンライン個別指導塾リバランス,リバランス,比較・選択,おすすめ,リバランス おすすめ,値あり,
オンライン個別指導塾リバランス,リバランス,比較・選択,他社,リバランス 他社,値あり,
オンライン個別指導塾リバランス,リバランス,比較・選択,ランキング,リバランス ランキング,値あり,
オンライン個別指導塾リバランス,リバランス,不安・ネガティブ確認,デメリット,リバランス デメリット,値あり,10
オンライン個別指導塾リバランス,リバランス,不安・ネガティブ確認,メリット,リバランス メリット,値あり,10
オンライン個別指導塾リバランス,リバランス,不安・ネガティブ確認,怪しい,リバランス 怪しい,値あり,
オンライン個別指導塾リバランス,リバランス,不安・ネガティブ確認,最悪,リバランス 最悪,値あり,
オンライン個別指導塾リバランス,リバランス,不安・ネガティブ確認,失敗,リバランス 失敗,値あり,
オンライン個別指導塾リバランス,リバランス,不安・ネガティブ確認,後悔,リバランス 後悔,値あり,
オンライン個別指導塾リバランス,リバランス,不安・ネガティブ確認,合わない,リバランス 合わない,値あり,
オンライン個別指導塾リバランス,リバランス,不安・ネガティブ確認,向いてない,リバランス 向いてない,値あり,
オンライン個別指導塾リバランス,リバランス,不安・ネガティブ確認,やめたい,リバランス やめたい,値あり,
オンライン個別指導塾リバランス,リバランス,不安・ネガティブ確認,辞めたい,リバランス 辞めたい,値あり,
オンライン個別指導塾リバランス,リバランス,不安・ネガティブ確認,退会,リバランス 退会,値あり,
オンライン個別指導塾リバランス,リバランス,不安・ネガティブ確認,解約,リバランス 解約,値あり,
オンライン個別指導塾リバランス,リバランス,申込直前,無料体験,リバランス 無料体験,値あり,
オンライン個別指導塾リバランス,リバランス,申込直前,体験,リバランス 体験,値あり,
オンライン個別指導塾リバランス,リバランス,申込直前,体験授業,リバランス 体験授業,値あり,
オンライン個別指導塾リバランス,リバランス,申込直前,無料相談,リバランス 無料相談,値あり,
オンライン個別指導塾リバランス,リバランス,申込直前,資料請求,リバランス 資料請求,値あり,
オンライン個別指導塾リバランス,リバランス,申込直前,申し込み,リバランス 申し込み,値あり,
オンライン個別指導塾リバランス,リバランス,申込直前,入会,リバランス 入会,値あり,
オンライン個別指導塾リバランス,リバランス,発達特性との相性,発達障害,リバランス 発達障害,値あり,10
オンライン個別指導塾リバランス,リバランス,発達特性との相性,発達障がい,リバランス 発達障がい,値あり,
オンライン個別指導塾リバランス,リバランス,発達特性との相性,グレーゾーン,リバランス グレーゾーン,値あり,
オンライン個別指導塾リバランス,リバランス,発達特性との相性,ADHD,リバランス ADHD,値あり,
オンライン個別指導塾リバランス,リバランス,発達特性との相性,ASD,リバランス ASD,値あり,
オンライン個別指導塾リバランス,リバランス,発達特性との相性,自閉症,リバランス 自閉症,値あり,
オンライン個別指導塾リバランス,リバランス,発達特性との相性,LD,リバランス LD,値あり,
オンライン個別指導塾リバランス,リバランス,発達特性との相性,学習障害,リバランス 学習障害,値あり,
オンライン個別指導塾リバランス,リバランス,発達特性との相性,境界知能,リバランス 境界知能,値あり,
オンライン個別指導塾リバランス,リバランス,発達特性との相性,不登校,リバランス 不登校,値あり,
オンライン個別指導塾リバランス,リバランス,対象・用途,小学生,リバランス 小学生,値あり,
オンライン個別指導塾リバランス,リバランス,対象・用途,中学生,リバランス 中学生,値あり,
オンライン個別指導塾リバランス,リバランス,対象・用途,高校生,リバランス 高校生,値あり,
オンライン個別指導塾リバランス,リバランス,対象・用途,高校受験,リバランス 高校受験,値あり,
オンライン個別指導塾リバランス,リバランス,対象・用途,中学受験,リバランス 中学受験,値あり,
オンライン個別指導塾リバランス,リバランス,対象・用途,大学受験,リバランス 大学受験,値あり,
オンライン個別指導塾リバランス,リバランス,追加：SERP・サジェスト由来,評判 悪い,リバランス 評判 悪い,値あり,
オンライン個別指導塾リバランス,リバランス,追加：SERP・サジェスト由来,やばい,リバランス やばい,値あり,
オンライン個別指導塾リバランス,リバランス,追加：SERP・サジェスト由来,知恵袋,リバランス 知恵袋,値あり,
オンライン個別指導塾リバランス,リバランス,追加：SERP・サジェスト由来,2ch,リバランス 2ch,値あり,
オンライン個別指導塾リバランス,リバランス,追加：SERP・サジェスト由来,料金表,リバランス 料金表,値あり,
オンライン個別指導塾リバランス,リバランス,追加：SERP・サジェスト由来,授業料,リバランス 授業料,値あり,
オンライン個別指導塾リバランス,リバランス,追加：SERP・サジェスト由来,夏期講習,リバランス 夏期講習,値あり,
オンライン個別指導塾リバランス,リバランス,追加：SERP・サジェスト由来,意味ない,リバランス 意味ない,値あり,170
オンライン個別指導塾リバランス,リバランス,追加：SERP・サジェスト由来,バイト,リバランス バイト,値あり,
オンライン個別指導塾リバランス,リバランス,追加：SERP・サジェスト由来,求人,リバランス 求人,値あり,
オンライン個別指導塾リバランス,リバランス,追加：KWP KeywordSeed由来,クチコミ,リバランス クチコミ,値あり,
オンライン個別指導塾リバランス,リバランス,追加：KWP KeywordSeed由来,やめとけ,リバランス やめとけ,値あり,
オンライン個別指導塾リバランス,リバランス,追加：KWP KeywordSeed由来,合格実績,リバランス 合格実績,値あり,
オンライン個別指導塾リバランス,リバランス,追加：KWP KeywordSeed由来,時間割,リバランス 時間割,値あり,
オンライン個別指導塾リバランス,リバランス,追加：KWP KeywordSeed由来,キャンペーン,リバランス キャンペーン,値あり,
オンライン個別指導塾リバランス,リバランス,追加：KWP KeywordSeed由来,割引,リバランス 割引,値あり,
オンライン個別指導塾リバランス,リバランス,追加：KWP KeywordSeed由来,コース,リバランス コース,値あり,
オンライン個別指導塾リバランス,リバランス,追加：KWP KeywordSeed由来,春期講習,リバランス 春期講習,値あり,
オンライン個別指導塾リバランス,リバランス,追加：KWP KeywordSeed由来,冬期講習,リバランス 冬期講習,値あり,
オンライン個別指導塾リバランス,リバランス,追加：KWP KeywordSeed由来,電話番号,リバランス 電話番号,値あり,
オンライン個別指導塾リバランス,リバランス,追加：KWP KeywordSeed由来,ホームページ,リバランス ホームページ,値あり,
オンライン個別指導塾リバランス,リバランス,追加：KWP KeywordSeed由来,株式会社,リバランス 株式会社,値あり,40
オンライン個別指導塾リバランス,リバランス,追加：KWP KeywordSeed由来,講師,リバランス 講師,値あり,
オンライン個別指導塾リバランス,リバランス,追加：KWP KeywordSeed由来,とは,リバランス とは,値あり,70
オンライン個別指導塾リバランス,リバランス,発達特性×口コミ,発達障害 口コミ,リバランス 発達障害 口コミ,値あり,
オンライン個別指導塾リバランス,リバランス,発達特性×口コミ,発達障がい 口コミ,リバランス 発達障がい 口コミ,値あり,
オンライン個別指導塾リバランス,リバランス,発達特性×口コミ,グレーゾーン 口コミ,リバランス グレーゾーン 口コミ,値あり,
オンライン個別指導塾リバランス,リバランス,発達特性×口コミ,ADHD 口コミ,リバランス ADHD 口コミ,値あり,
オンライン個別指導塾リバランス,リバランス,発達特性×口コミ,ASD 口コミ,リバランス ASD 口コミ,値あり,
オンライン個別指導塾リバランス,リバランス,発達特性×口コミ,自閉症 口コミ,リバランス 自閉症 口コミ,値あり,
オンライン個別指導塾リバランス,リバランス,発達特性×口コミ,LD 口コミ,リバランス LD 口コミ,値あり,
オンライン個別指導塾リバランス,リバランス,発達特性×口コミ,学習障害 口コミ,リバランス 学習障害 口コミ,値あり,
オンライン個別指導塾リバランス,リバランス,発達特性×口コミ,境界知能 口コミ,リバランス 境界知能 口コミ,値あり,
オンライン個別指導塾リバランス,リバランス,発達特性×口コミ,不登校 口コミ,リバランス 不登校 口コミ,値あり,
オンライン個別指導塾リバランス,リバランス,発達特性×評判,発達障害 評判,リバランス 発達障害 評判,値あり,
オンライン個別指導塾リバランス,リバランス,発達特性×評判,発達障がい 評判,リバランス 発達障がい 評判,値あり,
オンライン個別指導塾リバランス,リバランス,発達特性×評判,グレーゾーン 評判,リバランス グレーゾーン 評判,値あり,
オンライン個別指導塾リバランス,リバランス,発達特性×評判,ADHD 評判,リバランス ADHD 評判,値あり,
オンライン個別指導塾リバランス,リバランス,発達特性×評判,ASD 評判,リバランス ASD 評判,値あり,
オンライン個別指導塾リバランス,リバランス,発達特性×評判,自閉症 評判,リバランス 自閉症 評判,値あり,
オンライン個別指導塾リバランス,リバランス,発達特性×評判,LD 評判,リバランス LD 評判,値あり,
オンライン個別指導塾リバランス,リバランス,発達特性×評判,学習障害 評判,リバランス 学習障害 評判,値あり,
オンライン個別指導塾リバランス,リバランス,発達特性×評判,境界知能 評判,リバランス 境界知能 評判,値あり,
オンライン個別指導塾リバランス,リバランス,発達特性×評判,不登校 評判,リバランス 不登校 評判,値あり,
オンライン個別指導塾リバランス,リバランス,発達特性×料金,発達障害 料金,リバランス 発達障害 料金,値あり,
オンライン個別指導塾リバランス,リバランス,発達特性×料金,発達障がい 料金,リバランス 発達障がい 料金,値あり,
オンライン個別指導塾リバランス,リバランス,発達特性×料金,グレーゾーン 料金,リバランス グレーゾーン 料金,値あり,
オンライン個別指導塾リバランス,リバランス,発達特性×料金,ADHD 料金,リバランス ADHD 料金,値あり,
オンライン個別指導塾リバランス,リバランス,発達特性×料金,ASD 料金,リバランス ASD 料金,値あり,
オンライン個別指導塾リバランス,リバランス,発達特性×料金,自閉症 料金,リバランス 自閉症 料金,値あり,
オンライン個別指導塾リバランス,リバランス,発達特性×料金,LD 料金,リバランス LD 料金,値あり,
オンライン個別指導塾リバランス,リバランス,発達特性×料金,学習障害 料金,リバランス 学習障害 料金,値あり,
オンライン個別指導塾リバランス,リバランス,発達特性×料金,境界知能 料金,リバランス 境界知能 料金,値あり,
オンライン個別指導塾リバランス,リバランス,発達特性×料金,不登校 料金,リバランス 不登校 料金,値あり,
オンライン個別指導塾リバランス,リバランス 塾,評判・第三者評価,口コミ,リバランス 塾 口コミ,値あり,30
オンライン個別指導塾リバランス,リバランス 塾,評判・第三者評価,評判,リバランス 塾 評判,値あり,
オンライン個別指導塾リバランス,リバランス 塾,評判・第三者評価,レビュー,リバランス 塾 レビュー,値あり,
オンライン個別指導塾リバランス,リバランス 塾,評判・第三者評価,体験談,リバランス 塾 体験談,値あり,
オンライン個別指導塾リバランス,リバランス 塾,評判・第三者評価,感想,リバランス 塾 感想,値あり,
オンライン個別指導塾リバランス,リバランス 塾,評判・第三者評価,評価,リバランス 塾 評価,値あり,
オンライン個別指導塾リバランス,リバランス 塾,料金・契約,料金,リバランス 塾 料金,値あり,
オンライン個別指導塾リバランス,リバランス 塾,料金・契約,費用,リバランス 塾 費用,値あり,
オンライン個別指導塾リバランス,リバランス 塾,料金・契約,月謝,リバランス 塾 月謝,値あり,
オンライン個別指導塾リバランス,リバランス 塾,料金・契約,値段,リバランス 塾 値段,値あり,
オンライン個別指導塾リバランス,リバランス 塾,料金・契約,価格,リバランス 塾 価格,値あり,
オンライン個別指導塾リバランス,リバランス 塾,料金・契約,入会金,リバランス 塾 入会金,値あり,
オンライン個別指導塾リバランス,リバランス 塾,料金・契約,教材費,リバランス 塾 教材費,値あり,
オンライン個別指導塾リバランス,リバランス 塾,料金・契約,高い,リバランス 塾 高い,値あり,
オンライン個別指導塾リバランス,リバランス 塾,料金・契約,安い,リバランス 塾 安い,値あり,
オンライン個別指導塾リバランス,リバランス 塾,比較・選択,比較,リバランス 塾 比較,値あり,
オンライン個別指導塾リバランス,リバランス 塾,比較・選択,違い,リバランス 塾 違い,値あり,
オンライン個別指導塾リバランス,リバランス 塾,比較・選択,どっち,リバランス 塾 どっち,値あり,
オンライン個別指導塾リバランス,リバランス 塾,比較・選択,おすすめ,リバランス 塾 おすすめ,値あり,
オンライン個別指導塾リバランス,リバランス 塾,比較・選択,他社,リバランス 塾 他社,値あり,
オンライン個別指導塾リバランス,リバランス 塾,比較・選択,ランキング,リバランス 塾 ランキング,値あり,
オンライン個別指導塾リバランス,リバランス 塾,不安・ネガティブ確認,デメリット,リバランス 塾 デメリット,値あり,
オンライン個別指導塾リバランス,リバランス 塾,不安・ネガティブ確認,メリット,リバランス 塾 メリット,値あり,
オンライン個別指導塾リバランス,リバランス 塾,不安・ネガティブ確認,怪しい,リバランス 塾 怪しい,値あり,
オンライン個別指導塾リバランス,リバランス 塾,不安・ネガティブ確認,最悪,リバランス 塾 最悪,値あり,
オンライン個別指導塾リバランス,リバランス 塾,不安・ネガティブ確認,失敗,リバランス 塾 失敗,値あり,
オンライン個別指導塾リバランス,リバランス 塾,不安・ネガティブ確認,後悔,リバランス 塾 後悔,値あり,
オンライン個別指導塾リバランス,リバランス 塾,不安・ネガティブ確認,合わない,リバランス 塾 合わない,値あり,
オンライン個別指導塾リバランス,リバランス 塾,不安・ネガティブ確認,向いてない,リバランス 塾 向いてない,値あり,
オンライン個別指導塾リバランス,リバランス 塾,不安・ネガティブ確認,やめたい,リバランス 塾 やめたい,値あり,
オンライン個別指導塾リバランス,リバランス 塾,不安・ネガティブ確認,辞めたい,リバランス 塾 辞めたい,値あり,
オンライン個別指導塾リバランス,リバランス 塾,不安・ネガティブ確認,退会,リバランス 塾 退会,値あり,
オンライン個別指導塾リバランス,リバランス 塾,不安・ネガティブ確認,解約,リバランス 塾 解約,値あり,
オンライン個別指導塾リバランス,リバランス 塾,申込直前,無料体験,リバランス 塾 無料体験,値あり,
オンライン個別指導塾リバランス,リバランス 塾,申込直前,体験,リバランス 塾 体験,値あり,
オンライン個別指導塾リバランス,リバランス 塾,申込直前,体験授業,リバランス 塾 体験授業,値あり,
オンライン個別指導塾リバランス,リバランス 塾,申込直前,無料相談,リバランス 塾 無料相談,値あり,
オンライン個別指導塾リバランス,リバランス 塾,申込直前,資料請求,リバランス 塾 資料請求,値あり,
オンライン個別指導塾リバランス,リバランス 塾,申込直前,申し込み,リバランス 塾 申し込み,値あり,
オンライン個別指導塾リバランス,リバランス 塾,申込直前,入会,リバランス 塾 入会,値あり,
オンライン個別指導塾リバランス,リバランス 塾,発達特性との相性,発達障害,リバランス 塾 発達障害,値あり,
オンライン個別指導塾リバランス,リバランス 塾,発達特性との相性,発達障がい,リバランス 塾 発達障がい,値あり,
オンライン個別指導塾リバランス,リバランス 塾,発達特性との相性,グレーゾーン,リバランス 塾 グレーゾーン,値あり,
オンライン個別指導塾リバランス,リバランス 塾,発達特性との相性,ADHD,リバランス 塾 ADHD,値あり,
オンライン個別指導塾リバランス,リバランス 塾,発達特性との相性,ASD,リバランス 塾 ASD,値あり,
オンライン個別指導塾リバランス,リバランス 塾,発達特性との相性,自閉症,リバランス 塾 自閉症,値あり,
オンライン個別指導塾リバランス,リバランス 塾,発達特性との相性,LD,リバランス 塾 LD,値あり,
オンライン個別指導塾リバランス,リバランス 塾,発達特性との相性,学習障害,リバランス 塾 学習障害,値あり,
オンライン個別指導塾リバランス,リバランス 塾,発達特性との相性,境界知能,リバランス 塾 境界知能,値あり,
オンライン個別指導塾リバランス,リバランス 塾,発達特性との相性,不登校,リバランス 塾 不登校,値あり,
オンライン個別指導塾リバランス,リバランス 塾,対象・用途,小学生,リバランス 塾 小学生,値あり,
オンライン個別指導塾リバランス,リバランス 塾,対象・用途,中学生,リバランス 塾 中学生,値あり,
オンライン個別指導塾リバランス,リバランス 塾,対象・用途,高校生,リバランス 塾 高校生,値あり,
オンライン個別指導塾リバランス,リバランス 塾,対象・用途,高校受験,リバランス 塾 高校受験,値あり,
オンライン個別指導塾リバランス,リバランス 塾,対象・用途,中学受験,リバランス 塾 中学受験,値あり,
オンライン個別指導塾リバランス,リバランス 塾,対象・用途,大学受験,リバランス 塾 大学受験,値あり,
オンライン個別指導塾リバランス,リバランス 塾,追加：SERP・サジェスト由来,評判 悪い,リバランス 塾 評判 悪い,値あり,
オンライン個別指導塾リバランス,リバランス 塾,追加：SERP・サジェスト由来,やばい,リバランス 塾 やばい,値あり,
オンライン個別指導塾リバランス,リバランス 塾,追加：SERP・サジェスト由来,知恵袋,リバランス 塾 知恵袋,値あり,
オンライン個別指導塾リバランス,リバランス 塾,追加：SERP・サジェスト由来,2ch,リバランス 塾 2ch,値あり,
オンライン個別指導塾リバランス,リバランス 塾,追加：SERP・サジェスト由来,料金表,リバランス 塾 料金表,値あり,
オンライン個別指導塾リバランス,リバランス 塾,追加：SERP・サジェスト由来,授業料,リバランス 塾 授業料,値あり,
オンライン個別指導塾リバランス,リバランス 塾,追加：SERP・サジェスト由来,夏期講習,リバランス 塾 夏期講習,値あり,
オンライン個別指導塾リバランス,リバランス 塾,追加：SERP・サジェスト由来,意味ない,リバランス 塾 意味ない,値あり,
オンライン個別指導塾リバランス,リバランス 塾,追加：SERP・サジェスト由来,バイト,リバランス 塾 バイト,値あり,
オンライン個別指導塾リバランス,リバランス 塾,追加：SERP・サジェスト由来,求人,リバランス 塾 求人,値あり,
オンライン個別指導塾リバランス,リバランス 塾,追加：KWP KeywordSeed由来,クチコミ,リバランス 塾 クチコミ,値あり,
オンライン個別指導塾リバランス,リバランス 塾,追加：KWP KeywordSeed由来,やめとけ,リバランス 塾 やめとけ,値あり,
オンライン個別指導塾リバランス,リバランス 塾,追加：KWP KeywordSeed由来,合格実績,リバランス 塾 合格実績,値あり,
オンライン個別指導塾リバランス,リバランス 塾,追加：KWP KeywordSeed由来,時間割,リバランス 塾 時間割,値あり,
オンライン個別指導塾リバランス,リバランス 塾,追加：KWP KeywordSeed由来,キャンペーン,リバランス 塾 キャンペーン,値あり,
オンライン個別指導塾リバランス,リバランス 塾,追加：KWP KeywordSeed由来,割引,リバランス 塾 割引,値あり,
オンライン個別指導塾リバランス,リバランス 塾,追加：KWP KeywordSeed由来,コース,リバランス 塾 コース,値あり,
オンライン個別指導塾リバランス,リバランス 塾,追加：KWP KeywordSeed由来,春期講習,リバランス 塾 春期講習,値あり,
オンライン個別指導塾リバランス,リバランス 塾,追加：KWP KeywordSeed由来,冬期講習,リバランス 塾 冬期講習,値あり,
オンライン個別指導塾リバランス,リバランス 塾,追加：KWP KeywordSeed由来,電話番号,リバランス 塾 電話番号,値あり,
オンライン個別指導塾リバランス,リバランス 塾,追加：KWP KeywordSeed由来,ホームページ,リバランス 塾 ホームページ,値あり,
オンライン個別指導塾リバランス,リバランス 塾,追加：KWP KeywordSeed由来,株式会社,リバランス 塾 株式会社,値あり,
オンライン個別指導塾リバランス,リバランス 塾,追加：KWP KeywordSeed由来,講師,リバランス 塾 講師,値あり,
オンライン個別指導塾リバランス,リバランス 塾,追加：KWP KeywordSeed由来,とは,リバランス 塾 とは,値あり,
Preステップオンライン,Preステップ,評判・第三者評価,口コミ,Preステップ 口コミ,値あり,
Preステップオンライン,Preステップ,評判・第三者評価,評判,Preステップ 評判,値あり,
Preステップオンライン,Preステップ,評判・第三者評価,レビュー,Preステップ レビュー,値あり,
Preステップオンライン,Preステップ,評判・第三者評価,体験談,Preステップ 体験談,値あり,
Preステップオンライン,Preステップ,評判・第三者評価,感想,Preステップ 感想,値あり,
Preステップオンライン,Preステップ,評判・第三者評価,評価,Preステップ 評価,値あり,
Preステップオンライン,Preステップ,料金・契約,料金,Preステップ 料金,値あり,
Preステップオンライン,Preステップ,料金・契約,費用,Preステップ 費用,値あり,
Preステップオンライン,Preステップ,料金・契約,月謝,Preステップ 月謝,値あり,
Preステップオンライン,Preステップ,料金・契約,値段,Preステップ 値段,値あり,
Preステップオンライン,Preステップ,料金・契約,価格,Preステップ 価格,値あり,
Preステップオンライン,Preステップ,料金・契約,入会金,Preステップ 入会金,値あり,
Preステップオンライン,Preステップ,料金・契約,教材費,Preステップ 教材費,値あり,
Preステップオンライン,Preステップ,料金・契約,高い,Preステップ 高い,値あり,
Preステップオンライン,Preステップ,料金・契約,安い,Preステップ 安い,値あり,
Preステップオンライン,Preステップ,比較・選択,比較,Preステップ 比較,値あり,
Preステップオンライン,Preステップ,比較・選択,違い,Preステップ 違い,値あり,
Preステップオンライン,Preステップ,比較・選択,どっち,Preステップ どっち,値あり,
Preステップオンライン,Preステップ,比較・選択,おすすめ,Preステップ おすすめ,値あり,
Preステップオンライン,Preステップ,比較・選択,他社,Preステップ 他社,値あり,
Preステップオンライン,Preステップ,比較・選択,ランキング,Preステップ ランキング,値あり,
Preステップオンライン,Preステップ,不安・ネガティブ確認,デメリット,Preステップ デメリット,値あり,
Preステップオンライン,Preステップ,不安・ネガティブ確認,メリット,Preステップ メリット,値あり,
Preステップオンライン,Preステップ,不安・ネガティブ確認,怪しい,Preステップ 怪しい,値あり,
Preステップオンライン,Preステップ,不安・ネガティブ確認,最悪,Preステップ 最悪,値あり,
Preステップオンライン,Preステップ,不安・ネガティブ確認,失敗,Preステップ 失敗,値あり,
Preステップオンライン,Preステップ,不安・ネガティブ確認,後悔,Preステップ 後悔,値あり,
Preステップオンライン,Preステップ,不安・ネガティブ確認,合わない,Preステップ 合わない,値あり,
Preステップオンライン,Preステップ,不安・ネガティブ確認,向いてない,Preステップ 向いてない,値あり,
Preステップオンライン,Preステップ,不安・ネガティブ確認,やめたい,Preステップ やめたい,値あり,
Preステップオンライン,Preステップ,不安・ネガティブ確認,辞めたい,Preステップ 辞めたい,値あり,
Preステップオンライン,Preステップ,不安・ネガティブ確認,退会,Preステップ 退会,値あり,
Preステップオンライン,Preステップ,不安・ネガティブ確認,解約,Preステップ 解約,値あり,
Preステップオンライン,Preステップ,申込直前,無料体験,Preステップ 無料体験,値あり,
Preステップオンライン,Preステップ,申込直前,体験,Preステップ 体験,値あり,
Preステップオンライン,Preステップ,申込直前,体験授業,Preステップ 体験授業,値あり,
Preステップオンライン,Preステップ,申込直前,無料相談,Preステップ 無料相談,値あり,
Preステップオンライン,Preステップ,申込直前,資料請求,Preステップ 資料請求,値あり,
Preステップオンライン,Preステップ,申込直前,申し込み,Preステップ 申し込み,値あり,
Preステップオンライン,Preステップ,申込直前,入会,Preステップ 入会,値あり,
Preステップオンライン,Preステップ,発達特性との相性,発達障害,Preステップ 発達障害,値あり,
Preステップオンライン,Preステップ,発達特性との相性,発達障がい,Preステップ 発達障がい,値あり,
Preステップオンライン,Preステップ,発達特性との相性,グレーゾーン,Preステップ グレーゾーン,値あり,
Preステップオンライン,Preステップ,発達特性との相性,ADHD,Preステップ ADHD,値あり,
Preステップオンライン,Preステップ,発達特性との相性,ASD,Preステップ ASD,値あり,
Preステップオンライン,Preステップ,発達特性との相性,自閉症,Preステップ 自閉症,値あり,
Preステップオンライン,Preステップ,発達特性との相性,LD,Preステップ LD,値あり,
Preステップオンライン,Preステップ,発達特性との相性,学習障害,Preステップ 学習障害,値あり,
Preステップオンライン,Preステップ,発達特性との相性,境界知能,Preステップ 境界知能,値あり,
Preステップオンライン,Preステップ,発達特性との相性,不登校,Preステップ 不登校,値あり,
Preステップオンライン,Preステップ,対象・用途,小学生,Preステップ 小学生,値あり,
Preステップオンライン,Preステップ,対象・用途,中学生,Preステップ 中学生,値あり,
Preステップオンライン,Preステップ,対象・用途,高校生,Preステップ 高校生,値あり,
Preステップオンライン,Preステップ,対象・用途,高校受験,Preステップ 高校受験,値あり,
Preステップオンライン,Preステップ,対象・用途,中学受験,Preステップ 中学受験,値あり,
Preステップオンライン,Preステップ,対象・用途,大学受験,Preステップ 大学受験,値あり,
Preステップオンライン,Preステップ,追加：SERP・サジェスト由来,評判 悪い,Preステップ 評判 悪い,値あり,
Preステップオンライン,Preステップ,追加：SERP・サジェスト由来,やばい,Preステップ やばい,値あり,
Preステップオンライン,Preステップ,追加：SERP・サジェスト由来,知恵袋,Preステップ 知恵袋,値あり,
Preステップオンライン,Preステップ,追加：SERP・サジェスト由来,2ch,Preステップ 2ch,値あり,
Preステップオンライン,Preステップ,追加：SERP・サジェスト由来,料金表,Preステップ 料金表,値あり,
Preステップオンライン,Preステップ,追加：SERP・サジェスト由来,授業料,Preステップ 授業料,値あり,
Preステップオンライン,Preステップ,追加：SERP・サジェスト由来,夏期講習,Preステップ 夏期講習,値あり,
Preステップオンライン,Preステップ,追加：SERP・サジェスト由来,意味ない,Preステップ 意味ない,値あり,
Preステップオンライン,Preステップ,追加：SERP・サジェスト由来,バイト,Preステップ バイト,値あり,
Preステップオンライン,Preステップ,追加：SERP・サジェスト由来,求人,Preステップ 求人,値あり,
Preステップオンライン,Preステップ,追加：KWP KeywordSeed由来,クチコミ,Preステップ クチコミ,値あり,
Preステップオンライン,Preステップ,追加：KWP KeywordSeed由来,やめとけ,Preステップ やめとけ,値あり,
Preステップオンライン,Preステップ,追加：KWP KeywordSeed由来,合格実績,Preステップ 合格実績,値あり,
Preステップオンライン,Preステップ,追加：KWP KeywordSeed由来,時間割,Preステップ 時間割,値あり,
Preステップオンライン,Preステップ,追加：KWP KeywordSeed由来,キャンペーン,Preステップ キャンペーン,値あり,
Preステップオンライン,Preステップ,追加：KWP KeywordSeed由来,割引,Preステップ 割引,値あり,
Preステップオンライン,Preステップ,追加：KWP KeywordSeed由来,コース,Preステップ コース,値あり,
Preステップオンライン,Preステップ,追加：KWP KeywordSeed由来,春期講習,Preステップ 春期講習,値あり,
Preステップオンライン,Preステップ,追加：KWP KeywordSeed由来,冬期講習,Preステップ 冬期講習,値あり,
Preステップオンライン,Preステップ,追加：KWP KeywordSeed由来,電話番号,Preステップ 電話番号,値あり,
Preステップオンライン,Preステップ,追加：KWP KeywordSeed由来,ホームページ,Preステップ ホームページ,値あり,
Preステップオンライン,Preステップ,追加：KWP KeywordSeed由来,株式会社,Preステップ 株式会社,値あり,
Preステップオンライン,Preステップ,追加：KWP KeywordSeed由来,講師,Preステップ 講師,値あり,
Preステップオンライン,Preステップ,追加：KWP KeywordSeed由来,とは,Preステップ とは,値あり,
Preステップオンライン,Preステップ,発達特性×口コミ,発達障害 口コミ,Preステップ 発達障害 口コミ,値あり,
Preステップオンライン,Preステップ,発達特性×口コミ,発達障がい 口コミ,Preステップ 発達障がい 口コミ,値あり,
Preステップオンライン,Preステップ,発達特性×口コミ,グレーゾーン 口コミ,Preステップ グレーゾーン 口コミ,値あり,
Preステップオンライン,Preステップ,発達特性×口コミ,ADHD 口コミ,Preステップ ADHD 口コミ,値あり,
Preステップオンライン,Preステップ,発達特性×口コミ,ASD 口コミ,Preステップ ASD 口コミ,値あり,
Preステップオンライン,Preステップ,発達特性×口コミ,自閉症 口コミ,Preステップ 自閉症 口コミ,値あり,
Preステップオンライン,Preステップ,発達特性×口コミ,LD 口コミ,Preステップ LD 口コミ,値あり,
Preステップオンライン,Preステップ,発達特性×口コミ,学習障害 口コミ,Preステップ 学習障害 口コミ,値あり,
Preステップオンライン,Preステップ,発達特性×口コミ,境界知能 口コミ,Preステップ 境界知能 口コミ,値あり,
Preステップオンライン,Preステップ,発達特性×口コミ,不登校 口コミ,Preステップ 不登校 口コミ,値あり,
Preステップオンライン,Preステップ,発達特性×評判,発達障害 評判,Preステップ 発達障害 評判,値あり,
Preステップオンライン,Preステップ,発達特性×評判,発達障がい 評判,Preステップ 発達障がい 評判,値あり,
Preステップオンライン,Preステップ,発達特性×評判,グレーゾーン 評判,Preステップ グレーゾーン 評判,値あり,
Preステップオンライン,Preステップ,発達特性×評判,ADHD 評判,Preステップ ADHD 評判,値あり,
Preステップオンライン,Preステップ,発達特性×評判,ASD 評判,Preステップ ASD 評判,値あり,
Preステップオンライン,Preステップ,発達特性×評判,自閉症 評判,Preステップ 自閉症 評判,値あり,
Preステップオンライン,Preステップ,発達特性×評判,LD 評判,Preステップ LD 評判,値あり,
Preステップオンライン,Preステップ,発達特性×評判,学習障害 評判,Preステップ 学習障害 評判,値あり,
Preステップオンライン,Preステップ,発達特性×評判,境界知能 評判,Preステップ 境界知能 評判,値あり,
Preステップオンライン,Preステップ,発達特性×評判,不登校 評判,Preステップ 不登校 評判,値あり,
Preステップオンライン,Preステップ,発達特性×料金,発達障害 料金,Preステップ 発達障害 料金,値あり,
Preステップオンライン,Preステップ,発達特性×料金,発達障がい 料金,Preステップ 発達障がい 料金,値あり,
Preステップオンライン,Preステップ,発達特性×料金,グレーゾーン 料金,Preステップ グレーゾーン 料金,値あり,
Preステップオンライン,Preステップ,発達特性×料金,ADHD 料金,Preステップ ADHD 料金,値あり,
Preステップオンライン,Preステップ,発達特性×料金,ASD 料金,Preステップ ASD 料金,値あり,
Preステップオンライン,Preステップ,発達特性×料金,自閉症 料金,Preステップ 自閉症 料金,値あり,
Preステップオンライン,Preステップ,発達特性×料金,LD 料金,Preステップ LD 料金,値あり,
Preステップオンライン,Preステップ,発達特性×料金,学習障害 料金,Preステップ 学習障害 料金,値あり,
Preステップオンライン,Preステップ,発達特性×料金,境界知能 料金,Preステップ 境界知能 料金,値あり,
Preステップオンライン,Preステップ,発達特性×料金,不登校 料金,Preステップ 不登校 料金,値あり,
Preステップオンライン,プレステップ オンライン,評判・第三者評価,口コミ,プレステップ オンライン 口コミ,値あり,
Preステップオンライン,プレステップ オンライン,評判・第三者評価,評判,プレステップ オンライン 評判,値あり,
Preステップオンライン,プレステップ オンライン,評判・第三者評価,レビュー,プレステップ オンライン レビュー,値あり,
Preステップオンライン,プレステップ オンライン,評判・第三者評価,体験談,プレステップ オンライン 体験談,値あり,
Preステップオンライン,プレステップ オンライン,評判・第三者評価,感想,プレステップ オンライン 感想,値あり,
Preステップオンライン,プレステップ オンライン,評判・第三者評価,評価,プレステップ オンライン 評価,値あり,
Preステップオンライン,プレステップ オンライン,料金・契約,料金,プレステップ オンライン 料金,値あり,
Preステップオンライン,プレステップ オンライン,料金・契約,費用,プレステップ オンライン 費用,値あり,
Preステップオンライン,プレステップ オンライン,料金・契約,月謝,プレステップ オンライン 月謝,値あり,
Preステップオンライン,プレステップ オンライン,料金・契約,値段,プレステップ オンライン 値段,値あり,
Preステップオンライン,プレステップ オンライン,料金・契約,価格,プレステップ オンライン 価格,値あり,
Preステップオンライン,プレステップ オンライン,料金・契約,入会金,プレステップ オンライン 入会金,値あり,
Preステップオンライン,プレステップ オンライン,料金・契約,教材費,プレステップ オンライン 教材費,値あり,
Preステップオンライン,プレステップ オンライン,料金・契約,高い,プレステップ オンライン 高い,値あり,
Preステップオンライン,プレステップ オンライン,料金・契約,安い,プレステップ オンライン 安い,値あり,
Preステップオンライン,プレステップ オンライン,比較・選択,比較,プレステップ オンライン 比較,値あり,
Preステップオンライン,プレステップ オンライン,比較・選択,違い,プレステップ オンライン 違い,値あり,
Preステップオンライン,プレステップ オンライン,比較・選択,どっち,プレステップ オンライン どっち,値あり,
Preステップオンライン,プレステップ オンライン,比較・選択,おすすめ,プレステップ オンライン おすすめ,値あり,
Preステップオンライン,プレステップ オンライン,比較・選択,他社,プレステップ オンライン 他社,値あり,
Preステップオンライン,プレステップ オンライン,比較・選択,ランキング,プレステップ オンライン ランキング,値あり,
Preステップオンライン,プレステップ オンライン,不安・ネガティブ確認,デメリット,プレステップ オンライン デメリット,値あり,
Preステップオンライン,プレステップ オンライン,不安・ネガティブ確認,メリット,プレステップ オンライン メリット,値あり,
Preステップオンライン,プレステップ オンライン,不安・ネガティブ確認,怪しい,プレステップ オンライン 怪しい,値あり,
Preステップオンライン,プレステップ オンライン,不安・ネガティブ確認,最悪,プレステップ オンライン 最悪,値あり,
Preステップオンライン,プレステップ オンライン,不安・ネガティブ確認,失敗,プレステップ オンライン 失敗,値あり,
Preステップオンライン,プレステップ オンライン,不安・ネガティブ確認,後悔,プレステップ オンライン 後悔,値あり,
Preステップオンライン,プレステップ オンライン,不安・ネガティブ確認,合わない,プレステップ オンライン 合わない,値あり,
Preステップオンライン,プレステップ オンライン,不安・ネガティブ確認,向いてない,プレステップ オンライン 向いてない,値あり,
Preステップオンライン,プレステップ オンライン,不安・ネガティブ確認,やめたい,プレステップ オンライン やめたい,値あり,
Preステップオンライン,プレステップ オンライン,不安・ネガティブ確認,辞めたい,プレステップ オンライン 辞めたい,値あり,
Preステップオンライン,プレステップ オンライン,不安・ネガティブ確認,退会,プレステップ オンライン 退会,値あり,
Preステップオンライン,プレステップ オンライン,不安・ネガティブ確認,解約,プレステップ オンライン 解約,値あり,
Preステップオンライン,プレステップ オンライン,申込直前,無料体験,プレステップ オンライン 無料体験,値あり,
Preステップオンライン,プレステップ オンライン,申込直前,体験,プレステップ オンライン 体験,値あり,
Preステップオンライン,プレステップ オンライン,申込直前,体験授業,プレステップ オンライン 体験授業,値あり,
Preステップオンライン,プレステップ オンライン,申込直前,無料相談,プレステップ オンライン 無料相談,値あり,
Preステップオンライン,プレステップ オンライン,申込直前,資料請求,プレステップ オンライン 資料請求,値あり,
Preステップオンライン,プレステップ オンライン,申込直前,申し込み,プレステップ オンライン 申し込み,値あり,
Preステップオンライン,プレステップ オンライン,申込直前,入会,プレステップ オンライン 入会,値あり,
Preステップオンライン,プレステップ オンライン,発達特性との相性,発達障害,プレステップ オンライン 発達障害,値あり,
Preステップオンライン,プレステップ オンライン,発達特性との相性,発達障がい,プレステップ オンライン 発達障がい,値あり,
Preステップオンライン,プレステップ オンライン,発達特性との相性,グレーゾーン,プレステップ オンライン グレーゾーン,値あり,
Preステップオンライン,プレステップ オンライン,発達特性との相性,ADHD,プレステップ オンライン ADHD,値あり,
Preステップオンライン,プレステップ オンライン,発達特性との相性,ASD,プレステップ オンライン ASD,値あり,
Preステップオンライン,プレステップ オンライン,発達特性との相性,自閉症,プレステップ オンライン 自閉症,値あり,
Preステップオンライン,プレステップ オンライン,発達特性との相性,LD,プレステップ オンライン LD,値あり,
Preステップオンライン,プレステップ オンライン,発達特性との相性,学習障害,プレステップ オンライン 学習障害,値あり,
Preステップオンライン,プレステップ オンライン,発達特性との相性,境界知能,プレステップ オンライン 境界知能,値あり,
Preステップオンライン,プレステップ オンライン,発達特性との相性,不登校,プレステップ オンライン 不登校,値あり,
Preステップオンライン,プレステップ オンライン,対象・用途,小学生,プレステップ オンライン 小学生,値あり,
Preステップオンライン,プレステップ オンライン,対象・用途,中学生,プレステップ オンライン 中学生,値あり,
Preステップオンライン,プレステップ オンライン,対象・用途,高校生,プレステップ オンライン 高校生,値あり,
Preステップオンライン,プレステップ オンライン,対象・用途,高校受験,プレステップ オンライン 高校受験,値あり,
Preステップオンライン,プレステップ オンライン,対象・用途,中学受験,プレステップ オンライン 中学受験,値あり,
Preステップオンライン,プレステップ オンライン,対象・用途,大学受験,プレステップ オンライン 大学受験,値あり,
Preステップオンライン,プレステップ オンライン,追加：SERP・サジェスト由来,評判 悪い,プレステップ オンライン 評判 悪い,値あり,
Preステップオンライン,プレステップ オンライン,追加：SERP・サジェスト由来,やばい,プレステップ オンライン やばい,値あり,
Preステップオンライン,プレステップ オンライン,追加：SERP・サジェスト由来,知恵袋,プレステップ オンライン 知恵袋,値あり,
Preステップオンライン,プレステップ オンライン,追加：SERP・サジェスト由来,2ch,プレステップ オンライン 2ch,値あり,
Preステップオンライン,プレステップ オンライン,追加：SERP・サジェスト由来,料金表,プレステップ オンライン 料金表,値あり,
Preステップオンライン,プレステップ オンライン,追加：SERP・サジェスト由来,授業料,プレステップ オンライン 授業料,値あり,
Preステップオンライン,プレステップ オンライン,追加：SERP・サジェスト由来,夏期講習,プレステップ オンライン 夏期講習,値あり,
Preステップオンライン,プレステップ オンライン,追加：SERP・サジェスト由来,意味ない,プレステップ オンライン 意味ない,値あり,
Preステップオンライン,プレステップ オンライン,追加：SERP・サジェスト由来,バイト,プレステップ オンライン バイト,値あり,
Preステップオンライン,プレステップ オンライン,追加：SERP・サジェスト由来,求人,プレステップ オンライン 求人,値あり,
Preステップオンライン,プレステップ オンライン,追加：KWP KeywordSeed由来,クチコミ,プレステップ オンライン クチコミ,値あり,
Preステップオンライン,プレステップ オンライン,追加：KWP KeywordSeed由来,やめとけ,プレステップ オンライン やめとけ,値あり,
Preステップオンライン,プレステップ オンライン,追加：KWP KeywordSeed由来,合格実績,プレステップ オンライン 合格実績,値あり,
Preステップオンライン,プレステップ オンライン,追加：KWP KeywordSeed由来,時間割,プレステップ オンライン 時間割,値あり,
Preステップオンライン,プレステップ オンライン,追加：KWP KeywordSeed由来,キャンペーン,プレステップ オンライン キャンペーン,値あり,
Preステップオンライン,プレステップ オンライン,追加：KWP KeywordSeed由来,割引,プレステップ オンライン 割引,値あり,
Preステップオンライン,プレステップ オンライン,追加：KWP KeywordSeed由来,コース,プレステップ オンライン コース,値あり,
Preステップオンライン,プレステップ オンライン,追加：KWP KeywordSeed由来,春期講習,プレステップ オンライン 春期講習,値あり,
Preステップオンライン,プレステップ オンライン,追加：KWP KeywordSeed由来,冬期講習,プレステップ オンライン 冬期講習,値あり,
Preステップオンライン,プレステップ オンライン,追加：KWP KeywordSeed由来,電話番号,プレステップ オンライン 電話番号,値あり,
Preステップオンライン,プレステップ オンライン,追加：KWP KeywordSeed由来,ホームページ,プレステップ オンライン ホームページ,値あり,
Preステップオンライン,プレステップ オンライン,追加：KWP KeywordSeed由来,株式会社,プレステップ オンライン 株式会社,値あり,
Preステップオンライン,プレステップ オンライン,追加：KWP KeywordSeed由来,講師,プレステップ オンライン 講師,値あり,
Preステップオンライン,プレステップ オンライン,追加：KWP KeywordSeed由来,とは,プレステップ オンライン とは,値あり,
個別指導の明光義塾,明光義塾,評判・第三者評価,口コミ,明光義塾 口コミ,値あり,1300
個別指導の明光義塾,明光義塾,評判・第三者評価,評判,明光義塾 評判,値あり,260
個別指導の明光義塾,明光義塾,評判・第三者評価,レビュー,明光義塾 レビュー,値あり,30
個別指導の明光義塾,明光義塾,評判・第三者評価,体験談,明光義塾 体験談,値あり,10
個別指導の明光義塾,明光義塾,評判・第三者評価,感想,明光義塾 感想,値あり,
個別指導の明光義塾,明光義塾,評判・第三者評価,評価,明光義塾 評価,値あり,40
個別指導の明光義塾,明光義塾,料金・契約,料金,明光義塾 料金,値あり,5400
個別指導の明光義塾,明光義塾,料金・契約,費用,明光義塾 費用,値あり,110
個別指導の明光義塾,明光義塾,料金・契約,月謝,明光義塾 月謝,値あり,210
個別指導の明光義塾,明光義塾,料金・契約,値段,明光義塾 値段,値あり,260
個別指導の明光義塾,明光義塾,料金・契約,価格,明光義塾 価格,値あり,10
個別指導の明光義塾,明光義塾,料金・契約,入会金,明光義塾 入会金,値あり,140
個別指導の明光義塾,明光義塾,料金・契約,教材費,明光義塾 教材費,値あり,50
個別指導の明光義塾,明光義塾,料金・契約,高い,明光義塾 高い,値あり,110
個別指導の明光義塾,明光義塾,料金・契約,安い,明光義塾 安い,値あり,10
個別指導の明光義塾,明光義塾,比較・選択,比較,明光義塾 比較,値あり,10
個別指導の明光義塾,明光義塾,比較・選択,違い,明光義塾 違い,値あり,
個別指導の明光義塾,明光義塾,比較・選択,どっち,明光義塾 どっち,値あり,
個別指導の明光義塾,明光義塾,比較・選択,おすすめ,明光義塾 おすすめ,値あり,10
個別指導の明光義塾,明光義塾,比較・選択,他社,明光義塾 他社,値あり,
個別指導の明光義塾,明光義塾,比較・選択,ランキング,明光義塾 ランキング,値あり,10
個別指導の明光義塾,明光義塾,不安・ネガティブ確認,デメリット,明光義塾 デメリット,値あり,10
個別指導の明光義塾,明光義塾,不安・ネガティブ確認,メリット,明光義塾 メリット,値あり,10
個別指導の明光義塾,明光義塾,不安・ネガティブ確認,怪しい,明光義塾 怪しい,値あり,
個別指導の明光義塾,明光義塾,不安・ネガティブ確認,最悪,明光義塾 最悪,値あり,50
個別指導の明光義塾,明光義塾,不安・ネガティブ確認,失敗,明光義塾 失敗,値あり,
個別指導の明光義塾,明光義塾,不安・ネガティブ確認,後悔,明光義塾 後悔,値あり,
個別指導の明光義塾,明光義塾,不安・ネガティブ確認,合わない,明光義塾 合わない,値あり,
個別指導の明光義塾,明光義塾,不安・ネガティブ確認,向いてない,明光義塾 向いてない,値あり,
個別指導の明光義塾,明光義塾,不安・ネガティブ確認,やめたい,明光義塾 やめたい,値あり,10
個別指導の明光義塾,明光義塾,不安・ネガティブ確認,辞めたい,明光義塾 辞めたい,値あり,10
個別指導の明光義塾,明光義塾,不安・ネガティブ確認,退会,明光義塾 退会,値あり,140
個別指導の明光義塾,明光義塾,不安・ネガティブ確認,解約,明光義塾 解約,値あり,10
個別指導の明光義塾,明光義塾,申込直前,無料体験,明光義塾 無料体験,値あり,70
個別指導の明光義塾,明光義塾,申込直前,体験,明光義塾 体験,値あり,110
個別指導の明光義塾,明光義塾,申込直前,体験授業,明光義塾 体験授業,値あり,40
個別指導の明光義塾,明光義塾,申込直前,無料相談,明光義塾 無料相談,値あり,
個別指導の明光義塾,明光義塾,申込直前,資料請求,明光義塾 資料請求,値あり,20
個別指導の明光義塾,明光義塾,申込直前,申し込み,明光義塾 申し込み,値あり,
個別指導の明光義塾,明光義塾,申込直前,入会,明光義塾 入会,値あり,10
個別指導の明光義塾,明光義塾,発達特性との相性,発達障害,明光義塾 発達障害,値あり,
個別指導の明光義塾,明光義塾,発達特性との相性,発達障がい,明光義塾 発達障がい,値あり,
個別指導の明光義塾,明光義塾,発達特性との相性,グレーゾーン,明光義塾 グレーゾーン,値あり,
個別指導の明光義塾,明光義塾,発達特性との相性,ADHD,明光義塾 ADHD,値あり,
個別指導の明光義塾,明光義塾,発達特性との相性,ASD,明光義塾 ASD,値あり,
個別指導の明光義塾,明光義塾,発達特性との相性,自閉症,明光義塾 自閉症,値あり,
個別指導の明光義塾,明光義塾,発達特性との相性,LD,明光義塾 LD,値あり,
個別指導の明光義塾,明光義塾,発達特性との相性,学習障害,明光義塾 学習障害,値あり,
個別指導の明光義塾,明光義塾,発達特性との相性,境界知能,明光義塾 境界知能,値あり,
個別指導の明光義塾,明光義塾,発達特性との相性,不登校,明光義塾 不登校,値あり,40
個別指導の明光義塾,明光義塾,対象・用途,小学生,明光義塾 小学生,値あり,90
個別指導の明光義塾,明光義塾,対象・用途,中学生,明光義塾 中学生,値あり,40
個別指導の明光義塾,明光義塾,対象・用途,高校生,明光義塾 高校生,値あり,320
個別指導の明光義塾,明光義塾,対象・用途,高校受験,明光義塾 高校受験,値あり,50
個別指導の明光義塾,明光義塾,対象・用途,中学受験,明光義塾 中学受験,値あり,260
個別指導の明光義塾,明光義塾,対象・用途,大学受験,明光義塾 大学受験,値あり,260
個別指導の明光義塾,明光義塾,追加：SERP・サジェスト由来,評判 悪い,明光義塾 評判 悪い,値あり,30
個別指導の明光義塾,明光義塾,追加：SERP・サジェスト由来,やばい,明光義塾 やばい,値あり,720
個別指導の明光義塾,明光義塾,追加：SERP・サジェスト由来,知恵袋,明光義塾 知恵袋,値あり,70
個別指導の明光義塾,明光義塾,追加：SERP・サジェスト由来,2ch,明光義塾 2ch,値あり,10
個別指導の明光義塾,明光義塾,追加：SERP・サジェスト由来,料金表,明光義塾 料金表,値あり,720
個別指導の明光義塾,明光義塾,追加：SERP・サジェスト由来,授業料,明光義塾 授業料,値あり,260
個別指導の明光義塾,明光義塾,追加：SERP・サジェスト由来,夏期講習,明光義塾 夏期講習,値あり,590
個別指導の明光義塾,明光義塾,追加：SERP・サジェスト由来,意味ない,明光義塾 意味ない,値あり,
個別指導の明光義塾,明光義塾,追加：SERP・サジェスト由来,バイト,明光義塾 バイト,値あり,2900
個別指導の明光義塾,明光義塾,追加：SERP・サジェスト由来,求人,明光義塾 求人,値あり,260
個別指導の明光義塾,明光義塾,追加：KWP KeywordSeed由来,クチコミ,明光義塾 クチコミ,値あり,1300
個別指導の明光義塾,明光義塾,追加：KWP KeywordSeed由来,やめとけ,明光義塾 やめとけ,値あり,10
個別指導の明光義塾,明光義塾,追加：KWP KeywordSeed由来,合格実績,明光義塾 合格実績,値あり,170
個別指導の明光義塾,明光義塾,追加：KWP KeywordSeed由来,時間割,明光義塾 時間割,値あり,1000
個別指導の明光義塾,明光義塾,追加：KWP KeywordSeed由来,キャンペーン,明光義塾 キャンペーン,値あり,140
個別指導の明光義塾,明光義塾,追加：KWP KeywordSeed由来,割引,明光義塾 割引,値あり,10
個別指導の明光義塾,明光義塾,追加：KWP KeywordSeed由来,コース,明光義塾 コース,値あり,20
個別指導の明光義塾,明光義塾,追加：KWP KeywordSeed由来,春期講習,明光義塾 春期講習,値あり,210
個別指導の明光義塾,明光義塾,追加：KWP KeywordSeed由来,冬期講習,明光義塾 冬期講習,値あり,320
個別指導の明光義塾,明光義塾,追加：KWP KeywordSeed由来,電話番号,明光義塾 電話番号,値あり,90
個別指導の明光義塾,明光義塾,追加：KWP KeywordSeed由来,ホームページ,明光義塾 ホームページ,値あり,20
個別指導の明光義塾,明光義塾,追加：KWP KeywordSeed由来,株式会社,明光義塾 株式会社,値あり,50
個別指導の明光義塾,明光義塾,追加：KWP KeywordSeed由来,講師,明光義塾 講師,値あり,170
個別指導の明光義塾,明光義塾,追加：KWP KeywordSeed由来,とは,明光義塾 とは,値あり,10
個別指導の明光義塾,明光義塾,発達特性×口コミ,発達障害 口コミ,明光義塾 発達障害 口コミ,値あり,
個別指導の明光義塾,明光義塾,発達特性×口コミ,発達障がい 口コミ,明光義塾 発達障がい 口コミ,値あり,
個別指導の明光義塾,明光義塾,発達特性×口コミ,グレーゾーン 口コミ,明光義塾 グレーゾーン 口コミ,値あり,
個別指導の明光義塾,明光義塾,発達特性×口コミ,ADHD 口コミ,明光義塾 ADHD 口コミ,値あり,
個別指導の明光義塾,明光義塾,発達特性×口コミ,ASD 口コミ,明光義塾 ASD 口コミ,値あり,
個別指導の明光義塾,明光義塾,発達特性×口コミ,自閉症 口コミ,明光義塾 自閉症 口コミ,値あり,
個別指導の明光義塾,明光義塾,発達特性×口コミ,LD 口コミ,明光義塾 LD 口コミ,値あり,
個別指導の明光義塾,明光義塾,発達特性×口コミ,学習障害 口コミ,明光義塾 学習障害 口コミ,値あり,
個別指導の明光義塾,明光義塾,発達特性×口コミ,境界知能 口コミ,明光義塾 境界知能 口コミ,値あり,
個別指導の明光義塾,明光義塾,発達特性×口コミ,不登校 口コミ,明光義塾 不登校 口コミ,値あり,
個別指導の明光義塾,明光義塾,発達特性×評判,発達障害 評判,明光義塾 発達障害 評判,値あり,
個別指導の明光義塾,明光義塾,発達特性×評判,発達障がい 評判,明光義塾 発達障がい 評判,値あり,
個別指導の明光義塾,明光義塾,発達特性×評判,グレーゾーン 評判,明光義塾 グレーゾーン 評判,値あり,
個別指導の明光義塾,明光義塾,発達特性×評判,ADHD 評判,明光義塾 ADHD 評判,値あり,
個別指導の明光義塾,明光義塾,発達特性×評判,ASD 評判,明光義塾 ASD 評判,値あり,
個別指導の明光義塾,明光義塾,発達特性×評判,自閉症 評判,明光義塾 自閉症 評判,値あり,
個別指導の明光義塾,明光義塾,発達特性×評判,LD 評判,明光義塾 LD 評判,値あり,
個別指導の明光義塾,明光義塾,発達特性×評判,学習障害 評判,明光義塾 学習障害 評判,値あり,
個別指導の明光義塾,明光義塾,発達特性×評判,境界知能 評判,明光義塾 境界知能 評判,値あり,
個別指導の明光義塾,明光義塾,発達特性×評判,不登校 評判,明光義塾 不登校 評判,値あり,
個別指導の明光義塾,明光義塾,発達特性×料金,発達障害 料金,明光義塾 発達障害 料金,値あり,
個別指導の明光義塾,明光義塾,発達特性×料金,発達障がい 料金,明光義塾 発達障がい 料金,値あり,
個別指導の明光義塾,明光義塾,発達特性×料金,グレーゾーン 料金,明光義塾 グレーゾーン 料金,値あり,
個別指導の明光義塾,明光義塾,発達特性×料金,ADHD 料金,明光義塾 ADHD 料金,値あり,
個別指導の明光義塾,明光義塾,発達特性×料金,ASD 料金,明光義塾 ASD 料金,値あり,
個別指導の明光義塾,明光義塾,発達特性×料金,自閉症 料金,明光義塾 自閉症 料金,値あり,
個別指導の明光義塾,明光義塾,発達特性×料金,LD 料金,明光義塾 LD 料金,値あり,
個別指導の明光義塾,明光義塾,発達特性×料金,学習障害 料金,明光義塾 学習障害 料金,値あり,
個別指導の明光義塾,明光義塾,発達特性×料金,境界知能 料金,明光義塾 境界知能 料金,値あり,
個別指導の明光義塾,明光義塾,発達特性×料金,不登校 料金,明光義塾 不登校 料金,値あり,
個別指導の明光義塾,明光,評判・第三者評価,口コミ,明光 口コミ,値あり,10
個別指導の明光義塾,明光,評判・第三者評価,評判,明光 評判,値あり,10
個別指導の明光義塾,明光,評判・第三者評価,レビュー,明光 レビュー,値あり,
個別指導の明光義塾,明光,評判・第三者評価,体験談,明光 体験談,値あり,
個別指導の明光義塾,明光,評判・第三者評価,感想,明光 感想,値あり,
個別指導の明光義塾,明光,評判・第三者評価,評価,明光 評価,値あり,
個別指導の明光義塾,明光,料金・契約,料金,明光 料金,値あり,20
個別指導の明光義塾,明光,料金・契約,費用,明光 費用,値あり,
個別指導の明光義塾,明光,料金・契約,月謝,明光 月謝,値あり,10
個別指導の明光義塾,明光,料金・契約,値段,明光 値段,値あり,10
個別指導の明光義塾,明光,料金・契約,価格,明光 価格,値あり,
個別指導の明光義塾,明光,料金・契約,入会金,明光 入会金,値あり,
個別指導の明光義塾,明光,料金・契約,教材費,明光 教材費,値あり,
個別指導の明光義塾,明光,料金・契約,高い,明光 高い,値あり,
個別指導の明光義塾,明光,料金・契約,安い,明光 安い,値あり,
個別指導の明光義塾,明光,比較・選択,比較,明光 比較,値あり,
個別指導の明光義塾,明光,比較・選択,違い,明光 違い,値あり,
個別指導の明光義塾,明光,比較・選択,どっち,明光 どっち,値あり,
個別指導の明光義塾,明光,比較・選択,おすすめ,明光 おすすめ,値あり,
個別指導の明光義塾,明光,比較・選択,他社,明光 他社,値あり,
個別指導の明光義塾,明光,比較・選択,ランキング,明光 ランキング,値あり,
個別指導の明光義塾,明光,不安・ネガティブ確認,デメリット,明光 デメリット,値あり,
個別指導の明光義塾,明光,不安・ネガティブ確認,メリット,明光 メリット,値あり,
個別指導の明光義塾,明光,不安・ネガティブ確認,怪しい,明光 怪しい,値あり,
個別指導の明光義塾,明光,不安・ネガティブ確認,最悪,明光 最悪,値あり,
個別指導の明光義塾,明光,不安・ネガティブ確認,失敗,明光 失敗,値あり,
個別指導の明光義塾,明光,不安・ネガティブ確認,後悔,明光 後悔,値あり,
個別指導の明光義塾,明光,不安・ネガティブ確認,合わない,明光 合わない,値あり,
個別指導の明光義塾,明光,不安・ネガティブ確認,向いてない,明光 向いてない,値あり,
個別指導の明光義塾,明光,不安・ネガティブ確認,やめたい,明光 やめたい,値あり,
個別指導の明光義塾,明光,不安・ネガティブ確認,辞めたい,明光 辞めたい,値あり,
個別指導の明光義塾,明光,不安・ネガティブ確認,退会,明光 退会,値あり,10
個別指導の明光義塾,明光,不安・ネガティブ確認,解約,明光 解約,値あり,
個別指導の明光義塾,明光,申込直前,無料体験,明光 無料体験,値あり,10
個別指導の明光義塾,明光,申込直前,体験,明光 体験,値あり,
個別指導の明光義塾,明光,申込直前,体験授業,明光 体験授業,値あり,
個別指導の明光義塾,明光,申込直前,無料相談,明光 無料相談,値あり,
個別指導の明光義塾,明光,申込直前,資料請求,明光 資料請求,値あり,
個別指導の明光義塾,明光,申込直前,申し込み,明光 申し込み,値あり,
個別指導の明光義塾,明光,申込直前,入会,明光 入会,値あり,
個別指導の明光義塾,明光,発達特性との相性,発達障害,明光 発達障害,値あり,
個別指導の明光義塾,明光,発達特性との相性,発達障がい,明光 発達障がい,値あり,
個別指導の明光義塾,明光,発達特性との相性,グレーゾーン,明光 グレーゾーン,値あり,
個別指導の明光義塾,明光,発達特性との相性,ADHD,明光 ADHD,値あり,
個別指導の明光義塾,明光,発達特性との相性,ASD,明光 ASD,値あり,
個別指導の明光義塾,明光,発達特性との相性,自閉症,明光 自閉症,値あり,
個別指導の明光義塾,明光,発達特性との相性,LD,明光 LD,値あり,
個別指導の明光義塾,明光,発達特性との相性,学習障害,明光 学習障害,値あり,
個別指導の明光義塾,明光,発達特性との相性,境界知能,明光 境界知能,値あり,
個別指導の明光義塾,明光,発達特性との相性,不登校,明光 不登校,値あり,
個別指導の明光義塾,明光,対象・用途,小学生,明光 小学生,値あり,
個別指導の明光義塾,明光,対象・用途,中学生,明光 中学生,値あり,
個別指導の明光義塾,明光,対象・用途,高校生,明光 高校生,値あり,
個別指導の明光義塾,明光,対象・用途,高校受験,明光 高校受験,値あり,
個別指導の明光義塾,明光,対象・用途,中学受験,明光 中学受験,値あり,10
個別指導の明光義塾,明光,対象・用途,大学受験,明光 大学受験,値あり,10
個別指導の明光義塾,明光,追加：SERP・サジェスト由来,評判 悪い,明光 評判 悪い,値あり,
個別指導の明光義塾,明光,追加：SERP・サジェスト由来,やばい,明光 やばい,値あり,
個別指導の明光義塾,明光,追加：SERP・サジェスト由来,知恵袋,明光 知恵袋,値あり,
個別指導の明光義塾,明光,追加：SERP・サジェスト由来,2ch,明光 2ch,値あり,0
個別指導の明光義塾,明光,追加：SERP・サジェスト由来,料金表,明光 料金表,値あり,
個別指導の明光義塾,明光,追加：SERP・サジェスト由来,授業料,明光 授業料,値あり,10
個別指導の明光義塾,明光,追加：SERP・サジェスト由来,夏期講習,明光 夏期講習,値あり,30
個別指導の明光義塾,明光,追加：SERP・サジェスト由来,意味ない,明光 意味ない,値あり,
個別指導の明光義塾,明光,追加：SERP・サジェスト由来,バイト,明光 バイト,値あり,50
個別指導の明光義塾,明光,追加：SERP・サジェスト由来,求人,明光 求人,値あり,20
個別指導の明光義塾,明光,追加：KWP KeywordSeed由来,クチコミ,明光 クチコミ,値あり,
個別指導の明光義塾,明光,追加：KWP KeywordSeed由来,やめとけ,明光 やめとけ,値あり,
個別指導の明光義塾,明光,追加：KWP KeywordSeed由来,合格実績,明光 合格実績,値あり,
個別指導の明光義塾,明光,追加：KWP KeywordSeed由来,時間割,明光 時間割,値あり,50
個別指導の明光義塾,明光,追加：KWP KeywordSeed由来,キャンペーン,明光 キャンペーン,値あり,
個別指導の明光義塾,明光,追加：KWP KeywordSeed由来,割引,明光 割引,値あり,
個別指導の明光義塾,明光,追加：KWP KeywordSeed由来,コース,明光 コース,値あり,
個別指導の明光義塾,明光,追加：KWP KeywordSeed由来,春期講習,明光 春期講習,値あり,10
個別指導の明光義塾,明光,追加：KWP KeywordSeed由来,冬期講習,明光 冬期講習,値あり,10
個別指導の明光義塾,明光,追加：KWP KeywordSeed由来,電話番号,明光 電話番号,値あり,
個別指導の明光義塾,明光,追加：KWP KeywordSeed由来,ホームページ,明光 ホームページ,値あり,10
個別指導の明光義塾,明光,追加：KWP KeywordSeed由来,株式会社,明光 株式会社,値あり,720
個別指導の明光義塾,明光,追加：KWP KeywordSeed由来,講師,明光 講師,値あり,10
個別指導の明光義塾,明光,追加：KWP KeywordSeed由来,とは,明光 とは,値あり,20
東京個別指導学院,東京個別指導学院,評判・第三者評価,口コミ,東京個別指導学院 口コミ,値あり,880
東京個別指導学院,東京個別指導学院,評判・第三者評価,評判,東京個別指導学院 評判,値あり,90
東京個別指導学院,東京個別指導学院,評判・第三者評価,レビュー,東京個別指導学院 レビュー,値あり,
東京個別指導学院,東京個別指導学院,評判・第三者評価,体験談,東京個別指導学院 体験談,値あり,
東京個別指導学院,東京個別指導学院,評判・第三者評価,感想,東京個別指導学院 感想,値あり,
東京個別指導学院,東京個別指導学院,評判・第三者評価,評価,東京個別指導学院 評価,値あり,10
東京個別指導学院,東京個別指導学院,料金・契約,料金,東京個別指導学院 料金,値あり,3600
東京個別指導学院,東京個別指導学院,料金・契約,費用,東京個別指導学院 費用,値あり,40
東京個別指導学院,東京個別指導学院,料金・契約,月謝,東京個別指導学院 月謝,値あり,40
東京個別指導学院,東京個別指導学院,料金・契約,値段,東京個別指導学院 値段,値あり,50
東京個別指導学院,東京個別指導学院,料金・契約,価格,東京個別指導学院 価格,値あり,10
東京個別指導学院,東京個別指導学院,料金・契約,入会金,東京個別指導学院 入会金,値あり,10
東京個別指導学院,東京個別指導学院,料金・契約,教材費,東京個別指導学院 教材費,値あり,
東京個別指導学院,東京個別指導学院,料金・契約,高い,東京個別指導学院 高い,値あり,30
東京個別指導学院,東京個別指導学院,料金・契約,安い,東京個別指導学院 安い,値あり,
東京個別指導学院,東京個別指導学院,比較・選択,比較,東京個別指導学院 比較,値あり,
東京個別指導学院,東京個別指導学院,比較・選択,違い,東京個別指導学院 違い,値あり,
東京個別指導学院,東京個別指導学院,比較・選択,どっち,東京個別指導学院 どっち,値あり,
東京個別指導学院,東京個別指導学院,比較・選択,おすすめ,東京個別指導学院 おすすめ,値あり,
東京個別指導学院,東京個別指導学院,比較・選択,他社,東京個別指導学院 他社,値あり,
東京個別指導学院,東京個別指導学院,比較・選択,ランキング,東京個別指導学院 ランキング,値あり,10
東京個別指導学院,東京個別指導学院,不安・ネガティブ確認,デメリット,東京個別指導学院 デメリット,値あり,
東京個別指導学院,東京個別指導学院,不安・ネガティブ確認,メリット,東京個別指導学院 メリット,値あり,
東京個別指導学院,東京個別指導学院,不安・ネガティブ確認,怪しい,東京個別指導学院 怪しい,値あり,
東京個別指導学院,東京個別指導学院,不安・ネガティブ確認,最悪,東京個別指導学院 最悪,値あり,
東京個別指導学院,東京個別指導学院,不安・ネガティブ確認,失敗,東京個別指導学院 失敗,値あり,
東京個別指導学院,東京個別指導学院,不安・ネガティブ確認,後悔,東京個別指導学院 後悔,値あり,
東京個別指導学院,東京個別指導学院,不安・ネガティブ確認,合わない,東京個別指導学院 合わない,値あり,
東京個別指導学院,東京個別指導学院,不安・ネガティブ確認,向いてない,東京個別指導学院 向いてない,値あり,
東京個別指導学院,東京個別指導学院,不安・ネガティブ確認,やめたい,東京個別指導学院 やめたい,値あり,
東京個別指導学院,東京個別指導学院,不安・ネガティブ確認,辞めたい,東京個別指導学院 辞めたい,値あり,10
東京個別指導学院,東京個別指導学院,不安・ネガティブ確認,退会,東京個別指導学院 退会,値あり,40
東京個別指導学院,東京個別指導学院,不安・ネガティブ確認,解約,東京個別指導学院 解約,値あり,
東京個別指導学院,東京個別指導学院,申込直前,無料体験,東京個別指導学院 無料体験,値あり,20
東京個別指導学院,東京個別指導学院,申込直前,体験,東京個別指導学院 体験,値あり,30
東京個別指導学院,東京個別指導学院,申込直前,体験授業,東京個別指導学院 体験授業,値あり,30
東京個別指導学院,東京個別指導学院,申込直前,無料相談,東京個別指導学院 無料相談,値あり,
東京個別指導学院,東京個別指導学院,申込直前,資料請求,東京個別指導学院 資料請求,値あり,10
東京個別指導学院,東京個別指導学院,申込直前,申し込み,東京個別指導学院 申し込み,値あり,
東京個別指導学院,東京個別指導学院,申込直前,入会,東京個別指導学院 入会,値あり,
東京個別指導学院,東京個別指導学院,発達特性との相性,発達障害,東京個別指導学院 発達障害,値あり,10
東京個別指導学院,東京個別指導学院,発達特性との相性,発達障がい,東京個別指導学院 発達障がい,値あり,
東京個別指導学院,東京個別指導学院,発達特性との相性,グレーゾーン,東京個別指導学院 グレーゾーン,値あり,
東京個別指導学院,東京個別指導学院,発達特性との相性,ADHD,東京個別指導学院 ADHD,値あり,
東京個別指導学院,東京個別指導学院,発達特性との相性,ASD,東京個別指導学院 ASD,値あり,
東京個別指導学院,東京個別指導学院,発達特性との相性,自閉症,東京個別指導学院 自閉症,値あり,
東京個別指導学院,東京個別指導学院,発達特性との相性,LD,東京個別指導学院 LD,値あり,
東京個別指導学院,東京個別指導学院,発達特性との相性,学習障害,東京個別指導学院 学習障害,値あり,
東京個別指導学院,東京個別指導学院,発達特性との相性,境界知能,東京個別指導学院 境界知能,値あり,
東京個別指導学院,東京個別指導学院,発達特性との相性,不登校,東京個別指導学院 不登校,値あり,30
東京個別指導学院,東京個別指導学院,対象・用途,小学生,東京個別指導学院 小学生,値あり,30
東京個別指導学院,東京個別指導学院,対象・用途,中学生,東京個別指導学院 中学生,値あり,
東京個別指導学院,東京個別指導学院,対象・用途,高校生,東京個別指導学院 高校生,値あり,20
東京個別指導学院,東京個別指導学院,対象・用途,高校受験,東京個別指導学院 高校受験,値あり,20
東京個別指導学院,東京個別指導学院,対象・用途,中学受験,東京個別指導学院 中学受験,値あり,50
東京個別指導学院,東京個別指導学院,対象・用途,大学受験,東京個別指導学院 大学受験,値あり,90
東京個別指導学院,東京個別指導学院,追加：SERP・サジェスト由来,評判 悪い,東京個別指導学院 評判 悪い,値あり,10
東京個別指導学院,東京個別指導学院,追加：SERP・サジェスト由来,やばい,東京個別指導学院 やばい,値あり,1300
東京個別指導学院,東京個別指導学院,追加：SERP・サジェスト由来,知恵袋,東京個別指導学院 知恵袋,値あり,70
東京個別指導学院,東京個別指導学院,追加：SERP・サジェスト由来,2ch,東京個別指導学院 2ch,値あり,10
東京個別指導学院,東京個別指導学院,追加：SERP・サジェスト由来,料金表,東京個別指導学院 料金表,値あり,170
東京個別指導学院,東京個別指導学院,追加：SERP・サジェスト由来,授業料,東京個別指導学院 授業料,値あり,140
東京個別指導学院,東京個別指導学院,追加：SERP・サジェスト由来,夏期講習,東京個別指導学院 夏期講習,値あり,140
東京個別指導学院,東京個別指導学院,追加：SERP・サジェスト由来,意味ない,東京個別指導学院 意味ない,値あり,
東京個別指導学院,東京個別指導学院,追加：SERP・サジェスト由来,バイト,東京個別指導学院 バイト,値あり,1900
東京個別指導学院,東京個別指導学院,追加：SERP・サジェスト由来,求人,東京個別指導学院 求人,値あり,70
東京個別指導学院,東京個別指導学院,追加：KWP KeywordSeed由来,クチコミ,東京個別指導学院 クチコミ,値あり,880
東京個別指導学院,東京個別指導学院,追加：KWP KeywordSeed由来,やめとけ,東京個別指導学院 やめとけ,値あり,
東京個別指導学院,東京個別指導学院,追加：KWP KeywordSeed由来,合格実績,東京個別指導学院 合格実績,値あり,90
東京個別指導学院,東京個別指導学院,追加：KWP KeywordSeed由来,時間割,東京個別指導学院 時間割,値あり,590
東京個別指導学院,東京個別指導学院,追加：KWP KeywordSeed由来,キャンペーン,東京個別指導学院 キャンペーン,値あり,20
東京個別指導学院,東京個別指導学院,追加：KWP KeywordSeed由来,割引,東京個別指導学院 割引,値あり,10
東京個別指導学院,東京個別指導学院,追加：KWP KeywordSeed由来,コース,東京個別指導学院 コース,値あり,
東京個別指導学院,東京個別指導学院,追加：KWP KeywordSeed由来,春期講習,東京個別指導学院 春期講習,値あり,70
東京個別指導学院,東京個別指導学院,追加：KWP KeywordSeed由来,冬期講習,東京個別指導学院 冬期講習,値あり,90
東京個別指導学院,東京個別指導学院,追加：KWP KeywordSeed由来,電話番号,東京個別指導学院 電話番号,値あり,110
東京個別指導学院,東京個別指導学院,追加：KWP KeywordSeed由来,ホームページ,東京個別指導学院 ホームページ,値あり,10
東京個別指導学院,東京個別指導学院,追加：KWP KeywordSeed由来,株式会社,東京個別指導学院 株式会社,値あり,20
東京個別指導学院,東京個別指導学院,追加：KWP KeywordSeed由来,講師,東京個別指導学院 講師,値あり,50
東京個別指導学院,東京個別指導学院,追加：KWP KeywordSeed由来,とは,東京個別指導学院 とは,値あり,
東京個別指導学院,東京個別指導学院,発達特性×口コミ,発達障害 口コミ,東京個別指導学院 発達障害 口コミ,値あり,
東京個別指導学院,東京個別指導学院,発達特性×口コミ,発達障がい 口コミ,東京個別指導学院 発達障がい 口コミ,値あり,
東京個別指導学院,東京個別指導学院,発達特性×口コミ,グレーゾーン 口コミ,東京個別指導学院 グレーゾーン 口コミ,値あり,
東京個別指導学院,東京個別指導学院,発達特性×口コミ,ADHD 口コミ,東京個別指導学院 ADHD 口コミ,値あり,
東京個別指導学院,東京個別指導学院,発達特性×口コミ,ASD 口コミ,東京個別指導学院 ASD 口コミ,値あり,
東京個別指導学院,東京個別指導学院,発達特性×口コミ,自閉症 口コミ,東京個別指導学院 自閉症 口コミ,値あり,
東京個別指導学院,東京個別指導学院,発達特性×口コミ,LD 口コミ,東京個別指導学院 LD 口コミ,値あり,
東京個別指導学院,東京個別指導学院,発達特性×口コミ,学習障害 口コミ,東京個別指導学院 学習障害 口コミ,値あり,
東京個別指導学院,東京個別指導学院,発達特性×口コミ,境界知能 口コミ,東京個別指導学院 境界知能 口コミ,値あり,
東京個別指導学院,東京個別指導学院,発達特性×口コミ,不登校 口コミ,東京個別指導学院 不登校 口コミ,値あり,
東京個別指導学院,東京個別指導学院,発達特性×評判,発達障害 評判,東京個別指導学院 発達障害 評判,値あり,
東京個別指導学院,東京個別指導学院,発達特性×評判,発達障がい 評判,東京個別指導学院 発達障がい 評判,値あり,
東京個別指導学院,東京個別指導学院,発達特性×評判,グレーゾーン 評判,東京個別指導学院 グレーゾーン 評判,値あり,
東京個別指導学院,東京個別指導学院,発達特性×評判,ADHD 評判,東京個別指導学院 ADHD 評判,値あり,
東京個別指導学院,東京個別指導学院,発達特性×評判,ASD 評判,東京個別指導学院 ASD 評判,値あり,
東京個別指導学院,東京個別指導学院,発達特性×評判,自閉症 評判,東京個別指導学院 自閉症 評判,値あり,
東京個別指導学院,東京個別指導学院,発達特性×評判,LD 評判,東京個別指導学院 LD 評判,値あり,
東京個別指導学院,東京個別指導学院,発達特性×評判,学習障害 評判,東京個別指導学院 学習障害 評判,値あり,
東京個別指導学院,東京個別指導学院,発達特性×評判,境界知能 評判,東京個別指導学院 境界知能 評判,値あり,
東京個別指導学院,東京個別指導学院,発達特性×評判,不登校 評判,東京個別指導学院 不登校 評判,値あり,
東京個別指導学院,東京個別指導学院,発達特性×料金,発達障害 料金,東京個別指導学院 発達障害 料金,値あり,
東京個別指導学院,東京個別指導学院,発達特性×料金,発達障がい 料金,東京個別指導学院 発達障がい 料金,値あり,
東京個別指導学院,東京個別指導学院,発達特性×料金,グレーゾーン 料金,東京個別指導学院 グレーゾーン 料金,値あり,
東京個別指導学院,東京個別指導学院,発達特性×料金,ADHD 料金,東京個別指導学院 ADHD 料金,値あり,
東京個別指導学院,東京個別指導学院,発達特性×料金,ASD 料金,東京個別指導学院 ASD 料金,値あり,
東京個別指導学院,東京個別指導学院,発達特性×料金,自閉症 料金,東京個別指導学院 自閉症 料金,値あり,
東京個別指導学院,東京個別指導学院,発達特性×料金,LD 料金,東京個別指導学院 LD 料金,値あり,
東京個別指導学院,東京個別指導学院,発達特性×料金,学習障害 料金,東京個別指導学院 学習障害 料金,値あり,
東京個別指導学院,東京個別指導学院,発達特性×料金,境界知能 料金,東京個別指導学院 境界知能 料金,値あり,
東京個別指導学院,東京個別指導学院,発達特性×料金,不登校 料金,東京個別指導学院 不登校 料金,値あり,
東京個別指導学院,東京個別,評判・第三者評価,口コミ,東京個別 口コミ,値あり,40
東京個別指導学院,東京個別,評判・第三者評価,評判,東京個別 評判,値あり,20
東京個別指導学院,東京個別,評判・第三者評価,レビュー,東京個別 レビュー,値あり,
東京個別指導学院,東京個別,評判・第三者評価,体験談,東京個別 体験談,値あり,
東京個別指導学院,東京個別,評判・第三者評価,感想,東京個別 感想,値あり,
東京個別指導学院,東京個別,評判・第三者評価,評価,東京個別 評価,値あり,
東京個別指導学院,東京個別,料金・契約,料金,東京個別 料金,値あり,140
東京個別指導学院,東京個別,料金・契約,費用,東京個別 費用,値あり,20
東京個別指導学院,東京個別,料金・契約,月謝,東京個別 月謝,値あり,10
東京個別指導学院,東京個別,料金・契約,値段,東京個別 値段,値あり,40
東京個別指導学院,東京個別,料金・契約,価格,東京個別 価格,値あり,
東京個別指導学院,東京個別,料金・契約,入会金,東京個別 入会金,値あり,
東京個別指導学院,東京個別,料金・契約,教材費,東京個別 教材費,値あり,
東京個別指導学院,東京個別,料金・契約,高い,東京個別 高い,値あり,10
東京個別指導学院,東京個別,料金・契約,安い,東京個別 安い,値あり,
東京個別指導学院,東京個別,比較・選択,比較,東京個別 比較,値あり,
東京個別指導学院,東京個別,比較・選択,違い,東京個別 違い,値あり,
東京個別指導学院,東京個別,比較・選択,どっち,東京個別 どっち,値あり,
東京個別指導学院,東京個別,比較・選択,おすすめ,東京個別 おすすめ,値あり,
東京個別指導学院,東京個別,比較・選択,他社,東京個別 他社,値あり,
東京個別指導学院,東京個別,比較・選択,ランキング,東京個別 ランキング,値あり,
東京個別指導学院,東京個別,不安・ネガティブ確認,デメリット,東京個別 デメリット,値あり,
東京個別指導学院,東京個別,不安・ネガティブ確認,メリット,東京個別 メリット,値あり,
東京個別指導学院,東京個別,不安・ネガティブ確認,怪しい,東京個別 怪しい,値あり,
東京個別指導学院,東京個別,不安・ネガティブ確認,最悪,東京個別 最悪,値あり,
東京個別指導学院,東京個別,不安・ネガティブ確認,失敗,東京個別 失敗,値あり,
東京個別指導学院,東京個別,不安・ネガティブ確認,後悔,東京個別 後悔,値あり,
東京個別指導学院,東京個別,不安・ネガティブ確認,合わない,東京個別 合わない,値あり,
東京個別指導学院,東京個別,不安・ネガティブ確認,向いてない,東京個別 向いてない,値あり,
東京個別指導学院,東京個別,不安・ネガティブ確認,やめたい,東京個別 やめたい,値あり,
東京個別指導学院,東京個別,不安・ネガティブ確認,辞めたい,東京個別 辞めたい,値あり,
東京個別指導学院,東京個別,不安・ネガティブ確認,退会,東京個別 退会,値あり,20
東京個別指導学院,東京個別,不安・ネガティブ確認,解約,東京個別 解約,値あり,
東京個別指導学院,東京個別,申込直前,無料体験,東京個別 無料体験,値あり,
東京個別指導学院,東京個別,申込直前,体験,東京個別 体験,値あり,10
東京個別指導学院,東京個別,申込直前,体験授業,東京個別 体験授業,値あり,
東京個別指導学院,東京個別,申込直前,無料相談,東京個別 無料相談,値あり,
東京個別指導学院,東京個別,申込直前,資料請求,東京個別 資料請求,値あり,
東京個別指導学院,東京個別,申込直前,申し込み,東京個別 申し込み,値あり,
東京個別指導学院,東京個別,申込直前,入会,東京個別 入会,値あり,
東京個別指導学院,東京個別,発達特性との相性,発達障害,東京個別 発達障害,値あり,
東京個別指導学院,東京個別,発達特性との相性,発達障がい,東京個別 発達障がい,値あり,
東京個別指導学院,東京個別,発達特性との相性,グレーゾーン,東京個別 グレーゾーン,値あり,
東京個別指導学院,東京個別,発達特性との相性,ADHD,東京個別 ADHD,値あり,
東京個別指導学院,東京個別,発達特性との相性,ASD,東京個別 ASD,値あり,
東京個別指導学院,東京個別,発達特性との相性,自閉症,東京個別 自閉症,値あり,
東京個別指導学院,東京個別,発達特性との相性,LD,東京個別 LD,値あり,
東京個別指導学院,東京個別,発達特性との相性,学習障害,東京個別 学習障害,値あり,
東京個別指導学院,東京個別,発達特性との相性,境界知能,東京個別 境界知能,値あり,
東京個別指導学院,東京個別,発達特性との相性,不登校,東京個別 不登校,値あり,
東京個別指導学院,東京個別,対象・用途,小学生,東京個別 小学生,値あり,
東京個別指導学院,東京個別,対象・用途,中学生,東京個別 中学生,値あり,
東京個別指導学院,東京個別,対象・用途,高校生,東京個別 高校生,値あり,
東京個別指導学院,東京個別,対象・用途,高校受験,東京個別 高校受験,値あり,
東京個別指導学院,東京個別,対象・用途,中学受験,東京個別 中学受験,値あり,10
東京個別指導学院,東京個別,対象・用途,大学受験,東京個別 大学受験,値あり,30
東京個別指導学院,東京個別,追加：SERP・サジェスト由来,評判 悪い,東京個別 評判 悪い,値あり,
東京個別指導学院,東京個別,追加：SERP・サジェスト由来,やばい,東京個別 やばい,値あり,10
東京個別指導学院,東京個別,追加：SERP・サジェスト由来,知恵袋,東京個別 知恵袋,値あり,
東京個別指導学院,東京個別,追加：SERP・サジェスト由来,2ch,東京個別 2ch,値あり,10
東京個別指導学院,東京個別,追加：SERP・サジェスト由来,料金表,東京個別 料金表,値あり,20
東京個別指導学院,東京個別,追加：SERP・サジェスト由来,授業料,東京個別 授業料,値あり,50
東京個別指導学院,東京個別,追加：SERP・サジェスト由来,夏期講習,東京個別 夏期講習,値あり,70
東京個別指導学院,東京個別,追加：SERP・サジェスト由来,意味ない,東京個別 意味ない,値あり,
東京個別指導学院,東京個別,追加：SERP・サジェスト由来,バイト,東京個別 バイト,値あり,210
東京個別指導学院,東京個別,追加：SERP・サジェスト由来,求人,東京個別 求人,値あり,
東京個別指導学院,東京個別,追加：KWP KeywordSeed由来,クチコミ,東京個別 クチコミ,値あり,
東京個別指導学院,東京個別,追加：KWP KeywordSeed由来,やめとけ,東京個別 やめとけ,値あり,
東京個別指導学院,東京個別,追加：KWP KeywordSeed由来,合格実績,東京個別 合格実績,値あり,20
東京個別指導学院,東京個別,追加：KWP KeywordSeed由来,時間割,東京個別 時間割,値あり,320
東京個別指導学院,東京個別,追加：KWP KeywordSeed由来,キャンペーン,東京個別 キャンペーン,値あり,
東京個別指導学院,東京個別,追加：KWP KeywordSeed由来,割引,東京個別 割引,値あり,
東京個別指導学院,東京個別,追加：KWP KeywordSeed由来,コース,東京個別 コース,値あり,
東京個別指導学院,東京個別,追加：KWP KeywordSeed由来,春期講習,東京個別 春期講習,値あり,40
東京個別指導学院,東京個別,追加：KWP KeywordSeed由来,冬期講習,東京個別 冬期講習,値あり,40
東京個別指導学院,東京個別,追加：KWP KeywordSeed由来,電話番号,東京個別 電話番号,値あり,
東京個別指導学院,東京個別,追加：KWP KeywordSeed由来,ホームページ,東京個別 ホームページ,値あり,10
東京個別指導学院,東京個別,追加：KWP KeywordSeed由来,株式会社,東京個別 株式会社,値あり,
東京個別指導学院,東京個別,追加：KWP KeywordSeed由来,講師,東京個別 講師,値あり,20
東京個別指導学院,東京個別,追加：KWP KeywordSeed由来,とは,東京個別 とは,値あり,
ITTO個別指導学院,itto,評判・第三者評価,口コミ,itto 口コミ,値あり,70
ITTO個別指導学院,itto,評判・第三者評価,評判,itto 評判,値あり,20
ITTO個別指導学院,itto,評判・第三者評価,レビュー,itto レビュー,値あり,
ITTO個別指導学院,itto,評判・第三者評価,体験談,itto 体験談,値あり,
ITTO個別指導学院,itto,評判・第三者評価,感想,itto 感想,値あり,
ITTO個別指導学院,itto,評判・第三者評価,評価,itto 評価,値あり,10
ITTO個別指導学院,itto,料金・契約,料金,itto 料金,値あり,140
ITTO個別指導学院,itto,料金・契約,費用,itto 費用,値あり,10
ITTO個別指導学院,itto,料金・契約,月謝,itto 月謝,値あり,20
ITTO個別指導学院,itto,料金・契約,値段,itto 値段,値あり,30
ITTO個別指導学院,itto,料金・契約,価格,itto 価格,値あり,
ITTO個別指導学院,itto,料金・契約,入会金,itto 入会金,値あり,40
ITTO個別指導学院,itto,料金・契約,教材費,itto 教材費,値あり,20
ITTO個別指導学院,itto,料金・契約,高い,itto 高い,値あり,
ITTO個別指導学院,itto,料金・契約,安い,itto 安い,値あり,
ITTO個別指導学院,itto,比較・選択,比較,itto 比較,値あり,
ITTO個別指導学院,itto,比較・選択,違い,itto 違い,値あり,
ITTO個別指導学院,itto,比較・選択,どっち,itto どっち,値あり,
ITTO個別指導学院,itto,比較・選択,おすすめ,itto おすすめ,値あり,
ITTO個別指導学院,itto,比較・選択,他社,itto 他社,値あり,
ITTO個別指導学院,itto,比較・選択,ランキング,itto ランキング,値あり,
ITTO個別指導学院,itto,不安・ネガティブ確認,デメリット,itto デメリット,値あり,
ITTO個別指導学院,itto,不安・ネガティブ確認,メリット,itto メリット,値あり,
ITTO個別指導学院,itto,不安・ネガティブ確認,怪しい,itto 怪しい,値あり,
ITTO個別指導学院,itto,不安・ネガティブ確認,最悪,itto 最悪,値あり,
ITTO個別指導学院,itto,不安・ネガティブ確認,失敗,itto 失敗,値あり,
ITTO個別指導学院,itto,不安・ネガティブ確認,後悔,itto 後悔,値あり,
ITTO個別指導学院,itto,不安・ネガティブ確認,合わない,itto 合わない,値あり,
ITTO個別指導学院,itto,不安・ネガティブ確認,向いてない,itto 向いてない,値あり,
ITTO個別指導学院,itto,不安・ネガティブ確認,やめたい,itto やめたい,値あり,
ITTO個別指導学院,itto,不安・ネガティブ確認,辞めたい,itto 辞めたい,値あり,
ITTO個別指導学院,itto,不安・ネガティブ確認,退会,itto 退会,値あり,30
ITTO個別指導学院,itto,不安・ネガティブ確認,解約,itto 解約,値あり,
ITTO個別指導学院,itto,申込直前,無料体験,itto 無料体験,値あり,10
ITTO個別指導学院,itto,申込直前,体験,itto 体験,値あり,20
ITTO個別指導学院,itto,申込直前,体験授業,itto 体験授業,値あり,
ITTO個別指導学院,itto,申込直前,無料相談,itto 無料相談,値あり,
ITTO個別指導学院,itto,申込直前,資料請求,itto 資料請求,値あり,
ITTO個別指導学院,itto,申込直前,申し込み,itto 申し込み,値あり,
ITTO個別指導学院,itto,申込直前,入会,itto 入会,値あり,
ITTO個別指導学院,itto,発達特性との相性,発達障害,itto 発達障害,値あり,
ITTO個別指導学院,itto,発達特性との相性,発達障がい,itto 発達障がい,値あり,
ITTO個別指導学院,itto,発達特性との相性,グレーゾーン,itto グレーゾーン,値あり,
ITTO個別指導学院,itto,発達特性との相性,ADHD,itto ADHD,値あり,
ITTO個別指導学院,itto,発達特性との相性,ASD,itto ASD,値あり,
ITTO個別指導学院,itto,発達特性との相性,自閉症,itto 自閉症,値あり,
ITTO個別指導学院,itto,発達特性との相性,LD,itto LD,値あり,
ITTO個別指導学院,itto,発達特性との相性,学習障害,itto 学習障害,値あり,
ITTO個別指導学院,itto,発達特性との相性,境界知能,itto 境界知能,値あり,
ITTO個別指導学院,itto,発達特性との相性,不登校,itto 不登校,値あり,
ITTO個別指導学院,itto,対象・用途,小学生,itto 小学生,値あり,
ITTO個別指導学院,itto,対象・用途,中学生,itto 中学生,値あり,
ITTO個別指導学院,itto,対象・用途,高校生,itto 高校生,値あり,20
ITTO個別指導学院,itto,対象・用途,高校受験,itto 高校受験,値あり,
ITTO個別指導学院,itto,対象・用途,中学受験,itto 中学受験,値あり,10
ITTO個別指導学院,itto,対象・用途,大学受験,itto 大学受験,値あり,10
ITTO個別指導学院,itto,追加：SERP・サジェスト由来,評判 悪い,itto 評判 悪い,値あり,
ITTO個別指導学院,itto,追加：SERP・サジェスト由来,やばい,itto やばい,値あり,
ITTO個別指導学院,itto,追加：SERP・サジェスト由来,知恵袋,itto 知恵袋,値あり,
ITTO個別指導学院,itto,追加：SERP・サジェスト由来,2ch,itto 2ch,値あり,10
ITTO個別指導学院,itto,追加：SERP・サジェスト由来,料金表,itto 料金表,値あり,10
ITTO個別指導学院,itto,追加：SERP・サジェスト由来,授業料,itto 授業料,値あり,50
ITTO個別指導学院,itto,追加：SERP・サジェスト由来,夏期講習,itto 夏期講習,値あり,210
ITTO個別指導学院,itto,追加：SERP・サジェスト由来,意味ない,itto 意味ない,値あり,
ITTO個別指導学院,itto,追加：SERP・サジェスト由来,バイト,itto バイト,値あり,170
ITTO個別指導学院,itto,追加：SERP・サジェスト由来,求人,itto 求人,値あり,40
ITTO個別指導学院,itto,追加：KWP KeywordSeed由来,クチコミ,itto クチコミ,値あり,
ITTO個別指導学院,itto,追加：KWP KeywordSeed由来,やめとけ,itto やめとけ,値あり,
ITTO個別指導学院,itto,追加：KWP KeywordSeed由来,合格実績,itto 合格実績,値あり,20
ITTO個別指導学院,itto,追加：KWP KeywordSeed由来,時間割,itto 時間割,値あり,40
ITTO個別指導学院,itto,追加：KWP KeywordSeed由来,キャンペーン,itto キャンペーン,値あり,40
ITTO個別指導学院,itto,追加：KWP KeywordSeed由来,割引,itto 割引,値あり,
ITTO個別指導学院,itto,追加：KWP KeywordSeed由来,コース,itto コース,値あり,
ITTO個別指導学院,itto,追加：KWP KeywordSeed由来,春期講習,itto 春期講習,値あり,70
ITTO個別指導学院,itto,追加：KWP KeywordSeed由来,冬期講習,itto 冬期講習,値あり,110
ITTO個別指導学院,itto,追加：KWP KeywordSeed由来,電話番号,itto 電話番号,値あり,10
ITTO個別指導学院,itto,追加：KWP KeywordSeed由来,ホームページ,itto ホームページ,値あり,10
ITTO個別指導学院,itto,追加：KWP KeywordSeed由来,株式会社,itto 株式会社,値あり,30
ITTO個別指導学院,itto,追加：KWP KeywordSeed由来,講師,itto 講師,値あり,10
ITTO個別指導学院,itto,追加：KWP KeywordSeed由来,とは,itto とは,値あり,40
ITTO個別指導学院,itto,発達特性×口コミ,発達障害 口コミ,itto 発達障害 口コミ,値あり,
ITTO個別指導学院,itto,発達特性×口コミ,発達障がい 口コミ,itto 発達障がい 口コミ,値あり,
ITTO個別指導学院,itto,発達特性×口コミ,グレーゾーン 口コミ,itto グレーゾーン 口コミ,値あり,
ITTO個別指導学院,itto,発達特性×口コミ,ADHD 口コミ,itto ADHD 口コミ,値あり,
ITTO個別指導学院,itto,発達特性×口コミ,ASD 口コミ,itto ASD 口コミ,値あり,
ITTO個別指導学院,itto,発達特性×口コミ,自閉症 口コミ,itto 自閉症 口コミ,値あり,
ITTO個別指導学院,itto,発達特性×口コミ,LD 口コミ,itto LD 口コミ,値あり,
ITTO個別指導学院,itto,発達特性×口コミ,学習障害 口コミ,itto 学習障害 口コミ,値あり,
ITTO個別指導学院,itto,発達特性×口コミ,境界知能 口コミ,itto 境界知能 口コミ,値あり,
ITTO個別指導学院,itto,発達特性×口コミ,不登校 口コミ,itto 不登校 口コミ,値あり,
ITTO個別指導学院,itto,発達特性×評判,発達障害 評判,itto 発達障害 評判,値あり,
ITTO個別指導学院,itto,発達特性×評判,発達障がい 評判,itto 発達障がい 評判,値あり,
ITTO個別指導学院,itto,発達特性×評判,グレーゾーン 評判,itto グレーゾーン 評判,値あり,
ITTO個別指導学院,itto,発達特性×評判,ADHD 評判,itto ADHD 評判,値あり,
ITTO個別指導学院,itto,発達特性×評判,ASD 評判,itto ASD 評判,値あり,
ITTO個別指導学院,itto,発達特性×評判,自閉症 評判,itto 自閉症 評判,値あり,
ITTO個別指導学院,itto,発達特性×評判,LD 評判,itto LD 評判,値あり,
ITTO個別指導学院,itto,発達特性×評判,学習障害 評判,itto 学習障害 評判,値あり,
ITTO個別指導学院,itto,発達特性×評判,境界知能 評判,itto 境界知能 評判,値あり,
ITTO個別指導学院,itto,発達特性×評判,不登校 評判,itto 不登校 評判,値あり,
ITTO個別指導学院,itto,発達特性×料金,発達障害 料金,itto 発達障害 料金,値あり,
ITTO個別指導学院,itto,発達特性×料金,発達障がい 料金,itto 発達障がい 料金,値あり,
ITTO個別指導学院,itto,発達特性×料金,グレーゾーン 料金,itto グレーゾーン 料金,値あり,
ITTO個別指導学院,itto,発達特性×料金,ADHD 料金,itto ADHD 料金,値あり,
ITTO個別指導学院,itto,発達特性×料金,ASD 料金,itto ASD 料金,値あり,
ITTO個別指導学院,itto,発達特性×料金,自閉症 料金,itto 自閉症 料金,値あり,
ITTO個別指導学院,itto,発達特性×料金,LD 料金,itto LD 料金,値あり,
ITTO個別指導学院,itto,発達特性×料金,学習障害 料金,itto 学習障害 料金,値あり,
ITTO個別指導学院,itto,発達特性×料金,境界知能 料金,itto 境界知能 料金,値あり,
ITTO個別指導学院,itto,発達特性×料金,不登校 料金,itto 不登校 料金,値あり,
ITTO個別指導学院,イットー,評判・第三者評価,口コミ,イットー 口コミ,値あり,10
ITTO個別指導学院,イットー,評判・第三者評価,評判,イットー 評判,値あり,10
ITTO個別指導学院,イットー,評判・第三者評価,レビュー,イットー レビュー,値あり,
ITTO個別指導学院,イットー,評判・第三者評価,体験談,イットー 体験談,値あり,
ITTO個別指導学院,イットー,評判・第三者評価,感想,イットー 感想,値あり,
ITTO個別指導学院,イットー,評判・第三者評価,評価,イットー 評価,値あり,
ITTO個別指導学院,イットー,料金・契約,料金,イットー 料金,値あり,20
ITTO個別指導学院,イットー,料金・契約,費用,イットー 費用,値あり,
ITTO個別指導学院,イットー,料金・契約,月謝,イットー 月謝,値あり,
ITTO個別指導学院,イットー,料金・契約,値段,イットー 値段,値あり,
ITTO個別指導学院,イットー,料金・契約,価格,イットー 価格,値あり,
ITTO個別指導学院,イットー,料金・契約,入会金,イットー 入会金,値あり,0
ITTO個別指導学院,イットー,料金・契約,教材費,イットー 教材費,値あり,
ITTO個別指導学院,イットー,料金・契約,高い,イットー 高い,値あり,
ITTO個別指導学院,イットー,料金・契約,安い,イットー 安い,値あり,
ITTO個別指導学院,イットー,比較・選択,比較,イットー 比較,値あり,
ITTO個別指導学院,イットー,比較・選択,違い,イットー 違い,値あり,
ITTO個別指導学院,イットー,比較・選択,どっち,イットー どっち,値あり,
ITTO個別指導学院,イットー,比較・選択,おすすめ,イットー おすすめ,値あり,
ITTO個別指導学院,イットー,比較・選択,他社,イットー 他社,値あり,
ITTO個別指導学院,イットー,比較・選択,ランキング,イットー ランキング,値あり,
ITTO個別指導学院,イットー,不安・ネガティブ確認,デメリット,イットー デメリット,値あり,
ITTO個別指導学院,イットー,不安・ネガティブ確認,メリット,イットー メリット,値あり,
ITTO個別指導学院,イットー,不安・ネガティブ確認,怪しい,イットー 怪しい,値あり,
ITTO個別指導学院,イットー,不安・ネガティブ確認,最悪,イットー 最悪,値あり,
ITTO個別指導学院,イットー,不安・ネガティブ確認,失敗,イットー 失敗,値あり,
ITTO個別指導学院,イットー,不安・ネガティブ確認,後悔,イットー 後悔,値あり,
ITTO個別指導学院,イットー,不安・ネガティブ確認,合わない,イットー 合わない,値あり,
ITTO個別指導学院,イットー,不安・ネガティブ確認,向いてない,イットー 向いてない,値あり,
ITTO個別指導学院,イットー,不安・ネガティブ確認,やめたい,イットー やめたい,値あり,
ITTO個別指導学院,イットー,不安・ネガティブ確認,辞めたい,イットー 辞めたい,値あり,
ITTO個別指導学院,イットー,不安・ネガティブ確認,退会,イットー 退会,値あり,
ITTO個別指導学院,イットー,不安・ネガティブ確認,解約,イットー 解約,値あり,
ITTO個別指導学院,イットー,申込直前,無料体験,イットー 無料体験,値あり,
ITTO個別指導学院,イットー,申込直前,体験,イットー 体験,値あり,
ITTO個別指導学院,イットー,申込直前,体験授業,イットー 体験授業,値あり,
ITTO個別指導学院,イットー,申込直前,無料相談,イットー 無料相談,値あり,
ITTO個別指導学院,イットー,申込直前,資料請求,イットー 資料請求,値あり,
ITTO個別指導学院,イットー,申込直前,申し込み,イットー 申し込み,値あり,
ITTO個別指導学院,イットー,申込直前,入会,イットー 入会,値あり,
ITTO個別指導学院,イットー,発達特性との相性,発達障害,イットー 発達障害,値あり,
ITTO個別指導学院,イットー,発達特性との相性,発達障がい,イットー 発達障がい,値あり,
ITTO個別指導学院,イットー,発達特性との相性,グレーゾーン,イットー グレーゾーン,値あり,
ITTO個別指導学院,イットー,発達特性との相性,ADHD,イットー ADHD,値あり,
ITTO個別指導学院,イットー,発達特性との相性,ASD,イットー ASD,値あり,
ITTO個別指導学院,イットー,発達特性との相性,自閉症,イットー 自閉症,値あり,
ITTO個別指導学院,イットー,発達特性との相性,LD,イットー LD,値あり,
ITTO個別指導学院,イットー,発達特性との相性,学習障害,イットー 学習障害,値あり,
ITTO個別指導学院,イットー,発達特性との相性,境界知能,イットー 境界知能,値あり,
ITTO個別指導学院,イットー,発達特性との相性,不登校,イットー 不登校,値あり,
ITTO個別指導学院,イットー,対象・用途,小学生,イットー 小学生,値あり,
ITTO個別指導学院,イットー,対象・用途,中学生,イットー 中学生,値あり,
ITTO個別指導学院,イットー,対象・用途,高校生,イットー 高校生,値あり,
ITTO個別指導学院,イットー,対象・用途,高校受験,イットー 高校受験,値あり,
ITTO個別指導学院,イットー,対象・用途,中学受験,イットー 中学受験,値あり,
ITTO個別指導学院,イットー,対象・用途,大学受験,イットー 大学受験,値あり,
ITTO個別指導学院,イットー,追加：SERP・サジェスト由来,評判 悪い,イットー 評判 悪い,値あり,
ITTO個別指導学院,イットー,追加：SERP・サジェスト由来,やばい,イットー やばい,値あり,
ITTO個別指導学院,イットー,追加：SERP・サジェスト由来,知恵袋,イットー 知恵袋,値あり,
ITTO個別指導学院,イットー,追加：SERP・サジェスト由来,2ch,イットー 2ch,値あり,
ITTO個別指導学院,イットー,追加：SERP・サジェスト由来,料金表,イットー 料金表,値あり,
ITTO個別指導学院,イットー,追加：SERP・サジェスト由来,授業料,イットー 授業料,値あり,50
ITTO個別指導学院,イットー,追加：SERP・サジェスト由来,夏期講習,イットー 夏期講習,値あり,40
ITTO個別指導学院,イットー,追加：SERP・サジェスト由来,意味ない,イットー 意味ない,値あり,
ITTO個別指導学院,イットー,追加：SERP・サジェスト由来,バイト,イットー バイト,値あり,10
ITTO個別指導学院,イットー,追加：SERP・サジェスト由来,求人,イットー 求人,値あり,10
ITTO個別指導学院,イットー,追加：KWP KeywordSeed由来,クチコミ,イットー クチコミ,値あり,
ITTO個別指導学院,イットー,追加：KWP KeywordSeed由来,やめとけ,イットー やめとけ,値あり,
ITTO個別指導学院,イットー,追加：KWP KeywordSeed由来,合格実績,イットー 合格実績,値あり,
ITTO個別指導学院,イットー,追加：KWP KeywordSeed由来,時間割,イットー 時間割,値あり,
ITTO個別指導学院,イットー,追加：KWP KeywordSeed由来,キャンペーン,イットー キャンペーン,値あり,
ITTO個別指導学院,イットー,追加：KWP KeywordSeed由来,割引,イットー 割引,値あり,
ITTO個別指導学院,イットー,追加：KWP KeywordSeed由来,コース,イットー コース,値あり,
ITTO個別指導学院,イットー,追加：KWP KeywordSeed由来,春期講習,イットー 春期講習,値あり,70
ITTO個別指導学院,イットー,追加：KWP KeywordSeed由来,冬期講習,イットー 冬期講習,値あり,0
ITTO個別指導学院,イットー,追加：KWP KeywordSeed由来,電話番号,イットー 電話番号,値あり,
ITTO個別指導学院,イットー,追加：KWP KeywordSeed由来,ホームページ,イットー ホームページ,値あり,
ITTO個別指導学院,イットー,追加：KWP KeywordSeed由来,株式会社,イットー 株式会社,値あり,
ITTO個別指導学院,イットー,追加：KWP KeywordSeed由来,講師,イットー 講師,値あり,
ITTO個別指導学院,イットー,追加：KWP KeywordSeed由来,とは,イットー とは,値あり,
スクールIE,スクールie,評判・第三者評価,口コミ,スクールie 口コミ,値あり,880
スクールIE,スクールie,評判・第三者評価,評判,スクールie 評判,値あり,140
スクールIE,スクールie,評判・第三者評価,レビュー,スクールie レビュー,値あり,
スクールIE,スクールie,評判・第三者評価,体験談,スクールie 体験談,値あり,
スクールIE,スクールie,評判・第三者評価,感想,スクールie 感想,値あり,
スクールIE,スクールie,評判・第三者評価,評価,スクールie 評価,値あり,20
スクールIE,スクールie,料金・契約,料金,スクールie 料金,値あり,4400
スクールIE,スクールie,料金・契約,費用,スクールie 費用,値あり,50
スクールIE,スクールie,料金・契約,月謝,スクールie 月謝,値あり,110
スクールIE,スクールie,料金・契約,値段,スクールie 値段,値あり,140
スクールIE,スクールie,料金・契約,価格,スクールie 価格,値あり,10
スクールIE,スクールie,料金・契約,入会金,スクールie 入会金,値あり,50
スクールIE,スクールie,料金・契約,教材費,スクールie 教材費,値あり,10
スクールIE,スクールie,料金・契約,高い,スクールie 高い,値あり,40
スクールIE,スクールie,料金・契約,安い,スクールie 安い,値あり,
スクールIE,スクールie,比較・選択,比較,スクールie 比較,値あり,
スクールIE,スクールie,比較・選択,違い,スクールie 違い,値あり,
スクールIE,スクールie,比較・選択,どっち,スクールie どっち,値あり,
スクールIE,スクールie,比較・選択,おすすめ,スクールie おすすめ,値あり,
スクールIE,スクールie,比較・選択,他社,スクールie 他社,値あり,
スクールIE,スクールie,比較・選択,ランキング,スクールie ランキング,値あり,
スクールIE,スクールie,不安・ネガティブ確認,デメリット,スクールie デメリット,値あり,
スクールIE,スクールie,不安・ネガティブ確認,メリット,スクールie メリット,値あり,
スクールIE,スクールie,不安・ネガティブ確認,怪しい,スクールie 怪しい,値あり,
スクールIE,スクールie,不安・ネガティブ確認,最悪,スクールie 最悪,値あり,10
スクールIE,スクールie,不安・ネガティブ確認,失敗,スクールie 失敗,値あり,
スクールIE,スクールie,不安・ネガティブ確認,後悔,スクールie 後悔,値あり,
スクールIE,スクールie,不安・ネガティブ確認,合わない,スクールie 合わない,値あり,
スクールIE,スクールie,不安・ネガティブ確認,向いてない,スクールie 向いてない,値あり,
スクールIE,スクールie,不安・ネガティブ確認,やめたい,スクールie やめたい,値あり,10
スクールIE,スクールie,不安・ネガティブ確認,辞めたい,スクールie 辞めたい,値あり,10
スクールIE,スクールie,不安・ネガティブ確認,退会,スクールie 退会,値あり,90
スクールIE,スクールie,不安・ネガティブ確認,解約,スクールie 解約,値あり,10
スクールIE,スクールie,申込直前,無料体験,スクールie 無料体験,値あり,40
スクールIE,スクールie,申込直前,体験,スクールie 体験,値あり,70
スクールIE,スクールie,申込直前,体験授業,スクールie 体験授業,値あり,40
スクールIE,スクールie,申込直前,無料相談,スクールie 無料相談,値あり,
スクールIE,スクールie,申込直前,資料請求,スクールie 資料請求,値あり,10
スクールIE,スクールie,申込直前,申し込み,スクールie 申し込み,値あり,
スクールIE,スクールie,申込直前,入会,スクールie 入会,値あり,
スクールIE,スクールie,発達特性との相性,発達障害,スクールie 発達障害,値あり,90
スクールIE,スクールie,発達特性との相性,発達障がい,スクールie 発達障がい,値あり,
スクールIE,スクールie,発達特性との相性,グレーゾーン,スクールie グレーゾーン,値あり,
スクールIE,スクールie,発達特性との相性,ADHD,スクールie ADHD,値あり,
スクールIE,スクールie,発達特性との相性,ASD,スクールie ASD,値あり,
スクールIE,スクールie,発達特性との相性,自閉症,スクールie 自閉症,値あり,
スクールIE,スクールie,発達特性との相性,LD,スクールie LD,値あり,
スクールIE,スクールie,発達特性との相性,学習障害,スクールie 学習障害,値あり,
スクールIE,スクールie,発達特性との相性,境界知能,スクールie 境界知能,値あり,
スクールIE,スクールie,発達特性との相性,不登校,スクールie 不登校,値あり,
スクールIE,スクールie,対象・用途,小学生,スクールie 小学生,値あり,50
スクールIE,スクールie,対象・用途,中学生,スクールie 中学生,値あり,10
スクールIE,スクールie,対象・用途,高校生,スクールie 高校生,値あり,90
スクールIE,スクールie,対象・用途,高校受験,スクールie 高校受験,値あり,20
スクールIE,スクールie,対象・用途,中学受験,スクールie 中学受験,値あり,140
スクールIE,スクールie,対象・用途,大学受験,スクールie 大学受験,値あり,140
スクールIE,スクールie,追加：SERP・サジェスト由来,評判 悪い,スクールie 評判 悪い,値あり,10
スクールIE,スクールie,追加：SERP・サジェスト由来,やばい,スクールie やばい,値あり,1900
スクールIE,スクールie,追加：SERP・サジェスト由来,知恵袋,スクールie 知恵袋,値あり,40
スクールIE,スクールie,追加：SERP・サジェスト由来,2ch,スクールie 2ch,値あり,10
スクールIE,スクールie,追加：SERP・サジェスト由来,料金表,スクールie 料金表,値あり,210
スクールIE,スクールie,追加：SERP・サジェスト由来,授業料,スクールie 授業料,値あり,260
スクールIE,スクールie,追加：SERP・サジェスト由来,夏期講習,スクールie 夏期講習,値あり,390
スクールIE,スクールie,追加：SERP・サジェスト由来,意味ない,スクールie 意味ない,値あり,
スクールIE,スクールie,追加：SERP・サジェスト由来,バイト,スクールie バイト,値あり,1300
スクールIE,スクールie,追加：SERP・サジェスト由来,求人,スクールie 求人,値あり,170
スクールIE,スクールie,追加：KWP KeywordSeed由来,クチコミ,スクールie クチコミ,値あり,880
スクールIE,スクールie,追加：KWP KeywordSeed由来,やめとけ,スクールie やめとけ,値あり,
スクールIE,スクールie,追加：KWP KeywordSeed由来,合格実績,スクールie 合格実績,値あり,110
スクールIE,スクールie,追加：KWP KeywordSeed由来,時間割,スクールie 時間割,値あり,390
スクールIE,スクールie,追加：KWP KeywordSeed由来,キャンペーン,スクールie キャンペーン,値あり,50
スクールIE,スクールie,追加：KWP KeywordSeed由来,割引,スクールie 割引,値あり,
スクールIE,スクールie,追加：KWP KeywordSeed由来,コース,スクールie コース,値あり,10
スクールIE,スクールie,追加：KWP KeywordSeed由来,春期講習,スクールie 春期講習,値あり,110
スクールIE,スクールie,追加：KWP KeywordSeed由来,冬期講習,スクールie 冬期講習,値あり,170
スクールIE,スクールie,追加：KWP KeywordSeed由来,電話番号,スクールie 電話番号,値あり,70
スクールIE,スクールie,追加：KWP KeywordSeed由来,ホームページ,スクールie ホームページ,値あり,20
スクールIE,スクールie,追加：KWP KeywordSeed由来,株式会社,スクールie 株式会社,値あり,30
スクールIE,スクールie,追加：KWP KeywordSeed由来,講師,スクールie 講師,値あり,140
スクールIE,スクールie,追加：KWP KeywordSeed由来,とは,スクールie とは,値あり,70
スクールIE,スクールie,発達特性×口コミ,発達障害 口コミ,スクールie 発達障害 口コミ,値あり,
スクールIE,スクールie,発達特性×口コミ,発達障がい 口コミ,スクールie 発達障がい 口コミ,値あり,
スクールIE,スクールie,発達特性×口コミ,グレーゾーン 口コミ,スクールie グレーゾーン 口コミ,値あり,
スクールIE,スクールie,発達特性×口コミ,ADHD 口コミ,スクールie ADHD 口コミ,値あり,
スクールIE,スクールie,発達特性×口コミ,ASD 口コミ,スクールie ASD 口コミ,値あり,
スクールIE,スクールie,発達特性×口コミ,自閉症 口コミ,スクールie 自閉症 口コミ,値あり,
スクールIE,スクールie,発達特性×口コミ,LD 口コミ,スクールie LD 口コミ,値あり,
スクールIE,スクールie,発達特性×口コミ,学習障害 口コミ,スクールie 学習障害 口コミ,値あり,
スクールIE,スクールie,発達特性×口コミ,境界知能 口コミ,スクールie 境界知能 口コミ,値あり,
スクールIE,スクールie,発達特性×口コミ,不登校 口コミ,スクールie 不登校 口コミ,値あり,
スクールIE,スクールie,発達特性×評判,発達障害 評判,スクールie 発達障害 評判,値あり,
スクールIE,スクールie,発達特性×評判,発達障がい 評判,スクールie 発達障がい 評判,値あり,
スクールIE,スクールie,発達特性×評判,グレーゾーン 評判,スクールie グレーゾーン 評判,値あり,
スクールIE,スクールie,発達特性×評判,ADHD 評判,スクールie ADHD 評判,値あり,
スクールIE,スクールie,発達特性×評判,ASD 評判,スクールie ASD 評判,値あり,
スクールIE,スクールie,発達特性×評判,自閉症 評判,スクールie 自閉症 評判,値あり,
スクールIE,スクールie,発達特性×評判,LD 評判,スクールie LD 評判,値あり,
スクールIE,スクールie,発達特性×評判,学習障害 評判,スクールie 学習障害 評判,値あり,
スクールIE,スクールie,発達特性×評判,境界知能 評判,スクールie 境界知能 評判,値あり,
スクールIE,スクールie,発達特性×評判,不登校 評判,スクールie 不登校 評判,値あり,
スクールIE,スクールie,発達特性×料金,発達障害 料金,スクールie 発達障害 料金,値あり,
スクールIE,スクールie,発達特性×料金,発達障がい 料金,スクールie 発達障がい 料金,値あり,
スクールIE,スクールie,発達特性×料金,グレーゾーン 料金,スクールie グレーゾーン 料金,値あり,
スクールIE,スクールie,発達特性×料金,ADHD 料金,スクールie ADHD 料金,値あり,
スクールIE,スクールie,発達特性×料金,ASD 料金,スクールie ASD 料金,値あり,
スクールIE,スクールie,発達特性×料金,自閉症 料金,スクールie 自閉症 料金,値あり,
スクールIE,スクールie,発達特性×料金,LD 料金,スクールie LD 料金,値あり,
スクールIE,スクールie,発達特性×料金,学習障害 料金,スクールie 学習障害 料金,値あり,
スクールIE,スクールie,発達特性×料金,境界知能 料金,スクールie 境界知能 料金,値あり,
スクールIE,スクールie,発達特性×料金,不登校 料金,スクールie 不登校 料金,値あり,
スクールIE,スクールIE,評判・第三者評価,口コミ,スクールIE 口コミ,値あり,880
スクールIE,スクールIE,評判・第三者評価,評判,スクールIE 評判,値あり,140
スクールIE,スクールIE,評判・第三者評価,レビュー,スクールIE レビュー,値あり,
スクールIE,スクールIE,評判・第三者評価,体験談,スクールIE 体験談,値あり,
スクールIE,スクールIE,評判・第三者評価,感想,スクールIE 感想,値あり,
スクールIE,スクールIE,評判・第三者評価,評価,スクールIE 評価,値あり,20
スクールIE,スクールIE,料金・契約,料金,スクールIE 料金,値あり,4400
スクールIE,スクールIE,料金・契約,費用,スクールIE 費用,値あり,50
スクールIE,スクールIE,料金・契約,月謝,スクールIE 月謝,値あり,110
スクールIE,スクールIE,料金・契約,値段,スクールIE 値段,値あり,140
スクールIE,スクールIE,料金・契約,価格,スクールIE 価格,値あり,10
スクールIE,スクールIE,料金・契約,入会金,スクールIE 入会金,値あり,50
スクールIE,スクールIE,料金・契約,教材費,スクールIE 教材費,値あり,10
スクールIE,スクールIE,料金・契約,高い,スクールIE 高い,値あり,40
スクールIE,スクールIE,料金・契約,安い,スクールIE 安い,値あり,
スクールIE,スクールIE,比較・選択,比較,スクールIE 比較,値あり,
スクールIE,スクールIE,比較・選択,違い,スクールIE 違い,値あり,
スクールIE,スクールIE,比較・選択,どっち,スクールIE どっち,値あり,
スクールIE,スクールIE,比較・選択,おすすめ,スクールIE おすすめ,値あり,
スクールIE,スクールIE,比較・選択,他社,スクールIE 他社,値あり,
スクールIE,スクールIE,比較・選択,ランキング,スクールIE ランキング,値あり,
スクールIE,スクールIE,不安・ネガティブ確認,デメリット,スクールIE デメリット,値あり,
スクールIE,スクールIE,不安・ネガティブ確認,メリット,スクールIE メリット,値あり,
スクールIE,スクールIE,不安・ネガティブ確認,怪しい,スクールIE 怪しい,値あり,
スクールIE,スクールIE,不安・ネガティブ確認,最悪,スクールIE 最悪,値あり,10
スクールIE,スクールIE,不安・ネガティブ確認,失敗,スクールIE 失敗,値あり,
スクールIE,スクールIE,不安・ネガティブ確認,後悔,スクールIE 後悔,値あり,
スクールIE,スクールIE,不安・ネガティブ確認,合わない,スクールIE 合わない,値あり,
スクールIE,スクールIE,不安・ネガティブ確認,向いてない,スクールIE 向いてない,値あり,
スクールIE,スクールIE,不安・ネガティブ確認,やめたい,スクールIE やめたい,値あり,10
スクールIE,スクールIE,不安・ネガティブ確認,辞めたい,スクールIE 辞めたい,値あり,10
スクールIE,スクールIE,不安・ネガティブ確認,退会,スクールIE 退会,値あり,90
スクールIE,スクールIE,不安・ネガティブ確認,解約,スクールIE 解約,値あり,10
スクールIE,スクールIE,申込直前,無料体験,スクールIE 無料体験,値あり,40
スクールIE,スクールIE,申込直前,体験,スクールIE 体験,値あり,70
スクールIE,スクールIE,申込直前,体験授業,スクールIE 体験授業,値あり,40
スクールIE,スクールIE,申込直前,無料相談,スクールIE 無料相談,値あり,
スクールIE,スクールIE,申込直前,資料請求,スクールIE 資料請求,値あり,10
スクールIE,スクールIE,申込直前,申し込み,スクールIE 申し込み,値あり,
スクールIE,スクールIE,申込直前,入会,スクールIE 入会,値あり,
スクールIE,スクールIE,発達特性との相性,発達障害,スクールIE 発達障害,値あり,90
スクールIE,スクールIE,発達特性との相性,発達障がい,スクールIE 発達障がい,値あり,
スクールIE,スクールIE,発達特性との相性,グレーゾーン,スクールIE グレーゾーン,値あり,
スクールIE,スクールIE,発達特性との相性,ADHD,スクールIE ADHD,値あり,
スクールIE,スクールIE,発達特性との相性,ASD,スクールIE ASD,値あり,
スクールIE,スクールIE,発達特性との相性,自閉症,スクールIE 自閉症,値あり,
スクールIE,スクールIE,発達特性との相性,LD,スクールIE LD,値あり,
スクールIE,スクールIE,発達特性との相性,学習障害,スクールIE 学習障害,値あり,
スクールIE,スクールIE,発達特性との相性,境界知能,スクールIE 境界知能,値あり,
スクールIE,スクールIE,発達特性との相性,不登校,スクールIE 不登校,値あり,
スクールIE,スクールIE,対象・用途,小学生,スクールIE 小学生,値あり,50
スクールIE,スクールIE,対象・用途,中学生,スクールIE 中学生,値あり,10
スクールIE,スクールIE,対象・用途,高校生,スクールIE 高校生,値あり,90
スクールIE,スクールIE,対象・用途,高校受験,スクールIE 高校受験,値あり,20
スクールIE,スクールIE,対象・用途,中学受験,スクールIE 中学受験,値あり,140
スクールIE,スクールIE,対象・用途,大学受験,スクールIE 大学受験,値あり,140
スクールIE,スクールIE,追加：SERP・サジェスト由来,評判 悪い,スクールIE 評判 悪い,値なし,
スクールIE,スクールIE,追加：SERP・サジェスト由来,やばい,スクールIE やばい,値なし,
スクールIE,スクールIE,追加：SERP・サジェスト由来,知恵袋,スクールIE 知恵袋,値なし,
スクールIE,スクールIE,追加：SERP・サジェスト由来,2ch,スクールIE 2ch,値なし,
スクールIE,スクールIE,追加：SERP・サジェスト由来,料金表,スクールIE 料金表,値なし,
スクールIE,スクールIE,追加：SERP・サジェスト由来,授業料,スクールIE 授業料,値なし,
スクールIE,スクールIE,追加：SERP・サジェスト由来,夏期講習,スクールIE 夏期講習,値なし,
スクールIE,スクールIE,追加：SERP・サジェスト由来,意味ない,スクールIE 意味ない,値なし,
スクールIE,スクールIE,追加：SERP・サジェスト由来,バイト,スクールIE バイト,値なし,
スクールIE,スクールIE,追加：SERP・サジェスト由来,求人,スクールIE 求人,値なし,
スクールIE,スクールIE,追加：KWP KeywordSeed由来,クチコミ,スクールIE クチコミ,値なし,
スクールIE,スクールIE,追加：KWP KeywordSeed由来,やめとけ,スクールIE やめとけ,値なし,
スクールIE,スクールIE,追加：KWP KeywordSeed由来,合格実績,スクールIE 合格実績,値なし,
スクールIE,スクールIE,追加：KWP KeywordSeed由来,時間割,スクールIE 時間割,値なし,
スクールIE,スクールIE,追加：KWP KeywordSeed由来,キャンペーン,スクールIE キャンペーン,値なし,
スクールIE,スクールIE,追加：KWP KeywordSeed由来,割引,スクールIE 割引,値なし,
スクールIE,スクールIE,追加：KWP KeywordSeed由来,コース,スクールIE コース,値なし,
スクールIE,スクールIE,追加：KWP KeywordSeed由来,春期講習,スクールIE 春期講習,値なし,
スクールIE,スクールIE,追加：KWP KeywordSeed由来,冬期講習,スクールIE 冬期講習,値なし,
スクールIE,スクールIE,追加：KWP KeywordSeed由来,電話番号,スクールIE 電話番号,値なし,
スクールIE,スクールIE,追加：KWP KeywordSeed由来,ホームページ,スクールIE ホームページ,値なし,
スクールIE,スクールIE,追加：KWP KeywordSeed由来,株式会社,スクールIE 株式会社,値なし,
スクールIE,スクールIE,追加：KWP KeywordSeed由来,講師,スクールIE 講師,値なし,
スクールIE,スクールIE,追加：KWP KeywordSeed由来,とは,スクールIE とは,値なし,
ナビ個別指導学院,ナビ個別指導学院,評判・第三者評価,口コミ,ナビ個別指導学院 口コミ,値あり,880
ナビ個別指導学院,ナビ個別指導学院,評判・第三者評価,評判,ナビ個別指導学院 評判,値あり,90
ナビ個別指導学院,ナビ個別指導学院,評判・第三者評価,レビュー,ナビ個別指導学院 レビュー,値あり,10
ナビ個別指導学院,ナビ個別指導学院,評判・第三者評価,体験談,ナビ個別指導学院 体験談,値あり,
ナビ個別指導学院,ナビ個別指導学院,評判・第三者評価,感想,ナビ個別指導学院 感想,値あり,
ナビ個別指導学院,ナビ個別指導学院,評判・第三者評価,評価,ナビ個別指導学院 評価,値あり,10
ナビ個別指導学院,ナビ個別指導学院,料金・契約,料金,ナビ個別指導学院 料金,値あり,2400
ナビ個別指導学院,ナビ個別指導学院,料金・契約,費用,ナビ個別指導学院 費用,値あり,10
ナビ個別指導学院,ナビ個別指導学院,料金・契約,月謝,ナビ個別指導学院 月謝,値あり,70
ナビ個別指導学院,ナビ個別指導学院,料金・契約,値段,ナビ個別指導学院 値段,値あり,110
ナビ個別指導学院,ナビ個別指導学院,料金・契約,価格,ナビ個別指導学院 価格,値あり,
ナビ個別指導学院,ナビ個別指導学院,料金・契約,入会金,ナビ個別指導学院 入会金,値あり,30
ナビ個別指導学院,ナビ個別指導学院,料金・契約,教材費,ナビ個別指導学院 教材費,値あり,10
ナビ個別指導学院,ナビ個別指導学院,料金・契約,高い,ナビ個別指導学院 高い,値あり,20
ナビ個別指導学院,ナビ個別指導学院,料金・契約,安い,ナビ個別指導学院 安い,値あり,
ナビ個別指導学院,ナビ個別指導学院,比較・選択,比較,ナビ個別指導学院 比較,値あり,
ナビ個別指導学院,ナビ個別指導学院,比較・選択,違い,ナビ個別指導学院 違い,値あり,
ナビ個別指導学院,ナビ個別指導学院,比較・選択,どっち,ナビ個別指導学院 どっち,値あり,
ナビ個別指導学院,ナビ個別指導学院,比較・選択,おすすめ,ナビ個別指導学院 おすすめ,値あり,
ナビ個別指導学院,ナビ個別指導学院,比較・選択,他社,ナビ個別指導学院 他社,値あり,
ナビ個別指導学院,ナビ個別指導学院,比較・選択,ランキング,ナビ個別指導学院 ランキング,値あり,10
ナビ個別指導学院,ナビ個別指導学院,不安・ネガティブ確認,デメリット,ナビ個別指導学院 デメリット,値あり,
ナビ個別指導学院,ナビ個別指導学院,不安・ネガティブ確認,メリット,ナビ個別指導学院 メリット,値あり,
ナビ個別指導学院,ナビ個別指導学院,不安・ネガティブ確認,怪しい,ナビ個別指導学院 怪しい,値あり,
ナビ個別指導学院,ナビ個別指導学院,不安・ネガティブ確認,最悪,ナビ個別指導学院 最悪,値あり,
ナビ個別指導学院,ナビ個別指導学院,不安・ネガティブ確認,失敗,ナビ個別指導学院 失敗,値あり,
ナビ個別指導学院,ナビ個別指導学院,不安・ネガティブ確認,後悔,ナビ個別指導学院 後悔,値あり,
ナビ個別指導学院,ナビ個別指導学院,不安・ネガティブ確認,合わない,ナビ個別指導学院 合わない,値あり,
ナビ個別指導学院,ナビ個別指導学院,不安・ネガティブ確認,向いてない,ナビ個別指導学院 向いてない,値あり,
ナビ個別指導学院,ナビ個別指導学院,不安・ネガティブ確認,やめたい,ナビ個別指導学院 やめたい,値あり,
ナビ個別指導学院,ナビ個別指導学院,不安・ネガティブ確認,辞めたい,ナビ個別指導学院 辞めたい,値あり,170
ナビ個別指導学院,ナビ個別指導学院,不安・ネガティブ確認,退会,ナビ個別指導学院 退会,値あり,40
ナビ個別指導学院,ナビ個別指導学院,不安・ネガティブ確認,解約,ナビ個別指導学院 解約,値あり,10
ナビ個別指導学院,ナビ個別指導学院,申込直前,無料体験,ナビ個別指導学院 無料体験,値あり,30
ナビ個別指導学院,ナビ個別指導学院,申込直前,体験,ナビ個別指導学院 体験,値あり,20
ナビ個別指導学院,ナビ個別指導学院,申込直前,体験授業,ナビ個別指導学院 体験授業,値あり,
ナビ個別指導学院,ナビ個別指導学院,申込直前,無料相談,ナビ個別指導学院 無料相談,値あり,
ナビ個別指導学院,ナビ個別指導学院,申込直前,資料請求,ナビ個別指導学院 資料請求,値あり,10
ナビ個別指導学院,ナビ個別指導学院,申込直前,申し込み,ナビ個別指導学院 申し込み,値あり,
ナビ個別指導学院,ナビ個別指導学院,申込直前,入会,ナビ個別指導学院 入会,値あり,
ナビ個別指導学院,ナビ個別指導学院,発達特性との相性,発達障害,ナビ個別指導学院 発達障害,値あり,10
ナビ個別指導学院,ナビ個別指導学院,発達特性との相性,発達障がい,ナビ個別指導学院 発達障がい,値あり,
ナビ個別指導学院,ナビ個別指導学院,発達特性との相性,グレーゾーン,ナビ個別指導学院 グレーゾーン,値あり,
ナビ個別指導学院,ナビ個別指導学院,発達特性との相性,ADHD,ナビ個別指導学院 ADHD,値あり,
ナビ個別指導学院,ナビ個別指導学院,発達特性との相性,ASD,ナビ個別指導学院 ASD,値あり,
ナビ個別指導学院,ナビ個別指導学院,発達特性との相性,自閉症,ナビ個別指導学院 自閉症,値あり,
ナビ個別指導学院,ナビ個別指導学院,発達特性との相性,LD,ナビ個別指導学院 LD,値あり,
ナビ個別指導学院,ナビ個別指導学院,発達特性との相性,学習障害,ナビ個別指導学院 学習障害,値あり,
ナビ個別指導学院,ナビ個別指導学院,発達特性との相性,境界知能,ナビ個別指導学院 境界知能,値あり,
ナビ個別指導学院,ナビ個別指導学院,発達特性との相性,不登校,ナビ個別指導学院 不登校,値あり,
ナビ個別指導学院,ナビ個別指導学院,対象・用途,小学生,ナビ個別指導学院 小学生,値あり,30
ナビ個別指導学院,ナビ個別指導学院,対象・用途,中学生,ナビ個別指導学院 中学生,値あり,10
ナビ個別指導学院,ナビ個別指導学院,対象・用途,高校生,ナビ個別指導学院 高校生,値あり,50
ナビ個別指導学院,ナビ個別指導学院,対象・用途,高校受験,ナビ個別指導学院 高校受験,値あり,10
ナビ個別指導学院,ナビ個別指導学院,対象・用途,中学受験,ナビ個別指導学院 中学受験,値あり,30
ナビ個別指導学院,ナビ個別指導学院,対象・用途,大学受験,ナビ個別指導学院 大学受験,値あり,20
ナビ個別指導学院,ナビ個別指導学院,追加：SERP・サジェスト由来,評判 悪い,ナビ個別指導学院 評判 悪い,値あり,880
ナビ個別指導学院,ナビ個別指導学院,追加：SERP・サジェスト由来,やばい,ナビ個別指導学院 やばい,値あり,1000
ナビ個別指導学院,ナビ個別指導学院,追加：SERP・サジェスト由来,知恵袋,ナビ個別指導学院 知恵袋,値あり,30
ナビ個別指導学院,ナビ個別指導学院,追加：SERP・サジェスト由来,2ch,ナビ個別指導学院 2ch,値あり,10
ナビ個別指導学院,ナビ個別指導学院,追加：SERP・サジェスト由来,料金表,ナビ個別指導学院 料金表,値あり,10
ナビ個別指導学院,ナビ個別指導学院,追加：SERP・サジェスト由来,授業料,ナビ個別指導学院 授業料,値あり,30
ナビ個別指導学院,ナビ個別指導学院,追加：SERP・サジェスト由来,夏期講習,ナビ個別指導学院 夏期講習,値あり,70
ナビ個別指導学院,ナビ個別指導学院,追加：SERP・サジェスト由来,意味ない,ナビ個別指導学院 意味ない,値あり,
ナビ個別指導学院,ナビ個別指導学院,追加：SERP・サジェスト由来,バイト,ナビ個別指導学院 バイト,値あり,1300
ナビ個別指導学院,ナビ個別指導学院,追加：SERP・サジェスト由来,求人,ナビ個別指導学院 求人,値あり,90
ナビ個別指導学院,ナビ個別指導学院,追加：KWP KeywordSeed由来,クチコミ,ナビ個別指導学院 クチコミ,値あり,880
ナビ個別指導学院,ナビ個別指導学院,追加：KWP KeywordSeed由来,やめとけ,ナビ個別指導学院 やめとけ,値あり,
ナビ個別指導学院,ナビ個別指導学院,追加：KWP KeywordSeed由来,合格実績,ナビ個別指導学院 合格実績,値あり,40
ナビ個別指導学院,ナビ個別指導学院,追加：KWP KeywordSeed由来,時間割,ナビ個別指導学院 時間割,値あり,390
ナビ個別指導学院,ナビ個別指導学院,追加：KWP KeywordSeed由来,キャンペーン,ナビ個別指導学院 キャンペーン,値あり,10
ナビ個別指導学院,ナビ個別指導学院,追加：KWP KeywordSeed由来,割引,ナビ個別指導学院 割引,値あり,
ナビ個別指導学院,ナビ個別指導学院,追加：KWP KeywordSeed由来,コース,ナビ個別指導学院 コース,値あり,
ナビ個別指導学院,ナビ個別指導学院,追加：KWP KeywordSeed由来,春期講習,ナビ個別指導学院 春期講習,値あり,30
ナビ個別指導学院,ナビ個別指導学院,追加：KWP KeywordSeed由来,冬期講習,ナビ個別指導学院 冬期講習,値あり,50
ナビ個別指導学院,ナビ個別指導学院,追加：KWP KeywordSeed由来,電話番号,ナビ個別指導学院 電話番号,値あり,50
ナビ個別指導学院,ナビ個別指導学院,追加：KWP KeywordSeed由来,ホームページ,ナビ個別指導学院 ホームページ,値あり,10
ナビ個別指導学院,ナビ個別指導学院,追加：KWP KeywordSeed由来,株式会社,ナビ個別指導学院 株式会社,値あり,
ナビ個別指導学院,ナビ個別指導学院,追加：KWP KeywordSeed由来,講師,ナビ個別指導学院 講師,値あり,50
ナビ個別指導学院,ナビ個別指導学院,追加：KWP KeywordSeed由来,とは,ナビ個別指導学院 とは,値あり,
ナビ個別指導学院,ナビ個別指導学院,発達特性×口コミ,発達障害 口コミ,ナビ個別指導学院 発達障害 口コミ,値あり,
ナビ個別指導学院,ナビ個別指導学院,発達特性×口コミ,発達障がい 口コミ,ナビ個別指導学院 発達障がい 口コミ,値あり,
ナビ個別指導学院,ナビ個別指導学院,発達特性×口コミ,グレーゾーン 口コミ,ナビ個別指導学院 グレーゾーン 口コミ,値あり,
ナビ個別指導学院,ナビ個別指導学院,発達特性×口コミ,ADHD 口コミ,ナビ個別指導学院 ADHD 口コミ,値あり,
ナビ個別指導学院,ナビ個別指導学院,発達特性×口コミ,ASD 口コミ,ナビ個別指導学院 ASD 口コミ,値あり,
ナビ個別指導学院,ナビ個別指導学院,発達特性×口コミ,自閉症 口コミ,ナビ個別指導学院 自閉症 口コミ,値あり,
ナビ個別指導学院,ナビ個別指導学院,発達特性×口コミ,LD 口コミ,ナビ個別指導学院 LD 口コミ,値あり,
ナビ個別指導学院,ナビ個別指導学院,発達特性×口コミ,学習障害 口コミ,ナビ個別指導学院 学習障害 口コミ,値あり,
ナビ個別指導学院,ナビ個別指導学院,発達特性×口コミ,境界知能 口コミ,ナビ個別指導学院 境界知能 口コミ,値あり,
ナビ個別指導学院,ナビ個別指導学院,発達特性×口コミ,不登校 口コミ,ナビ個別指導学院 不登校 口コミ,値あり,
ナビ個別指導学院,ナビ個別指導学院,発達特性×評判,発達障害 評判,ナビ個別指導学院 発達障害 評判,値あり,
ナビ個別指導学院,ナビ個別指導学院,発達特性×評判,発達障がい 評判,ナビ個別指導学院 発達障がい 評判,値あり,
ナビ個別指導学院,ナビ個別指導学院,発達特性×評判,グレーゾーン 評判,ナビ個別指導学院 グレーゾーン 評判,値あり,
ナビ個別指導学院,ナビ個別指導学院,発達特性×評判,ADHD 評判,ナビ個別指導学院 ADHD 評判,値あり,
ナビ個別指導学院,ナビ個別指導学院,発達特性×評判,ASD 評判,ナビ個別指導学院 ASD 評判,値あり,
ナビ個別指導学院,ナビ個別指導学院,発達特性×評判,自閉症 評判,ナビ個別指導学院 自閉症 評判,値あり,
ナビ個別指導学院,ナビ個別指導学院,発達特性×評判,LD 評判,ナビ個別指導学院 LD 評判,値あり,
ナビ個別指導学院,ナビ個別指導学院,発達特性×評判,学習障害 評判,ナビ個別指導学院 学習障害 評判,値あり,
ナビ個別指導学院,ナビ個別指導学院,発達特性×評判,境界知能 評判,ナビ個別指導学院 境界知能 評判,値あり,
ナビ個別指導学院,ナビ個別指導学院,発達特性×評判,不登校 評判,ナビ個別指導学院 不登校 評判,値あり,
ナビ個別指導学院,ナビ個別指導学院,発達特性×料金,発達障害 料金,ナビ個別指導学院 発達障害 料金,値あり,
ナビ個別指導学院,ナビ個別指導学院,発達特性×料金,発達障がい 料金,ナビ個別指導学院 発達障がい 料金,値あり,
ナビ個別指導学院,ナビ個別指導学院,発達特性×料金,グレーゾーン 料金,ナビ個別指導学院 グレーゾーン 料金,値あり,
ナビ個別指導学院,ナビ個別指導学院,発達特性×料金,ADHD 料金,ナビ個別指導学院 ADHD 料金,値あり,
ナビ個別指導学院,ナビ個別指導学院,発達特性×料金,ASD 料金,ナビ個別指導学院 ASD 料金,値あり,
ナビ個別指導学院,ナビ個別指導学院,発達特性×料金,自閉症 料金,ナビ個別指導学院 自閉症 料金,値あり,
ナビ個別指導学院,ナビ個別指導学院,発達特性×料金,LD 料金,ナビ個別指導学院 LD 料金,値あり,
ナビ個別指導学院,ナビ個別指導学院,発達特性×料金,学習障害 料金,ナビ個別指導学院 学習障害 料金,値あり,
ナビ個別指導学院,ナビ個別指導学院,発達特性×料金,境界知能 料金,ナビ個別指導学院 境界知能 料金,値あり,
ナビ個別指導学院,ナビ個別指導学院,発達特性×料金,不登校 料金,ナビ個別指導学院 不登校 料金,値あり,
ナビ個別指導学院,ナビ個別,評判・第三者評価,口コミ,ナビ個別 口コミ,値あり,30
ナビ個別指導学院,ナビ個別,評判・第三者評価,評判,ナビ個別 評判,値あり,10
ナビ個別指導学院,ナビ個別,評判・第三者評価,レビュー,ナビ個別 レビュー,値あり,
ナビ個別指導学院,ナビ個別,評判・第三者評価,体験談,ナビ個別 体験談,値あり,
ナビ個別指導学院,ナビ個別,評判・第三者評価,感想,ナビ個別 感想,値あり,
ナビ個別指導学院,ナビ個別,評判・第三者評価,評価,ナビ個別 評価,値あり,
ナビ個別指導学院,ナビ個別,料金・契約,料金,ナビ個別 料金,値あり,320
ナビ個別指導学院,ナビ個別,料金・契約,費用,ナビ個別 費用,値あり,
ナビ個別指導学院,ナビ個別,料金・契約,月謝,ナビ個別 月謝,値あり,10
ナビ個別指導学院,ナビ個別,料金・契約,値段,ナビ個別 値段,値あり,
ナビ個別指導学院,ナビ個別,料金・契約,価格,ナビ個別 価格,値あり,
ナビ個別指導学院,ナビ個別,料金・契約,入会金,ナビ個別 入会金,値あり,10
ナビ個別指導学院,ナビ個別,料金・契約,教材費,ナビ個別 教材費,値あり,
ナビ個別指導学院,ナビ個別,料金・契約,高い,ナビ個別 高い,値あり,
ナビ個別指導学院,ナビ個別,料金・契約,安い,ナビ個別 安い,値あり,
ナビ個別指導学院,ナビ個別,比較・選択,比較,ナビ個別 比較,値あり,
ナビ個別指導学院,ナビ個別,比較・選択,違い,ナビ個別 違い,値あり,
ナビ個別指導学院,ナビ個別,比較・選択,どっち,ナビ個別 どっち,値あり,
ナビ個別指導学院,ナビ個別,比較・選択,おすすめ,ナビ個別 おすすめ,値あり,
ナビ個別指導学院,ナビ個別,比較・選択,他社,ナビ個別 他社,値あり,
ナビ個別指導学院,ナビ個別,比較・選択,ランキング,ナビ個別 ランキング,値あり,
ナビ個別指導学院,ナビ個別,不安・ネガティブ確認,デメリット,ナビ個別 デメリット,値あり,
ナビ個別指導学院,ナビ個別,不安・ネガティブ確認,メリット,ナビ個別 メリット,値あり,
ナビ個別指導学院,ナビ個別,不安・ネガティブ確認,怪しい,ナビ個別 怪しい,値あり,
ナビ個別指導学院,ナビ個別,不安・ネガティブ確認,最悪,ナビ個別 最悪,値あり,
ナビ個別指導学院,ナビ個別,不安・ネガティブ確認,失敗,ナビ個別 失敗,値あり,
ナビ個別指導学院,ナビ個別,不安・ネガティブ確認,後悔,ナビ個別 後悔,値あり,
ナビ個別指導学院,ナビ個別,不安・ネガティブ確認,合わない,ナビ個別 合わない,値あり,
ナビ個別指導学院,ナビ個別,不安・ネガティブ確認,向いてない,ナビ個別 向いてない,値あり,
ナビ個別指導学院,ナビ個別,不安・ネガティブ確認,やめたい,ナビ個別 やめたい,値あり,
ナビ個別指導学院,ナビ個別,不安・ネガティブ確認,辞めたい,ナビ個別 辞めたい,値あり,
ナビ個別指導学院,ナビ個別,不安・ネガティブ確認,退会,ナビ個別 退会,値あり,10
ナビ個別指導学院,ナビ個別,不安・ネガティブ確認,解約,ナビ個別 解約,値あり,
ナビ個別指導学院,ナビ個別,申込直前,無料体験,ナビ個別 無料体験,値あり,
ナビ個別指導学院,ナビ個別,申込直前,体験,ナビ個別 体験,値あり,
ナビ個別指導学院,ナビ個別,申込直前,体験授業,ナビ個別 体験授業,値あり,
ナビ個別指導学院,ナビ個別,申込直前,無料相談,ナビ個別 無料相談,値あり,
ナビ個別指導学院,ナビ個別,申込直前,資料請求,ナビ個別 資料請求,値あり,
ナビ個別指導学院,ナビ個別,申込直前,申し込み,ナビ個別 申し込み,値あり,
ナビ個別指導学院,ナビ個別,申込直前,入会,ナビ個別 入会,値あり,
ナビ個別指導学院,ナビ個別,発達特性との相性,発達障害,ナビ個別 発達障害,値あり,
ナビ個別指導学院,ナビ個別,発達特性との相性,発達障がい,ナビ個別 発達障がい,値あり,
ナビ個別指導学院,ナビ個別,発達特性との相性,グレーゾーン,ナビ個別 グレーゾーン,値あり,
ナビ個別指導学院,ナビ個別,発達特性との相性,ADHD,ナビ個別 ADHD,値あり,
ナビ個別指導学院,ナビ個別,発達特性との相性,ASD,ナビ個別 ASD,値あり,
ナビ個別指導学院,ナビ個別,発達特性との相性,自閉症,ナビ個別 自閉症,値あり,
ナビ個別指導学院,ナビ個別,発達特性との相性,LD,ナビ個別 LD,値あり,
ナビ個別指導学院,ナビ個別,発達特性との相性,学習障害,ナビ個別 学習障害,値あり,
ナビ個別指導学院,ナビ個別,発達特性との相性,境界知能,ナビ個別 境界知能,値あり,
ナビ個別指導学院,ナビ個別,発達特性との相性,不登校,ナビ個別 不登校,値あり,
ナビ個別指導学院,ナビ個別,対象・用途,小学生,ナビ個別 小学生,値あり,
ナビ個別指導学院,ナビ個別,対象・用途,中学生,ナビ個別 中学生,値あり,
ナビ個別指導学院,ナビ個別,対象・用途,高校生,ナビ個別 高校生,値あり,
ナビ個別指導学院,ナビ個別,対象・用途,高校受験,ナビ個別 高校受験,値あり,
ナビ個別指導学院,ナビ個別,対象・用途,中学受験,ナビ個別 中学受験,値あり,
ナビ個別指導学院,ナビ個別,対象・用途,大学受験,ナビ個別 大学受験,値あり,
ナビ個別指導学院,ナビ個別,追加：SERP・サジェスト由来,評判 悪い,ナビ個別 評判 悪い,値あり,
ナビ個別指導学院,ナビ個別,追加：SERP・サジェスト由来,やばい,ナビ個別 やばい,値あり,
ナビ個別指導学院,ナビ個別,追加：SERP・サジェスト由来,知恵袋,ナビ個別 知恵袋,値あり,
ナビ個別指導学院,ナビ個別,追加：SERP・サジェスト由来,2ch,ナビ個別 2ch,値あり,10
ナビ個別指導学院,ナビ個別,追加：SERP・サジェスト由来,料金表,ナビ個別 料金表,値あり,
ナビ個別指導学院,ナビ個別,追加：SERP・サジェスト由来,授業料,ナビ個別 授業料,値あり,10
ナビ個別指導学院,ナビ個別,追加：SERP・サジェスト由来,夏期講習,ナビ個別 夏期講習,値あり,30
ナビ個別指導学院,ナビ個別,追加：SERP・サジェスト由来,意味ない,ナビ個別 意味ない,値あり,
ナビ個別指導学院,ナビ個別,追加：SERP・サジェスト由来,バイト,ナビ個別 バイト,値あり,70
ナビ個別指導学院,ナビ個別,追加：SERP・サジェスト由来,求人,ナビ個別 求人,値あり,
ナビ個別指導学院,ナビ個別,追加：KWP KeywordSeed由来,クチコミ,ナビ個別 クチコミ,値あり,
ナビ個別指導学院,ナビ個別,追加：KWP KeywordSeed由来,やめとけ,ナビ個別 やめとけ,値あり,
ナビ個別指導学院,ナビ個別,追加：KWP KeywordSeed由来,合格実績,ナビ個別 合格実績,値あり,
ナビ個別指導学院,ナビ個別,追加：KWP KeywordSeed由来,時間割,ナビ個別 時間割,値あり,50
ナビ個別指導学院,ナビ個別,追加：KWP KeywordSeed由来,キャンペーン,ナビ個別 キャンペーン,値あり,
ナビ個別指導学院,ナビ個別,追加：KWP KeywordSeed由来,割引,ナビ個別 割引,値あり,
ナビ個別指導学院,ナビ個別,追加：KWP KeywordSeed由来,コース,ナビ個別 コース,値あり,
ナビ個別指導学院,ナビ個別,追加：KWP KeywordSeed由来,春期講習,ナビ個別 春期講習,値あり,10
ナビ個別指導学院,ナビ個別,追加：KWP KeywordSeed由来,冬期講習,ナビ個別 冬期講習,値あり,10
ナビ個別指導学院,ナビ個別,追加：KWP KeywordSeed由来,電話番号,ナビ個別 電話番号,値あり,
ナビ個別指導学院,ナビ個別,追加：KWP KeywordSeed由来,ホームページ,ナビ個別 ホームページ,値あり,
ナビ個別指導学院,ナビ個別,追加：KWP KeywordSeed由来,株式会社,ナビ個別 株式会社,値あり,
ナビ個別指導学院,ナビ個別,追加：KWP KeywordSeed由来,講師,ナビ個別 講師,値あり,10
ナビ個別指導学院,ナビ個別,追加：KWP KeywordSeed由来,とは,ナビ個別 とは,値あり,
栄光の個別ビザビ,ビザビ,評判・第三者評価,口コミ,ビザビ 口コミ,値あり,20
栄光の個別ビザビ,ビザビ,評判・第三者評価,評判,ビザビ 評判,値あり,20
栄光の個別ビザビ,ビザビ,評判・第三者評価,レビュー,ビザビ レビュー,値あり,
栄光の個別ビザビ,ビザビ,評判・第三者評価,体験談,ビザビ 体験談,値あり,
栄光の個別ビザビ,ビザビ,評判・第三者評価,感想,ビザビ 感想,値あり,
栄光の個別ビザビ,ビザビ,評判・第三者評価,評価,ビザビ 評価,値あり,
栄光の個別ビザビ,ビザビ,料金・契約,料金,ビザビ 料金,値あり,90
栄光の個別ビザビ,ビザビ,料金・契約,費用,ビザビ 費用,値あり,10
栄光の個別ビザビ,ビザビ,料金・契約,月謝,ビザビ 月謝,値あり,10
栄光の個別ビザビ,ビザビ,料金・契約,値段,ビザビ 値段,値あり,10
栄光の個別ビザビ,ビザビ,料金・契約,価格,ビザビ 価格,値あり,
栄光の個別ビザビ,ビザビ,料金・契約,入会金,ビザビ 入会金,値あり,
栄光の個別ビザビ,ビザビ,料金・契約,教材費,ビザビ 教材費,値あり,
栄光の個別ビザビ,ビザビ,料金・契約,高い,ビザビ 高い,値あり,
栄光の個別ビザビ,ビザビ,料金・契約,安い,ビザビ 安い,値あり,
栄光の個別ビザビ,ビザビ,比較・選択,比較,ビザビ 比較,値あり,
栄光の個別ビザビ,ビザビ,比較・選択,違い,ビザビ 違い,値あり,
栄光の個別ビザビ,ビザビ,比較・選択,どっち,ビザビ どっち,値あり,
栄光の個別ビザビ,ビザビ,比較・選択,おすすめ,ビザビ おすすめ,値あり,
栄光の個別ビザビ,ビザビ,比較・選択,他社,ビザビ 他社,値あり,
栄光の個別ビザビ,ビザビ,比較・選択,ランキング,ビザビ ランキング,値あり,
栄光の個別ビザビ,ビザビ,不安・ネガティブ確認,デメリット,ビザビ デメリット,値あり,
栄光の個別ビザビ,ビザビ,不安・ネガティブ確認,メリット,ビザビ メリット,値あり,
栄光の個別ビザビ,ビザビ,不安・ネガティブ確認,怪しい,ビザビ 怪しい,値あり,
栄光の個別ビザビ,ビザビ,不安・ネガティブ確認,最悪,ビザビ 最悪,値あり,
栄光の個別ビザビ,ビザビ,不安・ネガティブ確認,失敗,ビザビ 失敗,値あり,
栄光の個別ビザビ,ビザビ,不安・ネガティブ確認,後悔,ビザビ 後悔,値あり,
栄光の個別ビザビ,ビザビ,不安・ネガティブ確認,合わない,ビザビ 合わない,値あり,
栄光の個別ビザビ,ビザビ,不安・ネガティブ確認,向いてない,ビザビ 向いてない,値あり,
栄光の個別ビザビ,ビザビ,不安・ネガティブ確認,やめたい,ビザビ やめたい,値あり,
栄光の個別ビザビ,ビザビ,不安・ネガティブ確認,辞めたい,ビザビ 辞めたい,値あり,
栄光の個別ビザビ,ビザビ,不安・ネガティブ確認,退会,ビザビ 退会,値あり,
栄光の個別ビザビ,ビザビ,不安・ネガティブ確認,解約,ビザビ 解約,値あり,
栄光の個別ビザビ,ビザビ,申込直前,無料体験,ビザビ 無料体験,値あり,
栄光の個別ビザビ,ビザビ,申込直前,体験,ビザビ 体験,値あり,
栄光の個別ビザビ,ビザビ,申込直前,体験授業,ビザビ 体験授業,値あり,
栄光の個別ビザビ,ビザビ,申込直前,無料相談,ビザビ 無料相談,値あり,
栄光の個別ビザビ,ビザビ,申込直前,資料請求,ビザビ 資料請求,値あり,
栄光の個別ビザビ,ビザビ,申込直前,申し込み,ビザビ 申し込み,値あり,
栄光の個別ビザビ,ビザビ,申込直前,入会,ビザビ 入会,値あり,
栄光の個別ビザビ,ビザビ,発達特性との相性,発達障害,ビザビ 発達障害,値あり,
栄光の個別ビザビ,ビザビ,発達特性との相性,発達障がい,ビザビ 発達障がい,値あり,
栄光の個別ビザビ,ビザビ,発達特性との相性,グレーゾーン,ビザビ グレーゾーン,値あり,
栄光の個別ビザビ,ビザビ,発達特性との相性,ADHD,ビザビ ADHD,値あり,
栄光の個別ビザビ,ビザビ,発達特性との相性,ASD,ビザビ ASD,値あり,
栄光の個別ビザビ,ビザビ,発達特性との相性,自閉症,ビザビ 自閉症,値あり,
栄光の個別ビザビ,ビザビ,発達特性との相性,LD,ビザビ LD,値あり,
栄光の個別ビザビ,ビザビ,発達特性との相性,学習障害,ビザビ 学習障害,値あり,
栄光の個別ビザビ,ビザビ,発達特性との相性,境界知能,ビザビ 境界知能,値あり,
栄光の個別ビザビ,ビザビ,発達特性との相性,不登校,ビザビ 不登校,値あり,
栄光の個別ビザビ,ビザビ,対象・用途,小学生,ビザビ 小学生,値あり,
栄光の個別ビザビ,ビザビ,対象・用途,中学生,ビザビ 中学生,値あり,
栄光の個別ビザビ,ビザビ,対象・用途,高校生,ビザビ 高校生,値あり,
栄光の個別ビザビ,ビザビ,対象・用途,高校受験,ビザビ 高校受験,値あり,
栄光の個別ビザビ,ビザビ,対象・用途,中学受験,ビザビ 中学受験,値あり,40
栄光の個別ビザビ,ビザビ,対象・用途,大学受験,ビザビ 大学受験,値あり,10
栄光の個別ビザビ,ビザビ,追加：SERP・サジェスト由来,評判 悪い,ビザビ 評判 悪い,値あり,
栄光の個別ビザビ,ビザビ,追加：SERP・サジェスト由来,やばい,ビザビ やばい,値あり,
栄光の個別ビザビ,ビザビ,追加：SERP・サジェスト由来,知恵袋,ビザビ 知恵袋,値あり,
栄光の個別ビザビ,ビザビ,追加：SERP・サジェスト由来,2ch,ビザビ 2ch,値あり,
栄光の個別ビザビ,ビザビ,追加：SERP・サジェスト由来,料金表,ビザビ 料金表,値あり,10
栄光の個別ビザビ,ビザビ,追加：SERP・サジェスト由来,授業料,ビザビ 授業料,値あり,10
栄光の個別ビザビ,ビザビ,追加：SERP・サジェスト由来,夏期講習,ビザビ 夏期講習,値あり,10
栄光の個別ビザビ,ビザビ,追加：SERP・サジェスト由来,意味ない,ビザビ 意味ない,値あり,
栄光の個別ビザビ,ビザビ,追加：SERP・サジェスト由来,バイト,ビザビ バイト,値あり,50
栄光の個別ビザビ,ビザビ,追加：SERP・サジェスト由来,求人,ビザビ 求人,値あり,20
栄光の個別ビザビ,ビザビ,追加：KWP KeywordSeed由来,クチコミ,ビザビ クチコミ,値あり,
栄光の個別ビザビ,ビザビ,追加：KWP KeywordSeed由来,やめとけ,ビザビ やめとけ,値あり,
栄光の個別ビザビ,ビザビ,追加：KWP KeywordSeed由来,合格実績,ビザビ 合格実績,値あり,10
栄光の個別ビザビ,ビザビ,追加：KWP KeywordSeed由来,時間割,ビザビ 時間割,値あり,20
栄光の個別ビザビ,ビザビ,追加：KWP KeywordSeed由来,キャンペーン,ビザビ キャンペーン,値あり,
栄光の個別ビザビ,ビザビ,追加：KWP KeywordSeed由来,割引,ビザビ 割引,値あり,
栄光の個別ビザビ,ビザビ,追加：KWP KeywordSeed由来,コース,ビザビ コース,値あり,
栄光の個別ビザビ,ビザビ,追加：KWP KeywordSeed由来,春期講習,ビザビ 春期講習,値あり,10
栄光の個別ビザビ,ビザビ,追加：KWP KeywordSeed由来,冬期講習,ビザビ 冬期講習,値あり,10
栄光の個別ビザビ,ビザビ,追加：KWP KeywordSeed由来,電話番号,ビザビ 電話番号,値あり,
栄光の個別ビザビ,ビザビ,追加：KWP KeywordSeed由来,ホームページ,ビザビ ホームページ,値あり,
栄光の個別ビザビ,ビザビ,追加：KWP KeywordSeed由来,株式会社,ビザビ 株式会社,値あり,
栄光の個別ビザビ,ビザビ,追加：KWP KeywordSeed由来,講師,ビザビ 講師,値あり,
栄光の個別ビザビ,ビザビ,追加：KWP KeywordSeed由来,とは,ビザビ とは,値あり,10
栄光の個別ビザビ,ビザビ,発達特性×口コミ,発達障害 口コミ,ビザビ 発達障害 口コミ,値あり,
栄光の個別ビザビ,ビザビ,発達特性×口コミ,発達障がい 口コミ,ビザビ 発達障がい 口コミ,値あり,
栄光の個別ビザビ,ビザビ,発達特性×口コミ,グレーゾーン 口コミ,ビザビ グレーゾーン 口コミ,値あり,
栄光の個別ビザビ,ビザビ,発達特性×口コミ,ADHD 口コミ,ビザビ ADHD 口コミ,値あり,
栄光の個別ビザビ,ビザビ,発達特性×口コミ,ASD 口コミ,ビザビ ASD 口コミ,値あり,
栄光の個別ビザビ,ビザビ,発達特性×口コミ,自閉症 口コミ,ビザビ 自閉症 口コミ,値あり,
栄光の個別ビザビ,ビザビ,発達特性×口コミ,LD 口コミ,ビザビ LD 口コミ,値あり,
栄光の個別ビザビ,ビザビ,発達特性×口コミ,学習障害 口コミ,ビザビ 学習障害 口コミ,値あり,
栄光の個別ビザビ,ビザビ,発達特性×口コミ,境界知能 口コミ,ビザビ 境界知能 口コミ,値あり,
栄光の個別ビザビ,ビザビ,発達特性×口コミ,不登校 口コミ,ビザビ 不登校 口コミ,値あり,
栄光の個別ビザビ,ビザビ,発達特性×評判,発達障害 評判,ビザビ 発達障害 評判,値あり,
栄光の個別ビザビ,ビザビ,発達特性×評判,発達障がい 評判,ビザビ 発達障がい 評判,値あり,
栄光の個別ビザビ,ビザビ,発達特性×評判,グレーゾーン 評判,ビザビ グレーゾーン 評判,値あり,
栄光の個別ビザビ,ビザビ,発達特性×評判,ADHD 評判,ビザビ ADHD 評判,値あり,
栄光の個別ビザビ,ビザビ,発達特性×評判,ASD 評判,ビザビ ASD 評判,値あり,
栄光の個別ビザビ,ビザビ,発達特性×評判,自閉症 評判,ビザビ 自閉症 評判,値あり,
栄光の個別ビザビ,ビザビ,発達特性×評判,LD 評判,ビザビ LD 評判,値あり,
栄光の個別ビザビ,ビザビ,発達特性×評判,学習障害 評判,ビザビ 学習障害 評判,値あり,
栄光の個別ビザビ,ビザビ,発達特性×評判,境界知能 評判,ビザビ 境界知能 評判,値あり,
栄光の個別ビザビ,ビザビ,発達特性×評判,不登校 評判,ビザビ 不登校 評判,値あり,
栄光の個別ビザビ,ビザビ,発達特性×料金,発達障害 料金,ビザビ 発達障害 料金,値あり,
栄光の個別ビザビ,ビザビ,発達特性×料金,発達障がい 料金,ビザビ 発達障がい 料金,値あり,
栄光の個別ビザビ,ビザビ,発達特性×料金,グレーゾーン 料金,ビザビ グレーゾーン 料金,値あり,
栄光の個別ビザビ,ビザビ,発達特性×料金,ADHD 料金,ビザビ ADHD 料金,値あり,
栄光の個別ビザビ,ビザビ,発達特性×料金,ASD 料金,ビザビ ASD 料金,値あり,
栄光の個別ビザビ,ビザビ,発達特性×料金,自閉症 料金,ビザビ 自閉症 料金,値あり,
栄光の個別ビザビ,ビザビ,発達特性×料金,LD 料金,ビザビ LD 料金,値あり,
栄光の個別ビザビ,ビザビ,発達特性×料金,学習障害 料金,ビザビ 学習障害 料金,値あり,
栄光の個別ビザビ,ビザビ,発達特性×料金,境界知能 料金,ビザビ 境界知能 料金,値あり,
栄光の個別ビザビ,ビザビ,発達特性×料金,不登校 料金,ビザビ 不登校 料金,値あり,
栄光の個別ビザビ,栄光ビザビ,評判・第三者評価,口コミ,栄光ビザビ 口コミ,値あり,40
栄光の個別ビザビ,栄光ビザビ,評判・第三者評価,評判,栄光ビザビ 評判,値あり,10
栄光の個別ビザビ,栄光ビザビ,評判・第三者評価,レビュー,栄光ビザビ レビュー,値あり,
栄光の個別ビザビ,栄光ビザビ,評判・第三者評価,体験談,栄光ビザビ 体験談,値あり,
栄光の個別ビザビ,栄光ビザビ,評判・第三者評価,感想,栄光ビザビ 感想,値あり,
栄光の個別ビザビ,栄光ビザビ,評判・第三者評価,評価,栄光ビザビ 評価,値あり,
栄光の個別ビザビ,栄光ビザビ,料金・契約,料金,栄光ビザビ 料金,値あり,140
栄光の個別ビザビ,栄光ビザビ,料金・契約,費用,栄光ビザビ 費用,値あり,
栄光の個別ビザビ,栄光ビザビ,料金・契約,月謝,栄光ビザビ 月謝,値あり,10
栄光の個別ビザビ,栄光ビザビ,料金・契約,値段,栄光ビザビ 値段,値あり,
栄光の個別ビザビ,栄光ビザビ,料金・契約,価格,栄光ビザビ 価格,値あり,
栄光の個別ビザビ,栄光ビザビ,料金・契約,入会金,栄光ビザビ 入会金,値あり,
栄光の個別ビザビ,栄光ビザビ,料金・契約,教材費,栄光ビザビ 教材費,値あり,
栄光の個別ビザビ,栄光ビザビ,料金・契約,高い,栄光ビザビ 高い,値あり,
栄光の個別ビザビ,栄光ビザビ,料金・契約,安い,栄光ビザビ 安い,値あり,
栄光の個別ビザビ,栄光ビザビ,比較・選択,比較,栄光ビザビ 比較,値あり,
栄光の個別ビザビ,栄光ビザビ,比較・選択,違い,栄光ビザビ 違い,値あり,
栄光の個別ビザビ,栄光ビザビ,比較・選択,どっち,栄光ビザビ どっち,値あり,
栄光の個別ビザビ,栄光ビザビ,比較・選択,おすすめ,栄光ビザビ おすすめ,値あり,
栄光の個別ビザビ,栄光ビザビ,比較・選択,他社,栄光ビザビ 他社,値あり,
栄光の個別ビザビ,栄光ビザビ,比較・選択,ランキング,栄光ビザビ ランキング,値あり,
栄光の個別ビザビ,栄光ビザビ,不安・ネガティブ確認,デメリット,栄光ビザビ デメリット,値あり,
栄光の個別ビザビ,栄光ビザビ,不安・ネガティブ確認,メリット,栄光ビザビ メリット,値あり,
栄光の個別ビザビ,栄光ビザビ,不安・ネガティブ確認,怪しい,栄光ビザビ 怪しい,値あり,
栄光の個別ビザビ,栄光ビザビ,不安・ネガティブ確認,最悪,栄光ビザビ 最悪,値あり,
栄光の個別ビザビ,栄光ビザビ,不安・ネガティブ確認,失敗,栄光ビザビ 失敗,値あり,
栄光の個別ビザビ,栄光ビザビ,不安・ネガティブ確認,後悔,栄光ビザビ 後悔,値あり,
栄光の個別ビザビ,栄光ビザビ,不安・ネガティブ確認,合わない,栄光ビザビ 合わない,値あり,
栄光の個別ビザビ,栄光ビザビ,不安・ネガティブ確認,向いてない,栄光ビザビ 向いてない,値あり,
栄光の個別ビザビ,栄光ビザビ,不安・ネガティブ確認,やめたい,栄光ビザビ やめたい,値あり,
栄光の個別ビザビ,栄光ビザビ,不安・ネガティブ確認,辞めたい,栄光ビザビ 辞めたい,値あり,
栄光の個別ビザビ,栄光ビザビ,不安・ネガティブ確認,退会,栄光ビザビ 退会,値あり,10
栄光の個別ビザビ,栄光ビザビ,不安・ネガティブ確認,解約,栄光ビザビ 解約,値あり,
栄光の個別ビザビ,栄光ビザビ,申込直前,無料体験,栄光ビザビ 無料体験,値あり,
栄光の個別ビザビ,栄光ビザビ,申込直前,体験,栄光ビザビ 体験,値あり,
栄光の個別ビザビ,栄光ビザビ,申込直前,体験授業,栄光ビザビ 体験授業,値あり,
栄光の個別ビザビ,栄光ビザビ,申込直前,無料相談,栄光ビザビ 無料相談,値あり,
栄光の個別ビザビ,栄光ビザビ,申込直前,資料請求,栄光ビザビ 資料請求,値あり,
栄光の個別ビザビ,栄光ビザビ,申込直前,申し込み,栄光ビザビ 申し込み,値あり,
栄光の個別ビザビ,栄光ビザビ,申込直前,入会,栄光ビザビ 入会,値あり,
栄光の個別ビザビ,栄光ビザビ,発達特性との相性,発達障害,栄光ビザビ 発達障害,値あり,
栄光の個別ビザビ,栄光ビザビ,発達特性との相性,発達障がい,栄光ビザビ 発達障がい,値あり,
栄光の個別ビザビ,栄光ビザビ,発達特性との相性,グレーゾーン,栄光ビザビ グレーゾーン,値あり,
栄光の個別ビザビ,栄光ビザビ,発達特性との相性,ADHD,栄光ビザビ ADHD,値あり,
栄光の個別ビザビ,栄光ビザビ,発達特性との相性,ASD,栄光ビザビ ASD,値あり,
栄光の個別ビザビ,栄光ビザビ,発達特性との相性,自閉症,栄光ビザビ 自閉症,値あり,
栄光の個別ビザビ,栄光ビザビ,発達特性との相性,LD,栄光ビザビ LD,値あり,
栄光の個別ビザビ,栄光ビザビ,発達特性との相性,学習障害,栄光ビザビ 学習障害,値あり,
栄光の個別ビザビ,栄光ビザビ,発達特性との相性,境界知能,栄光ビザビ 境界知能,値あり,
栄光の個別ビザビ,栄光ビザビ,発達特性との相性,不登校,栄光ビザビ 不登校,値あり,
栄光の個別ビザビ,栄光ビザビ,対象・用途,小学生,栄光ビザビ 小学生,値あり,
栄光の個別ビザビ,栄光ビザビ,対象・用途,中学生,栄光ビザビ 中学生,値あり,
栄光の個別ビザビ,栄光ビザビ,対象・用途,高校生,栄光ビザビ 高校生,値あり,10
栄光の個別ビザビ,栄光ビザビ,対象・用途,高校受験,栄光ビザビ 高校受験,値あり,
栄光の個別ビザビ,栄光ビザビ,対象・用途,中学受験,栄光ビザビ 中学受験,値あり,20
栄光の個別ビザビ,栄光ビザビ,対象・用途,大学受験,栄光ビザビ 大学受験,値あり,10
栄光の個別ビザビ,栄光ビザビ,追加：SERP・サジェスト由来,評判 悪い,栄光ビザビ 評判 悪い,値あり,
栄光の個別ビザビ,栄光ビザビ,追加：SERP・サジェスト由来,やばい,栄光ビザビ やばい,値あり,30
栄光の個別ビザビ,栄光ビザビ,追加：SERP・サジェスト由来,知恵袋,栄光ビザビ 知恵袋,値あり,
栄光の個別ビザビ,栄光ビザビ,追加：SERP・サジェスト由来,2ch,栄光ビザビ 2ch,値あり,
栄光の個別ビザビ,栄光ビザビ,追加：SERP・サジェスト由来,料金表,栄光ビザビ 料金表,値あり,
栄光の個別ビザビ,栄光ビザビ,追加：SERP・サジェスト由来,授業料,栄光ビザビ 授業料,値あり,10
栄光の個別ビザビ,栄光ビザビ,追加：SERP・サジェスト由来,夏期講習,栄光ビザビ 夏期講習,値あり,20
栄光の個別ビザビ,栄光ビザビ,追加：SERP・サジェスト由来,意味ない,栄光ビザビ 意味ない,値あり,
栄光の個別ビザビ,栄光ビザビ,追加：SERP・サジェスト由来,バイト,栄光ビザビ バイト,値あり,110
栄光の個別ビザビ,栄光ビザビ,追加：SERP・サジェスト由来,求人,栄光ビザビ 求人,値あり,
栄光の個別ビザビ,栄光ビザビ,追加：KWP KeywordSeed由来,クチコミ,栄光ビザビ クチコミ,値あり,
栄光の個別ビザビ,栄光ビザビ,追加：KWP KeywordSeed由来,やめとけ,栄光ビザビ やめとけ,値あり,
栄光の個別ビザビ,栄光ビザビ,追加：KWP KeywordSeed由来,合格実績,栄光ビザビ 合格実績,値あり,10
栄光の個別ビザビ,栄光ビザビ,追加：KWP KeywordSeed由来,時間割,栄光ビザビ 時間割,値あり,70
栄光の個別ビザビ,栄光ビザビ,追加：KWP KeywordSeed由来,キャンペーン,栄光ビザビ キャンペーン,値あり,
栄光の個別ビザビ,栄光ビザビ,追加：KWP KeywordSeed由来,割引,栄光ビザビ 割引,値あり,
栄光の個別ビザビ,栄光ビザビ,追加：KWP KeywordSeed由来,コース,栄光ビザビ コース,値あり,
栄光の個別ビザビ,栄光ビザビ,追加：KWP KeywordSeed由来,春期講習,栄光ビザビ 春期講習,値あり,10
栄光の個別ビザビ,栄光ビザビ,追加：KWP KeywordSeed由来,冬期講習,栄光ビザビ 冬期講習,値あり,10
栄光の個別ビザビ,栄光ビザビ,追加：KWP KeywordSeed由来,電話番号,栄光ビザビ 電話番号,値あり,
栄光の個別ビザビ,栄光ビザビ,追加：KWP KeywordSeed由来,ホームページ,栄光ビザビ ホームページ,値あり,
栄光の個別ビザビ,栄光ビザビ,追加：KWP KeywordSeed由来,株式会社,栄光ビザビ 株式会社,値あり,
栄光の個別ビザビ,栄光ビザビ,追加：KWP KeywordSeed由来,講師,栄光ビザビ 講師,値あり,10
栄光の個別ビザビ,栄光ビザビ,追加：KWP KeywordSeed由来,とは,栄光ビザビ とは,値あり,
個別指導Axis,アクシス 塾,評判・第三者評価,口コミ,アクシス 塾 口コミ,値あり,140
個別指導Axis,アクシス 塾,評判・第三者評価,評判,アクシス 塾 評判,値あり,40
個別指導Axis,アクシス 塾,評判・第三者評価,レビュー,アクシス 塾 レビュー,値あり,
個別指導Axis,アクシス 塾,評判・第三者評価,体験談,アクシス 塾 体験談,値あり,
個別指導Axis,アクシス 塾,評判・第三者評価,感想,アクシス 塾 感想,値あり,
個別指導Axis,アクシス 塾,評判・第三者評価,評価,アクシス 塾 評価,値あり,
個別指導Axis,アクシス 塾,料金・契約,料金,アクシス 塾 料金,値あり,480
個別指導Axis,アクシス 塾,料金・契約,費用,アクシス 塾 費用,値あり,20
個別指導Axis,アクシス 塾,料金・契約,月謝,アクシス 塾 月謝,値あり,30
個別指導Axis,アクシス 塾,料金・契約,値段,アクシス 塾 値段,値あり,20
個別指導Axis,アクシス 塾,料金・契約,価格,アクシス 塾 価格,値あり,
個別指導Axis,アクシス 塾,料金・契約,入会金,アクシス 塾 入会金,値あり,
個別指導Axis,アクシス 塾,料金・契約,教材費,アクシス 塾 教材費,値あり,
個別指導Axis,アクシス 塾,料金・契約,高い,アクシス 塾 高い,値あり,30
個別指導Axis,アクシス 塾,料金・契約,安い,アクシス 塾 安い,値あり,
個別指導Axis,アクシス 塾,比較・選択,比較,アクシス 塾 比較,値あり,
個別指導Axis,アクシス 塾,比較・選択,違い,アクシス 塾 違い,値あり,
個別指導Axis,アクシス 塾,比較・選択,どっち,アクシス 塾 どっち,値あり,
個別指導Axis,アクシス 塾,比較・選択,おすすめ,アクシス 塾 おすすめ,値あり,
個別指導Axis,アクシス 塾,比較・選択,他社,アクシス 塾 他社,値あり,
個別指導Axis,アクシス 塾,比較・選択,ランキング,アクシス 塾 ランキング,値あり,
個別指導Axis,アクシス 塾,不安・ネガティブ確認,デメリット,アクシス 塾 デメリット,値あり,
個別指導Axis,アクシス 塾,不安・ネガティブ確認,メリット,アクシス 塾 メリット,値あり,
個別指導Axis,アクシス 塾,不安・ネガティブ確認,怪しい,アクシス 塾 怪しい,値あり,
個別指導Axis,アクシス 塾,不安・ネガティブ確認,最悪,アクシス 塾 最悪,値あり,
個別指導Axis,アクシス 塾,不安・ネガティブ確認,失敗,アクシス 塾 失敗,値あり,
個別指導Axis,アクシス 塾,不安・ネガティブ確認,後悔,アクシス 塾 後悔,値あり,
個別指導Axis,アクシス 塾,不安・ネガティブ確認,合わない,アクシス 塾 合わない,値あり,
個別指導Axis,アクシス 塾,不安・ネガティブ確認,向いてない,アクシス 塾 向いてない,値あり,
個別指導Axis,アクシス 塾,不安・ネガティブ確認,やめたい,アクシス 塾 やめたい,値あり,
個別指導Axis,アクシス 塾,不安・ネガティブ確認,辞めたい,アクシス 塾 辞めたい,値あり,
個別指導Axis,アクシス 塾,不安・ネガティブ確認,退会,アクシス 塾 退会,値あり,20
個別指導Axis,アクシス 塾,不安・ネガティブ確認,解約,アクシス 塾 解約,値あり,
個別指導Axis,アクシス 塾,申込直前,無料体験,アクシス 塾 無料体験,値あり,
個別指導Axis,アクシス 塾,申込直前,体験,アクシス 塾 体験,値あり,
個別指導Axis,アクシス 塾,申込直前,体験授業,アクシス 塾 体験授業,値あり,
個別指導Axis,アクシス 塾,申込直前,無料相談,アクシス 塾 無料相談,値あり,
個別指導Axis,アクシス 塾,申込直前,資料請求,アクシス 塾 資料請求,値あり,
個別指導Axis,アクシス 塾,申込直前,申し込み,アクシス 塾 申し込み,値あり,
個別指導Axis,アクシス 塾,申込直前,入会,アクシス 塾 入会,値あり,
個別指導Axis,アクシス 塾,発達特性との相性,発達障害,アクシス 塾 発達障害,値あり,
個別指導Axis,アクシス 塾,発達特性との相性,発達障がい,アクシス 塾 発達障がい,値あり,
個別指導Axis,アクシス 塾,発達特性との相性,グレーゾーン,アクシス 塾 グレーゾーン,値あり,
個別指導Axis,アクシス 塾,発達特性との相性,ADHD,アクシス 塾 ADHD,値あり,
個別指導Axis,アクシス 塾,発達特性との相性,ASD,アクシス 塾 ASD,値あり,
個別指導Axis,アクシス 塾,発達特性との相性,自閉症,アクシス 塾 自閉症,値あり,
個別指導Axis,アクシス 塾,発達特性との相性,LD,アクシス 塾 LD,値あり,
個別指導Axis,アクシス 塾,発達特性との相性,学習障害,アクシス 塾 学習障害,値あり,
個別指導Axis,アクシス 塾,発達特性との相性,境界知能,アクシス 塾 境界知能,値あり,
個別指導Axis,アクシス 塾,発達特性との相性,不登校,アクシス 塾 不登校,値あり,
個別指導Axis,アクシス 塾,対象・用途,小学生,アクシス 塾 小学生,値あり,
個別指導Axis,アクシス 塾,対象・用途,中学生,アクシス 塾 中学生,値あり,
個別指導Axis,アクシス 塾,対象・用途,高校生,アクシス 塾 高校生,値あり,
個別指導Axis,アクシス 塾,対象・用途,高校受験,アクシス 塾 高校受験,値あり,
個別指導Axis,アクシス 塾,対象・用途,中学受験,アクシス 塾 中学受験,値あり,
個別指導Axis,アクシス 塾,対象・用途,大学受験,アクシス 塾 大学受験,値あり,
個別指導Axis,アクシス 塾,追加：SERP・サジェスト由来,評判 悪い,アクシス 塾 評判 悪い,値あり,
個別指導Axis,アクシス 塾,追加：SERP・サジェスト由来,やばい,アクシス 塾 やばい,値あり,
個別指導Axis,アクシス 塾,追加：SERP・サジェスト由来,知恵袋,アクシス 塾 知恵袋,値あり,
個別指導Axis,アクシス 塾,追加：SERP・サジェスト由来,2ch,アクシス 塾 2ch,値あり,
個別指導Axis,アクシス 塾,追加：SERP・サジェスト由来,料金表,アクシス 塾 料金表,値あり,
個別指導Axis,アクシス 塾,追加：SERP・サジェスト由来,授業料,アクシス 塾 授業料,値あり,10
個別指導Axis,アクシス 塾,追加：SERP・サジェスト由来,夏期講習,アクシス 塾 夏期講習,値あり,10
個別指導Axis,アクシス 塾,追加：SERP・サジェスト由来,意味ない,アクシス 塾 意味ない,値あり,
個別指導Axis,アクシス 塾,追加：SERP・サジェスト由来,バイト,アクシス 塾 バイト,値あり,110
個別指導Axis,アクシス 塾,追加：SERP・サジェスト由来,求人,アクシス 塾 求人,値あり,
個別指導Axis,アクシス 塾,追加：KWP KeywordSeed由来,クチコミ,アクシス 塾 クチコミ,値あり,
個別指導Axis,アクシス 塾,追加：KWP KeywordSeed由来,やめとけ,アクシス 塾 やめとけ,値あり,
個別指導Axis,アクシス 塾,追加：KWP KeywordSeed由来,合格実績,アクシス 塾 合格実績,値あり,20
個別指導Axis,アクシス 塾,追加：KWP KeywordSeed由来,時間割,アクシス 塾 時間割,値あり,20
個別指導Axis,アクシス 塾,追加：KWP KeywordSeed由来,キャンペーン,アクシス 塾 キャンペーン,値あり,
個別指導Axis,アクシス 塾,追加：KWP KeywordSeed由来,割引,アクシス 塾 割引,値あり,
個別指導Axis,アクシス 塾,追加：KWP KeywordSeed由来,コース,アクシス 塾 コース,値あり,
個別指導Axis,アクシス 塾,追加：KWP KeywordSeed由来,春期講習,アクシス 塾 春期講習,値あり,
個別指導Axis,アクシス 塾,追加：KWP KeywordSeed由来,冬期講習,アクシス 塾 冬期講習,値あり,
個別指導Axis,アクシス 塾,追加：KWP KeywordSeed由来,電話番号,アクシス 塾 電話番号,値あり,
個別指導Axis,アクシス 塾,追加：KWP KeywordSeed由来,ホームページ,アクシス 塾 ホームページ,値あり,
個別指導Axis,アクシス 塾,追加：KWP KeywordSeed由来,株式会社,アクシス 塾 株式会社,値あり,
個別指導Axis,アクシス 塾,追加：KWP KeywordSeed由来,講師,アクシス 塾 講師,値あり,20
個別指導Axis,アクシス 塾,追加：KWP KeywordSeed由来,とは,アクシス 塾 とは,値あり,
個別指導Axis,アクシス 塾,発達特性×口コミ,発達障害 口コミ,アクシス 塾 発達障害 口コミ,値あり,
個別指導Axis,アクシス 塾,発達特性×口コミ,発達障がい 口コミ,アクシス 塾 発達障がい 口コミ,値あり,
個別指導Axis,アクシス 塾,発達特性×口コミ,グレーゾーン 口コミ,アクシス 塾 グレーゾーン 口コミ,値あり,
個別指導Axis,アクシス 塾,発達特性×口コミ,ADHD 口コミ,アクシス 塾 ADHD 口コミ,値あり,
個別指導Axis,アクシス 塾,発達特性×口コミ,ASD 口コミ,アクシス 塾 ASD 口コミ,値あり,
個別指導Axis,アクシス 塾,発達特性×口コミ,自閉症 口コミ,アクシス 塾 自閉症 口コミ,値あり,
個別指導Axis,アクシス 塾,発達特性×口コミ,LD 口コミ,アクシス 塾 LD 口コミ,値あり,
個別指導Axis,アクシス 塾,発達特性×口コミ,学習障害 口コミ,アクシス 塾 学習障害 口コミ,値あり,
個別指導Axis,アクシス 塾,発達特性×口コミ,境界知能 口コミ,アクシス 塾 境界知能 口コミ,値あり,
個別指導Axis,アクシス 塾,発達特性×口コミ,不登校 口コミ,アクシス 塾 不登校 口コミ,値あり,
個別指導Axis,アクシス 塾,発達特性×評判,発達障害 評判,アクシス 塾 発達障害 評判,値あり,
個別指導Axis,アクシス 塾,発達特性×評判,発達障がい 評判,アクシス 塾 発達障がい 評判,値あり,
個別指導Axis,アクシス 塾,発達特性×評判,グレーゾーン 評判,アクシス 塾 グレーゾーン 評判,値あり,
個別指導Axis,アクシス 塾,発達特性×評判,ADHD 評判,アクシス 塾 ADHD 評判,値あり,
個別指導Axis,アクシス 塾,発達特性×評判,ASD 評判,アクシス 塾 ASD 評判,値あり,
個別指導Axis,アクシス 塾,発達特性×評判,自閉症 評判,アクシス 塾 自閉症 評判,値あり,
個別指導Axis,アクシス 塾,発達特性×評判,LD 評判,アクシス 塾 LD 評判,値あり,
個別指導Axis,アクシス 塾,発達特性×評判,学習障害 評判,アクシス 塾 学習障害 評判,値あり,
個別指導Axis,アクシス 塾,発達特性×評判,境界知能 評判,アクシス 塾 境界知能 評判,値あり,
個別指導Axis,アクシス 塾,発達特性×評判,不登校 評判,アクシス 塾 不登校 評判,値あり,
個別指導Axis,アクシス 塾,発達特性×料金,発達障害 料金,アクシス 塾 発達障害 料金,値あり,
個別指導Axis,アクシス 塾,発達特性×料金,発達障がい 料金,アクシス 塾 発達障がい 料金,値あり,
個別指導Axis,アクシス 塾,発達特性×料金,グレーゾーン 料金,アクシス 塾 グレーゾーン 料金,値あり,
個別指導Axis,アクシス 塾,発達特性×料金,ADHD 料金,アクシス 塾 ADHD 料金,値あり,
個別指導Axis,アクシス 塾,発達特性×料金,ASD 料金,アクシス 塾 ASD 料金,値あり,
個別指導Axis,アクシス 塾,発達特性×料金,自閉症 料金,アクシス 塾 自閉症 料金,値あり,
個別指導Axis,アクシス 塾,発達特性×料金,LD 料金,アクシス 塾 LD 料金,値あり,
個別指導Axis,アクシス 塾,発達特性×料金,学習障害 料金,アクシス 塾 学習障害 料金,値あり,
個別指導Axis,アクシス 塾,発達特性×料金,境界知能 料金,アクシス 塾 境界知能 料金,値あり,
個別指導Axis,アクシス 塾,発達特性×料金,不登校 料金,アクシス 塾 不登校 料金,値あり,
個別指導Axis,axis 個別指導,評判・第三者評価,口コミ,axis 個別指導 口コミ,値あり,20
個別指導Axis,axis 個別指導,評判・第三者評価,評判,axis 個別指導 評判,値あり,10
個別指導Axis,axis 個別指導,評判・第三者評価,レビュー,axis 個別指導 レビュー,値あり,
個別指導Axis,axis 個別指導,評判・第三者評価,体験談,axis 個別指導 体験談,値あり,
個別指導Axis,axis 個別指導,評判・第三者評価,感想,axis 個別指導 感想,値あり,
個別指導Axis,axis 個別指導,評判・第三者評価,評価,axis 個別指導 評価,値あり,
個別指導Axis,axis 個別指導,料金・契約,料金,axis 個別指導 料金,値あり,140
個別指導Axis,axis 個別指導,料金・契約,費用,axis 個別指導 費用,値あり,
個別指導Axis,axis 個別指導,料金・契約,月謝,axis 個別指導 月謝,値あり,
個別指導Axis,axis 個別指導,料金・契約,値段,axis 個別指導 値段,値あり,
個別指導Axis,axis 個別指導,料金・契約,価格,axis 個別指導 価格,値あり,
個別指導Axis,axis 個別指導,料金・契約,入会金,axis 個別指導 入会金,値あり,
個別指導Axis,axis 個別指導,料金・契約,教材費,axis 個別指導 教材費,値あり,
個別指導Axis,axis 個別指導,料金・契約,高い,axis 個別指導 高い,値あり,
個別指導Axis,axis 個別指導,料金・契約,安い,axis 個別指導 安い,値あり,
個別指導Axis,axis 個別指導,比較・選択,比較,axis 個別指導 比較,値あり,
個別指導Axis,axis 個別指導,比較・選択,違い,axis 個別指導 違い,値あり,
個別指導Axis,axis 個別指導,比較・選択,どっち,axis 個別指導 どっち,値あり,
個別指導Axis,axis 個別指導,比較・選択,おすすめ,axis 個別指導 おすすめ,値あり,
個別指導Axis,axis 個別指導,比較・選択,他社,axis 個別指導 他社,値あり,
個別指導Axis,axis 個別指導,比較・選択,ランキング,axis 個別指導 ランキング,値あり,
個別指導Axis,axis 個別指導,不安・ネガティブ確認,デメリット,axis 個別指導 デメリット,値あり,
個別指導Axis,axis 個別指導,不安・ネガティブ確認,メリット,axis 個別指導 メリット,値あり,
個別指導Axis,axis 個別指導,不安・ネガティブ確認,怪しい,axis 個別指導 怪しい,値あり,
個別指導Axis,axis 個別指導,不安・ネガティブ確認,最悪,axis 個別指導 最悪,値あり,
個別指導Axis,axis 個別指導,不安・ネガティブ確認,失敗,axis 個別指導 失敗,値あり,
個別指導Axis,axis 個別指導,不安・ネガティブ確認,後悔,axis 個別指導 後悔,値あり,
個別指導Axis,axis 個別指導,不安・ネガティブ確認,合わない,axis 個別指導 合わない,値あり,
個別指導Axis,axis 個別指導,不安・ネガティブ確認,向いてない,axis 個別指導 向いてない,値あり,
個別指導Axis,axis 個別指導,不安・ネガティブ確認,やめたい,axis 個別指導 やめたい,値あり,
個別指導Axis,axis 個別指導,不安・ネガティブ確認,辞めたい,axis 個別指導 辞めたい,値あり,
個別指導Axis,axis 個別指導,不安・ネガティブ確認,退会,axis 個別指導 退会,値あり,
個別指導Axis,axis 個別指導,不安・ネガティブ確認,解約,axis 個別指導 解約,値あり,
個別指導Axis,axis 個別指導,申込直前,無料体験,axis 個別指導 無料体験,値あり,
個別指導Axis,axis 個別指導,申込直前,体験,axis 個別指導 体験,値あり,
個別指導Axis,axis 個別指導,申込直前,体験授業,axis 個別指導 体験授業,値あり,
個別指導Axis,axis 個別指導,申込直前,無料相談,axis 個別指導 無料相談,値あり,
個別指導Axis,axis 個別指導,申込直前,資料請求,axis 個別指導 資料請求,値あり,
個別指導Axis,axis 個別指導,申込直前,申し込み,axis 個別指導 申し込み,値あり,
個別指導Axis,axis 個別指導,申込直前,入会,axis 個別指導 入会,値あり,
個別指導Axis,axis 個別指導,発達特性との相性,発達障害,axis 個別指導 発達障害,値あり,
個別指導Axis,axis 個別指導,発達特性との相性,発達障がい,axis 個別指導 発達障がい,値あり,
個別指導Axis,axis 個別指導,発達特性との相性,グレーゾーン,axis 個別指導 グレーゾーン,値あり,
個別指導Axis,axis 個別指導,発達特性との相性,ADHD,axis 個別指導 ADHD,値あり,
個別指導Axis,axis 個別指導,発達特性との相性,ASD,axis 個別指導 ASD,値あり,
個別指導Axis,axis 個別指導,発達特性との相性,自閉症,axis 個別指導 自閉症,値あり,
個別指導Axis,axis 個別指導,発達特性との相性,LD,axis 個別指導 LD,値あり,
個別指導Axis,axis 個別指導,発達特性との相性,学習障害,axis 個別指導 学習障害,値あり,
個別指導Axis,axis 個別指導,発達特性との相性,境界知能,axis 個別指導 境界知能,値あり,
個別指導Axis,axis 個別指導,発達特性との相性,不登校,axis 個別指導 不登校,値あり,
個別指導Axis,axis 個別指導,対象・用途,小学生,axis 個別指導 小学生,値あり,
個別指導Axis,axis 個別指導,対象・用途,中学生,axis 個別指導 中学生,値あり,
個別指導Axis,axis 個別指導,対象・用途,高校生,axis 個別指導 高校生,値あり,
個別指導Axis,axis 個別指導,対象・用途,高校受験,axis 個別指導 高校受験,値あり,
個別指導Axis,axis 個別指導,対象・用途,中学受験,axis 個別指導 中学受験,値あり,
個別指導Axis,axis 個別指導,対象・用途,大学受験,axis 個別指導 大学受験,値あり,
個別指導Axis,axis 個別指導,追加：SERP・サジェスト由来,評判 悪い,axis 個別指導 評判 悪い,値あり,
個別指導Axis,axis 個別指導,追加：SERP・サジェスト由来,やばい,axis 個別指導 やばい,値あり,
個別指導Axis,axis 個別指導,追加：SERP・サジェスト由来,知恵袋,axis 個別指導 知恵袋,値あり,
個別指導Axis,axis 個別指導,追加：SERP・サジェスト由来,2ch,axis 個別指導 2ch,値あり,
個別指導Axis,axis 個別指導,追加：SERP・サジェスト由来,料金表,axis 個別指導 料金表,値あり,
個別指導Axis,axis 個別指導,追加：SERP・サジェスト由来,授業料,axis 個別指導 授業料,値あり,
個別指導Axis,axis 個別指導,追加：SERP・サジェスト由来,夏期講習,axis 個別指導 夏期講習,値あり,
個別指導Axis,axis 個別指導,追加：SERP・サジェスト由来,意味ない,axis 個別指導 意味ない,値あり,
個別指導Axis,axis 個別指導,追加：SERP・サジェスト由来,バイト,axis 個別指導 バイト,値あり,40
個別指導Axis,axis 個別指導,追加：SERP・サジェスト由来,求人,axis 個別指導 求人,値あり,
個別指導Axis,axis 個別指導,追加：KWP KeywordSeed由来,クチコミ,axis 個別指導 クチコミ,値あり,
個別指導Axis,axis 個別指導,追加：KWP KeywordSeed由来,やめとけ,axis 個別指導 やめとけ,値あり,
個別指導Axis,axis 個別指導,追加：KWP KeywordSeed由来,合格実績,axis 個別指導 合格実績,値あり,
個別指導Axis,axis 個別指導,追加：KWP KeywordSeed由来,時間割,axis 個別指導 時間割,値あり,10
個別指導Axis,axis 個別指導,追加：KWP KeywordSeed由来,キャンペーン,axis 個別指導 キャンペーン,値あり,
個別指導Axis,axis 個別指導,追加：KWP KeywordSeed由来,割引,axis 個別指導 割引,値あり,
個別指導Axis,axis 個別指導,追加：KWP KeywordSeed由来,コース,axis 個別指導 コース,値あり,
個別指導Axis,axis 個別指導,追加：KWP KeywordSeed由来,春期講習,axis 個別指導 春期講習,値あり,
個別指導Axis,axis 個別指導,追加：KWP KeywordSeed由来,冬期講習,axis 個別指導 冬期講習,値あり,
個別指導Axis,axis 個別指導,追加：KWP KeywordSeed由来,電話番号,axis 個別指導 電話番号,値あり,
個別指導Axis,axis 個別指導,追加：KWP KeywordSeed由来,ホームページ,axis 個別指導 ホームページ,値あり,
個別指導Axis,axis 個別指導,追加：KWP KeywordSeed由来,株式会社,axis 個別指導 株式会社,値あり,
個別指導Axis,axis 個別指導,追加：KWP KeywordSeed由来,講師,axis 個別指導 講師,値あり,
個別指導Axis,axis 個別指導,追加：KWP KeywordSeed由来,とは,axis 個別指導 とは,値あり,
森塾,森塾,評判・第三者評価,口コミ,森塾 口コミ,値あり,2400
森塾,森塾,評判・第三者評価,評判,森塾 評判,値あり,260
森塾,森塾,評判・第三者評価,レビュー,森塾 レビュー,値あり,10
森塾,森塾,評判・第三者評価,体験談,森塾 体験談,値あり,
森塾,森塾,評判・第三者評価,感想,森塾 感想,値あり,
森塾,森塾,評判・第三者評価,評価,森塾 評価,値あり,40
森塾,森塾,料金・契約,料金,森塾 料金,値あり,720
森塾,森塾,料金・契約,費用,森塾 費用,値あり,110
森塾,森塾,料金・契約,月謝,森塾 月謝,値あり,140
森塾,森塾,料金・契約,値段,森塾 値段,値あり,210
森塾,森塾,料金・契約,価格,森塾 価格,値あり,20
森塾,森塾,料金・契約,入会金,森塾 入会金,値あり,40
森塾,森塾,料金・契約,教材費,森塾 教材費,値あり,20
森塾,森塾,料金・契約,高い,森塾 高い,値あり,70
森塾,森塾,料金・契約,安い,森塾 安い,値あり,20
森塾,森塾,比較・選択,比較,森塾 比較,値あり,
森塾,森塾,比較・選択,違い,森塾 違い,値あり,
森塾,森塾,比較・選択,どっち,森塾 どっち,値あり,
森塾,森塾,比較・選択,おすすめ,森塾 おすすめ,値あり,
森塾,森塾,比較・選択,他社,森塾 他社,値あり,
森塾,森塾,比較・選択,ランキング,森塾 ランキング,値あり,
森塾,森塾,不安・ネガティブ確認,デメリット,森塾 デメリット,値あり,
森塾,森塾,不安・ネガティブ確認,メリット,森塾 メリット,値あり,
森塾,森塾,不安・ネガティブ確認,怪しい,森塾 怪しい,値あり,
森塾,森塾,不安・ネガティブ確認,最悪,森塾 最悪,値あり,10
森塾,森塾,不安・ネガティブ確認,失敗,森塾 失敗,値あり,
森塾,森塾,不安・ネガティブ確認,後悔,森塾 後悔,値あり,
森塾,森塾,不安・ネガティブ確認,合わない,森塾 合わない,値あり,
森塾,森塾,不安・ネガティブ確認,向いてない,森塾 向いてない,値あり,
森塾,森塾,不安・ネガティブ確認,やめたい,森塾 やめたい,値あり,
森塾,森塾,不安・ネガティブ確認,辞めたい,森塾 辞めたい,値あり,10
森塾,森塾,不安・ネガティブ確認,退会,森塾 退会,値あり,170
森塾,森塾,不安・ネガティブ確認,解約,森塾 解約,値あり,20
森塾,森塾,申込直前,無料体験,森塾 無料体験,値あり,90
森塾,森塾,申込直前,体験,森塾 体験,値あり,140
森塾,森塾,申込直前,体験授業,森塾 体験授業,値あり,40
森塾,森塾,申込直前,無料相談,森塾 無料相談,値あり,
森塾,森塾,申込直前,資料請求,森塾 資料請求,値あり,20
森塾,森塾,申込直前,申し込み,森塾 申し込み,値あり,
森塾,森塾,申込直前,入会,森塾 入会,値あり,
森塾,森塾,発達特性との相性,発達障害,森塾 発達障害,値あり,20
森塾,森塾,発達特性との相性,発達障がい,森塾 発達障がい,値あり,
森塾,森塾,発達特性との相性,グレーゾーン,森塾 グレーゾーン,値あり,
森塾,森塾,発達特性との相性,ADHD,森塾 ADHD,値あり,
森塾,森塾,発達特性との相性,ASD,森塾 ASD,値あり,
森塾,森塾,発達特性との相性,自閉症,森塾 自閉症,値あり,
森塾,森塾,発達特性との相性,LD,森塾 LD,値あり,
森塾,森塾,発達特性との相性,学習障害,森塾 学習障害,値あり,
森塾,森塾,発達特性との相性,境界知能,森塾 境界知能,値あり,
森塾,森塾,発達特性との相性,不登校,森塾 不登校,値あり,20
森塾,森塾,対象・用途,小学生,森塾 小学生,値あり,90
森塾,森塾,対象・用途,中学生,森塾 中学生,値あり,40
森塾,森塾,対象・用途,高校生,森塾 高校生,値あり,140
森塾,森塾,対象・用途,高校受験,森塾 高校受験,値あり,40
森塾,森塾,対象・用途,中学受験,森塾 中学受験,値あり,170
森塾,森塾,対象・用途,大学受験,森塾 大学受験,値あり,140
森塾,森塾,追加：SERP・サジェスト由来,評判 悪い,森塾 評判 悪い,値あり,110
森塾,森塾,追加：SERP・サジェスト由来,やばい,森塾 やばい,値あり,1300
森塾,森塾,追加：SERP・サジェスト由来,知恵袋,森塾 知恵袋,値あり,50
森塾,森塾,追加：SERP・サジェスト由来,2ch,森塾 2ch,値あり,10
森塾,森塾,追加：SERP・サジェスト由来,料金表,森塾 料金表,値あり,320
森塾,森塾,追加：SERP・サジェスト由来,授業料,森塾 授業料,値あり,2400
森塾,森塾,追加：SERP・サジェスト由来,夏期講習,森塾 夏期講習,値あり,1300
森塾,森塾,追加：SERP・サジェスト由来,意味ない,森塾 意味ない,値あり,
森塾,森塾,追加：SERP・サジェスト由来,バイト,森塾 バイト,値あり,1300
森塾,森塾,追加：SERP・サジェスト由来,求人,森塾 求人,値あり,110
森塾,森塾,追加：KWP KeywordSeed由来,クチコミ,森塾 クチコミ,値あり,2400
森塾,森塾,追加：KWP KeywordSeed由来,やめとけ,森塾 やめとけ,値あり,
森塾,森塾,追加：KWP KeywordSeed由来,合格実績,森塾 合格実績,値あり,140
森塾,森塾,追加：KWP KeywordSeed由来,時間割,森塾 時間割,値あり,1600
森塾,森塾,追加：KWP KeywordSeed由来,キャンペーン,森塾 キャンペーン,値あり,50
森塾,森塾,追加：KWP KeywordSeed由来,割引,森塾 割引,値あり,
森塾,森塾,追加：KWP KeywordSeed由来,コース,森塾 コース,値あり,
森塾,森塾,追加：KWP KeywordSeed由来,春期講習,森塾 春期講習,値あり,480
森塾,森塾,追加：KWP KeywordSeed由来,冬期講習,森塾 冬期講習,値あり,480
森塾,森塾,追加：KWP KeywordSeed由来,電話番号,森塾 電話番号,値あり,140
森塾,森塾,追加：KWP KeywordSeed由来,ホームページ,森塾 ホームページ,値あり,110
森塾,森塾,追加：KWP KeywordSeed由来,株式会社,森塾 株式会社,値あり,20
森塾,森塾,追加：KWP KeywordSeed由来,講師,森塾 講師,値あり,90
森塾,森塾,追加：KWP KeywordSeed由来,とは,森塾 とは,値あり,
森塾,森塾,発達特性×口コミ,発達障害 口コミ,森塾 発達障害 口コミ,値あり,
森塾,森塾,発達特性×口コミ,発達障がい 口コミ,森塾 発達障がい 口コミ,値あり,
森塾,森塾,発達特性×口コミ,グレーゾーン 口コミ,森塾 グレーゾーン 口コミ,値あり,
森塾,森塾,発達特性×口コミ,ADHD 口コミ,森塾 ADHD 口コミ,値あり,
森塾,森塾,発達特性×口コミ,ASD 口コミ,森塾 ASD 口コミ,値あり,
森塾,森塾,発達特性×口コミ,自閉症 口コミ,森塾 自閉症 口コミ,値あり,
森塾,森塾,発達特性×口コミ,LD 口コミ,森塾 LD 口コミ,値あり,
森塾,森塾,発達特性×口コミ,学習障害 口コミ,森塾 学習障害 口コミ,値あり,
森塾,森塾,発達特性×口コミ,境界知能 口コミ,森塾 境界知能 口コミ,値あり,
森塾,森塾,発達特性×口コミ,不登校 口コミ,森塾 不登校 口コミ,値あり,
森塾,森塾,発達特性×評判,発達障害 評判,森塾 発達障害 評判,値あり,
森塾,森塾,発達特性×評判,発達障がい 評判,森塾 発達障がい 評判,値あり,
森塾,森塾,発達特性×評判,グレーゾーン 評判,森塾 グレーゾーン 評判,値あり,
森塾,森塾,発達特性×評判,ADHD 評判,森塾 ADHD 評判,値あり,
森塾,森塾,発達特性×評判,ASD 評判,森塾 ASD 評判,値あり,
森塾,森塾,発達特性×評判,自閉症 評判,森塾 自閉症 評判,値あり,
森塾,森塾,発達特性×評判,LD 評判,森塾 LD 評判,値あり,
森塾,森塾,発達特性×評判,学習障害 評判,森塾 学習障害 評判,値あり,
森塾,森塾,発達特性×評判,境界知能 評判,森塾 境界知能 評判,値あり,
森塾,森塾,発達特性×評判,不登校 評判,森塾 不登校 評判,値あり,
森塾,森塾,発達特性×料金,発達障害 料金,森塾 発達障害 料金,値あり,
森塾,森塾,発達特性×料金,発達障がい 料金,森塾 発達障がい 料金,値あり,
森塾,森塾,発達特性×料金,グレーゾーン 料金,森塾 グレーゾーン 料金,値あり,
森塾,森塾,発達特性×料金,ADHD 料金,森塾 ADHD 料金,値あり,
森塾,森塾,発達特性×料金,ASD 料金,森塾 ASD 料金,値あり,
森塾,森塾,発達特性×料金,自閉症 料金,森塾 自閉症 料金,値あり,
森塾,森塾,発達特性×料金,LD 料金,森塾 LD 料金,値あり,
森塾,森塾,発達特性×料金,学習障害 料金,森塾 学習障害 料金,値あり,
森塾,森塾,発達特性×料金,境界知能 料金,森塾 境界知能 料金,値あり,
森塾,森塾,発達特性×料金,不登校 料金,森塾 不登校 料金,値あり,
TOMAS,トーマス 塾,評判・第三者評価,口コミ,トーマス 塾 口コミ,値あり,170
TOMAS,トーマス 塾,評判・第三者評価,評判,トーマス 塾 評判,値あり,40
TOMAS,トーマス 塾,評判・第三者評価,レビュー,トーマス 塾 レビュー,値あり,
TOMAS,トーマス 塾,評判・第三者評価,体験談,トーマス 塾 体験談,値あり,
TOMAS,トーマス 塾,評判・第三者評価,感想,トーマス 塾 感想,値あり,
TOMAS,トーマス 塾,評判・第三者評価,評価,トーマス 塾 評価,値あり,10
TOMAS,トーマス 塾,料金・契約,料金,トーマス 塾 料金,値あり,480
TOMAS,トーマス 塾,料金・契約,費用,トーマス 塾 費用,値あり,260
TOMAS,トーマス 塾,料金・契約,月謝,トーマス 塾 月謝,値あり,50
TOMAS,トーマス 塾,料金・契約,値段,トーマス 塾 値段,値あり,20
TOMAS,トーマス 塾,料金・契約,価格,トーマス 塾 価格,値あり,
TOMAS,トーマス 塾,料金・契約,入会金,トーマス 塾 入会金,値あり,
TOMAS,トーマス 塾,料金・契約,教材費,トーマス 塾 教材費,値あり,
TOMAS,トーマス 塾,料金・契約,高い,トーマス 塾 高い,値あり,20
TOMAS,トーマス 塾,料金・契約,安い,トーマス 塾 安い,値あり,
TOMAS,トーマス 塾,比較・選択,比較,トーマス 塾 比較,値あり,
TOMAS,トーマス 塾,比較・選択,違い,トーマス 塾 違い,値あり,
TOMAS,トーマス 塾,比較・選択,どっち,トーマス 塾 どっち,値あり,
TOMAS,トーマス 塾,比較・選択,おすすめ,トーマス 塾 おすすめ,値あり,
TOMAS,トーマス 塾,比較・選択,他社,トーマス 塾 他社,値あり,
TOMAS,トーマス 塾,比較・選択,ランキング,トーマス 塾 ランキング,値あり,
TOMAS,トーマス 塾,不安・ネガティブ確認,デメリット,トーマス 塾 デメリット,値あり,
TOMAS,トーマス 塾,不安・ネガティブ確認,メリット,トーマス 塾 メリット,値あり,
TOMAS,トーマス 塾,不安・ネガティブ確認,怪しい,トーマス 塾 怪しい,値あり,
TOMAS,トーマス 塾,不安・ネガティブ確認,最悪,トーマス 塾 最悪,値あり,
TOMAS,トーマス 塾,不安・ネガティブ確認,失敗,トーマス 塾 失敗,値あり,
TOMAS,トーマス 塾,不安・ネガティブ確認,後悔,トーマス 塾 後悔,値あり,
TOMAS,トーマス 塾,不安・ネガティブ確認,合わない,トーマス 塾 合わない,値あり,
TOMAS,トーマス 塾,不安・ネガティブ確認,向いてない,トーマス 塾 向いてない,値あり,
TOMAS,トーマス 塾,不安・ネガティブ確認,やめたい,トーマス 塾 やめたい,値あり,
TOMAS,トーマス 塾,不安・ネガティブ確認,辞めたい,トーマス 塾 辞めたい,値あり,10
TOMAS,トーマス 塾,不安・ネガティブ確認,退会,トーマス 塾 退会,値あり,10
TOMAS,トーマス 塾,不安・ネガティブ確認,解約,トーマス 塾 解約,値あり,
TOMAS,トーマス 塾,申込直前,無料体験,トーマス 塾 無料体験,値あり,
TOMAS,トーマス 塾,申込直前,体験,トーマス 塾 体験,値あり,
TOMAS,トーマス 塾,申込直前,体験授業,トーマス 塾 体験授業,値あり,
TOMAS,トーマス 塾,申込直前,無料相談,トーマス 塾 無料相談,値あり,
TOMAS,トーマス 塾,申込直前,資料請求,トーマス 塾 資料請求,値あり,
TOMAS,トーマス 塾,申込直前,申し込み,トーマス 塾 申し込み,値あり,
TOMAS,トーマス 塾,申込直前,入会,トーマス 塾 入会,値あり,
TOMAS,トーマス 塾,発達特性との相性,発達障害,トーマス 塾 発達障害,値あり,
TOMAS,トーマス 塾,発達特性との相性,発達障がい,トーマス 塾 発達障がい,値あり,
TOMAS,トーマス 塾,発達特性との相性,グレーゾーン,トーマス 塾 グレーゾーン,値あり,
TOMAS,トーマス 塾,発達特性との相性,ADHD,トーマス 塾 ADHD,値あり,
TOMAS,トーマス 塾,発達特性との相性,ASD,トーマス 塾 ASD,値あり,
TOMAS,トーマス 塾,発達特性との相性,自閉症,トーマス 塾 自閉症,値あり,
TOMAS,トーマス 塾,発達特性との相性,LD,トーマス 塾 LD,値あり,
TOMAS,トーマス 塾,発達特性との相性,学習障害,トーマス 塾 学習障害,値あり,
TOMAS,トーマス 塾,発達特性との相性,境界知能,トーマス 塾 境界知能,値あり,
TOMAS,トーマス 塾,発達特性との相性,不登校,トーマス 塾 不登校,値あり,
TOMAS,トーマス 塾,対象・用途,小学生,トーマス 塾 小学生,値あり,
TOMAS,トーマス 塾,対象・用途,中学生,トーマス 塾 中学生,値あり,
TOMAS,トーマス 塾,対象・用途,高校生,トーマス 塾 高校生,値あり,
TOMAS,トーマス 塾,対象・用途,高校受験,トーマス 塾 高校受験,値あり,
TOMAS,トーマス 塾,対象・用途,中学受験,トーマス 塾 中学受験,値あり,10
TOMAS,トーマス 塾,対象・用途,大学受験,トーマス 塾 大学受験,値あり,10
TOMAS,トーマス 塾,追加：SERP・サジェスト由来,評判 悪い,トーマス 塾 評判 悪い,値あり,
TOMAS,トーマス 塾,追加：SERP・サジェスト由来,やばい,トーマス 塾 やばい,値あり,720
TOMAS,トーマス 塾,追加：SERP・サジェスト由来,知恵袋,トーマス 塾 知恵袋,値あり,
TOMAS,トーマス 塾,追加：SERP・サジェスト由来,2ch,トーマス 塾 2ch,値あり,10
TOMAS,トーマス 塾,追加：SERP・サジェスト由来,料金表,トーマス 塾 料金表,値あり,70
TOMAS,トーマス 塾,追加：SERP・サジェスト由来,授業料,トーマス 塾 授業料,値あり,10
TOMAS,トーマス 塾,追加：SERP・サジェスト由来,夏期講習,トーマス 塾 夏期講習,値あり,10
TOMAS,トーマス 塾,追加：SERP・サジェスト由来,意味ない,トーマス 塾 意味ない,値あり,
TOMAS,トーマス 塾,追加：SERP・サジェスト由来,バイト,トーマス 塾 バイト,値あり,260
TOMAS,トーマス 塾,追加：SERP・サジェスト由来,求人,トーマス 塾 求人,値あり,20
TOMAS,トーマス 塾,追加：KWP KeywordSeed由来,クチコミ,トーマス 塾 クチコミ,値あり,
TOMAS,トーマス 塾,追加：KWP KeywordSeed由来,やめとけ,トーマス 塾 やめとけ,値あり,
TOMAS,トーマス 塾,追加：KWP KeywordSeed由来,合格実績,トーマス 塾 合格実績,値あり,
TOMAS,トーマス 塾,追加：KWP KeywordSeed由来,時間割,トーマス 塾 時間割,値あり,170
TOMAS,トーマス 塾,追加：KWP KeywordSeed由来,キャンペーン,トーマス 塾 キャンペーン,値あり,
TOMAS,トーマス 塾,追加：KWP KeywordSeed由来,割引,トーマス 塾 割引,値あり,
TOMAS,トーマス 塾,追加：KWP KeywordSeed由来,コース,トーマス 塾 コース,値あり,10
TOMAS,トーマス 塾,追加：KWP KeywordSeed由来,春期講習,トーマス 塾 春期講習,値あり,10
TOMAS,トーマス 塾,追加：KWP KeywordSeed由来,冬期講習,トーマス 塾 冬期講習,値あり,10
TOMAS,トーマス 塾,追加：KWP KeywordSeed由来,電話番号,トーマス 塾 電話番号,値あり,
TOMAS,トーマス 塾,追加：KWP KeywordSeed由来,ホームページ,トーマス 塾 ホームページ,値あり,10
TOMAS,トーマス 塾,追加：KWP KeywordSeed由来,株式会社,トーマス 塾 株式会社,値あり,
TOMAS,トーマス 塾,追加：KWP KeywordSeed由来,講師,トーマス 塾 講師,値あり,70
TOMAS,トーマス 塾,追加：KWP KeywordSeed由来,とは,トーマス 塾 とは,値あり,
TOMAS,トーマス 塾,発達特性×口コミ,発達障害 口コミ,トーマス 塾 発達障害 口コミ,値あり,
TOMAS,トーマス 塾,発達特性×口コミ,発達障がい 口コミ,トーマス 塾 発達障がい 口コミ,値あり,
TOMAS,トーマス 塾,発達特性×口コミ,グレーゾーン 口コミ,トーマス 塾 グレーゾーン 口コミ,値あり,
TOMAS,トーマス 塾,発達特性×口コミ,ADHD 口コミ,トーマス 塾 ADHD 口コミ,値あり,
TOMAS,トーマス 塾,発達特性×口コミ,ASD 口コミ,トーマス 塾 ASD 口コミ,値あり,
TOMAS,トーマス 塾,発達特性×口コミ,自閉症 口コミ,トーマス 塾 自閉症 口コミ,値あり,
TOMAS,トーマス 塾,発達特性×口コミ,LD 口コミ,トーマス 塾 LD 口コミ,値あり,
TOMAS,トーマス 塾,発達特性×口コミ,学習障害 口コミ,トーマス 塾 学習障害 口コミ,値あり,
TOMAS,トーマス 塾,発達特性×口コミ,境界知能 口コミ,トーマス 塾 境界知能 口コミ,値あり,
TOMAS,トーマス 塾,発達特性×口コミ,不登校 口コミ,トーマス 塾 不登校 口コミ,値あり,
TOMAS,トーマス 塾,発達特性×評判,発達障害 評判,トーマス 塾 発達障害 評判,値あり,
TOMAS,トーマス 塾,発達特性×評判,発達障がい 評判,トーマス 塾 発達障がい 評判,値あり,
TOMAS,トーマス 塾,発達特性×評判,グレーゾーン 評判,トーマス 塾 グレーゾーン 評判,値あり,
TOMAS,トーマス 塾,発達特性×評判,ADHD 評判,トーマス 塾 ADHD 評判,値あり,
TOMAS,トーマス 塾,発達特性×評判,ASD 評判,トーマス 塾 ASD 評判,値あり,
TOMAS,トーマス 塾,発達特性×評判,自閉症 評判,トーマス 塾 自閉症 評判,値あり,
TOMAS,トーマス 塾,発達特性×評判,LD 評判,トーマス 塾 LD 評判,値あり,
TOMAS,トーマス 塾,発達特性×評判,学習障害 評判,トーマス 塾 学習障害 評判,値あり,
TOMAS,トーマス 塾,発達特性×評判,境界知能 評判,トーマス 塾 境界知能 評判,値あり,
TOMAS,トーマス 塾,発達特性×評判,不登校 評判,トーマス 塾 不登校 評判,値あり,
TOMAS,トーマス 塾,発達特性×料金,発達障害 料金,トーマス 塾 発達障害 料金,値あり,
TOMAS,トーマス 塾,発達特性×料金,発達障がい 料金,トーマス 塾 発達障がい 料金,値あり,
TOMAS,トーマス 塾,発達特性×料金,グレーゾーン 料金,トーマス 塾 グレーゾーン 料金,値あり,
TOMAS,トーマス 塾,発達特性×料金,ADHD 料金,トーマス 塾 ADHD 料金,値あり,
TOMAS,トーマス 塾,発達特性×料金,ASD 料金,トーマス 塾 ASD 料金,値あり,
TOMAS,トーマス 塾,発達特性×料金,自閉症 料金,トーマス 塾 自閉症 料金,値あり,
TOMAS,トーマス 塾,発達特性×料金,LD 料金,トーマス 塾 LD 料金,値あり,
TOMAS,トーマス 塾,発達特性×料金,学習障害 料金,トーマス 塾 学習障害 料金,値あり,
TOMAS,トーマス 塾,発達特性×料金,境界知能 料金,トーマス 塾 境界知能 料金,値あり,
TOMAS,トーマス 塾,発達特性×料金,不登校 料金,トーマス 塾 不登校 料金,値あり,
TOMAS,tomas,評判・第三者評価,口コミ,tomas 口コミ,値あり,70
TOMAS,tomas,評判・第三者評価,評判,tomas 評判,値あり,50
TOMAS,tomas,評判・第三者評価,レビュー,tomas レビュー,値あり,
TOMAS,tomas,評判・第三者評価,体験談,tomas 体験談,値あり,
TOMAS,tomas,評判・第三者評価,感想,tomas 感想,値あり,
TOMAS,tomas,評判・第三者評価,評価,tomas 評価,値あり,10
TOMAS,tomas,料金・契約,料金,tomas 料金,値あり,110
TOMAS,tomas,料金・契約,費用,tomas 費用,値あり,20
TOMAS,tomas,料金・契約,月謝,tomas 月謝,値あり,20
TOMAS,tomas,料金・契約,値段,tomas 値段,値あり,20
TOMAS,tomas,料金・契約,価格,tomas 価格,値あり,
TOMAS,tomas,料金・契約,入会金,tomas 入会金,値あり,10
TOMAS,tomas,料金・契約,教材費,tomas 教材費,値あり,
TOMAS,tomas,料金・契約,高い,tomas 高い,値あり,20
TOMAS,tomas,料金・契約,安い,tomas 安い,値あり,
TOMAS,tomas,比較・選択,比較,tomas 比較,値あり,
TOMAS,tomas,比較・選択,違い,tomas 違い,値あり,
TOMAS,tomas,比較・選択,どっち,tomas どっち,値あり,
TOMAS,tomas,比較・選択,おすすめ,tomas おすすめ,値あり,
TOMAS,tomas,比較・選択,他社,tomas 他社,値あり,
TOMAS,tomas,比較・選択,ランキング,tomas ランキング,値あり,
TOMAS,tomas,不安・ネガティブ確認,デメリット,tomas デメリット,値あり,
TOMAS,tomas,不安・ネガティブ確認,メリット,tomas メリット,値あり,
TOMAS,tomas,不安・ネガティブ確認,怪しい,tomas 怪しい,値あり,
TOMAS,tomas,不安・ネガティブ確認,最悪,tomas 最悪,値あり,
TOMAS,tomas,不安・ネガティブ確認,失敗,tomas 失敗,値あり,
TOMAS,tomas,不安・ネガティブ確認,後悔,tomas 後悔,値あり,
TOMAS,tomas,不安・ネガティブ確認,合わない,tomas 合わない,値あり,
TOMAS,tomas,不安・ネガティブ確認,向いてない,tomas 向いてない,値あり,
TOMAS,tomas,不安・ネガティブ確認,やめたい,tomas やめたい,値あり,
TOMAS,tomas,不安・ネガティブ確認,辞めたい,tomas 辞めたい,値あり,10
TOMAS,tomas,不安・ネガティブ確認,退会,tomas 退会,値あり,10
TOMAS,tomas,不安・ネガティブ確認,解約,tomas 解約,値あり,
TOMAS,tomas,申込直前,無料体験,tomas 無料体験,値あり,
TOMAS,tomas,申込直前,体験,tomas 体験,値あり,10
TOMAS,tomas,申込直前,体験授業,tomas 体験授業,値あり,20
TOMAS,tomas,申込直前,無料相談,tomas 無料相談,値あり,
TOMAS,tomas,申込直前,資料請求,tomas 資料請求,値あり,10
TOMAS,tomas,申込直前,申し込み,tomas 申し込み,値あり,
TOMAS,tomas,申込直前,入会,tomas 入会,値あり,
TOMAS,tomas,発達特性との相性,発達障害,tomas 発達障害,値あり,
TOMAS,tomas,発達特性との相性,発達障がい,tomas 発達障がい,値あり,
TOMAS,tomas,発達特性との相性,グレーゾーン,tomas グレーゾーン,値あり,
TOMAS,tomas,発達特性との相性,ADHD,tomas ADHD,値あり,
TOMAS,tomas,発達特性との相性,ASD,tomas ASD,値あり,
TOMAS,tomas,発達特性との相性,自閉症,tomas 自閉症,値あり,
TOMAS,tomas,発達特性との相性,LD,tomas LD,値あり,
TOMAS,tomas,発達特性との相性,学習障害,tomas 学習障害,値あり,
TOMAS,tomas,発達特性との相性,境界知能,tomas 境界知能,値あり,
TOMAS,tomas,発達特性との相性,不登校,tomas 不登校,値あり,
TOMAS,tomas,対象・用途,小学生,tomas 小学生,値あり,
TOMAS,tomas,対象・用途,中学生,tomas 中学生,値あり,10
TOMAS,tomas,対象・用途,高校生,tomas 高校生,値あり,10
TOMAS,tomas,対象・用途,高校受験,tomas 高校受験,値あり,20
TOMAS,tomas,対象・用途,中学受験,tomas 中学受験,値あり,70
TOMAS,tomas,対象・用途,大学受験,tomas 大学受験,値あり,50
TOMAS,tomas,追加：SERP・サジェスト由来,評判 悪い,tomas 評判 悪い,値あり,
TOMAS,tomas,追加：SERP・サジェスト由来,やばい,tomas やばい,値あり,10
TOMAS,tomas,追加：SERP・サジェスト由来,知恵袋,tomas 知恵袋,値あり,
TOMAS,tomas,追加：SERP・サジェスト由来,2ch,tomas 2ch,値あり,10
TOMAS,tomas,追加：SERP・サジェスト由来,料金表,tomas 料金表,値あり,40
TOMAS,tomas,追加：SERP・サジェスト由来,授業料,tomas 授業料,値あり,260
TOMAS,tomas,追加：SERP・サジェスト由来,夏期講習,tomas 夏期講習,値あり,50
TOMAS,tomas,追加：SERP・サジェスト由来,意味ない,tomas 意味ない,値あり,
TOMAS,tomas,追加：SERP・サジェスト由来,バイト,tomas バイト,値あり,390
TOMAS,tomas,追加：SERP・サジェスト由来,求人,tomas 求人,値あり,50
TOMAS,tomas,追加：KWP KeywordSeed由来,クチコミ,tomas クチコミ,値あり,70
TOMAS,tomas,追加：KWP KeywordSeed由来,やめとけ,tomas やめとけ,値あり,
TOMAS,tomas,追加：KWP KeywordSeed由来,合格実績,tomas 合格実績,値あり,70
TOMAS,tomas,追加：KWP KeywordSeed由来,時間割,tomas 時間割,値あり,1300
TOMAS,tomas,追加：KWP KeywordSeed由来,キャンペーン,tomas キャンペーン,値あり,
TOMAS,tomas,追加：KWP KeywordSeed由来,割引,tomas 割引,値あり,
TOMAS,tomas,追加：KWP KeywordSeed由来,コース,tomas コース,値あり,10
TOMAS,tomas,追加：KWP KeywordSeed由来,春期講習,tomas 春期講習,値あり,30
TOMAS,tomas,追加：KWP KeywordSeed由来,冬期講習,tomas 冬期講習,値あり,40
TOMAS,tomas,追加：KWP KeywordSeed由来,電話番号,tomas 電話番号,値あり,
TOMAS,tomas,追加：KWP KeywordSeed由来,ホームページ,tomas ホームページ,値あり,10
TOMAS,tomas,追加：KWP KeywordSeed由来,株式会社,tomas 株式会社,値あり,40
TOMAS,tomas,追加：KWP KeywordSeed由来,講師,tomas 講師,値あり,70
TOMAS,tomas,追加：KWP KeywordSeed由来,とは,tomas とは,値あり,30
武田塾,武田塾,評判・第三者評価,口コミ,武田塾 口コミ,値あり,880
武田塾,武田塾,評判・第三者評価,評判,武田塾 評判,値あり,1000
武田塾,武田塾,評判・第三者評価,レビュー,武田塾 レビュー,値あり,50
武田塾,武田塾,評判・第三者評価,体験談,武田塾 体験談,値あり,20
武田塾,武田塾,評判・第三者評価,感想,武田塾 感想,値あり,10
武田塾,武田塾,評判・第三者評価,評価,武田塾 評価,値あり,70
武田塾,武田塾,料金・契約,料金,武田塾 料金,値あり,9900
武田塾,武田塾,料金・契約,費用,武田塾 費用,値あり,2400
武田塾,武田塾,料金・契約,月謝,武田塾 月謝,値あり,260
武田塾,武田塾,料金・契約,値段,武田塾 値段,値あり,1000
武田塾,武田塾,料金・契約,価格,武田塾 価格,値あり,30
武田塾,武田塾,料金・契約,入会金,武田塾 入会金,値あり,90
武田塾,武田塾,料金・契約,教材費,武田塾 教材費,値あり,
武田塾,武田塾,料金・契約,高い,武田塾 高い,値あり,390
武田塾,武田塾,料金・契約,安い,武田塾 安い,値あり,20
武田塾,武田塾,比較・選択,比較,武田塾 比較,値あり,10
武田塾,武田塾,比較・選択,違い,武田塾 違い,値あり,
武田塾,武田塾,比較・選択,どっち,武田塾 どっち,値あり,
武田塾,武田塾,比較・選択,おすすめ,武田塾 おすすめ,値あり,20
武田塾,武田塾,比較・選択,他社,武田塾 他社,値あり,
武田塾,武田塾,比較・選択,ランキング,武田塾 ランキング,値あり,30
武田塾,武田塾,不安・ネガティブ確認,デメリット,武田塾 デメリット,値あり,30
武田塾,武田塾,不安・ネガティブ確認,メリット,武田塾 メリット,値あり,20
武田塾,武田塾,不安・ネガティブ確認,怪しい,武田塾 怪しい,値あり,40
武田塾,武田塾,不安・ネガティブ確認,最悪,武田塾 最悪,値あり,10
武田塾,武田塾,不安・ネガティブ確認,失敗,武田塾 失敗,値あり,20
武田塾,武田塾,不安・ネガティブ確認,後悔,武田塾 後悔,値あり,140
武田塾,武田塾,不安・ネガティブ確認,合わない,武田塾 合わない,値あり,10
武田塾,武田塾,不安・ネガティブ確認,向いてない,武田塾 向いてない,値あり,
武田塾,武田塾,不安・ネガティブ確認,やめたい,武田塾 やめたい,値あり,50
武田塾,武田塾,不安・ネガティブ確認,辞めたい,武田塾 辞めたい,値あり,50
武田塾,武田塾,不安・ネガティブ確認,退会,武田塾 退会,値あり,10
武田塾,武田塾,不安・ネガティブ確認,解約,武田塾 解約,値あり,
武田塾,武田塾,申込直前,無料体験,武田塾 無料体験,値あり,110
武田塾,武田塾,申込直前,体験,武田塾 体験,値あり,260
武田塾,武田塾,申込直前,体験授業,武田塾 体験授業,値あり,70
武田塾,武田塾,申込直前,無料相談,武田塾 無料相談,値あり,880
武田塾,武田塾,申込直前,資料請求,武田塾 資料請求,値あり,90
武田塾,武田塾,申込直前,申し込み,武田塾 申し込み,値あり,20
武田塾,武田塾,申込直前,入会,武田塾 入会,値あり,
武田塾,武田塾,発達特性との相性,発達障害,武田塾 発達障害,値あり,
武田塾,武田塾,発達特性との相性,発達障がい,武田塾 発達障がい,値あり,
武田塾,武田塾,発達特性との相性,グレーゾーン,武田塾 グレーゾーン,値あり,
武田塾,武田塾,発達特性との相性,ADHD,武田塾 ADHD,値あり,10
武田塾,武田塾,発達特性との相性,ASD,武田塾 ASD,値あり,
武田塾,武田塾,発達特性との相性,自閉症,武田塾 自閉症,値あり,
武田塾,武田塾,発達特性との相性,LD,武田塾 LD,値あり,
武田塾,武田塾,発達特性との相性,学習障害,武田塾 学習障害,値あり,
武田塾,武田塾,発達特性との相性,境界知能,武田塾 境界知能,値あり,
武田塾,武田塾,発達特性との相性,不登校,武田塾 不登校,値あり,20
武田塾,武田塾,対象・用途,小学生,武田塾 小学生,値あり,140
武田塾,武田塾,対象・用途,中学生,武田塾 中学生,値あり,480
武田塾,武田塾,対象・用途,高校生,武田塾 高校生,値あり,20
武田塾,武田塾,対象・用途,高校受験,武田塾 高校受験,値あり,210
武田塾,武田塾,対象・用途,中学受験,武田塾 中学受験,値あり,50
武田塾,武田塾,対象・用途,大学受験,武田塾 大学受験,値あり,90
武田塾,武田塾,追加：SERP・サジェスト由来,評判 悪い,武田塾 評判 悪い,値あり,50
武田塾,武田塾,追加：SERP・サジェスト由来,やばい,武田塾 やばい,値あり,720
武田塾,武田塾,追加：SERP・サジェスト由来,知恵袋,武田塾 知恵袋,値あり,320
武田塾,武田塾,追加：SERP・サジェスト由来,2ch,武田塾 2ch,値あり,10
武田塾,武田塾,追加：SERP・サジェスト由来,料金表,武田塾 料金表,値あり,720
武田塾,武田塾,追加：SERP・サジェスト由来,授業料,武田塾 授業料,値あり,210
武田塾,武田塾,追加：SERP・サジェスト由来,夏期講習,武田塾 夏期講習,値あり,210
武田塾,武田塾,追加：SERP・サジェスト由来,意味ない,武田塾 意味ない,値あり,50
武田塾,武田塾,追加：SERP・サジェスト由来,バイト,武田塾 バイト,値あり,1900
武田塾,武田塾,追加：SERP・サジェスト由来,求人,武田塾 求人,値あり,260
武田塾,武田塾,追加：KWP KeywordSeed由来,クチコミ,武田塾 クチコミ,値あり,880
武田塾,武田塾,追加：KWP KeywordSeed由来,やめとけ,武田塾 やめとけ,値あり,3600
武田塾,武田塾,追加：KWP KeywordSeed由来,合格実績,武田塾 合格実績,値あり,880
武田塾,武田塾,追加：KWP KeywordSeed由来,時間割,武田塾 時間割,値あり,110
武田塾,武田塾,追加：KWP KeywordSeed由来,キャンペーン,武田塾 キャンペーン,値あり,50
武田塾,武田塾,追加：KWP KeywordSeed由来,割引,武田塾 割引,値あり,20
武田塾,武田塾,追加：KWP KeywordSeed由来,コース,武田塾 コース,値あり,260
武田塾,武田塾,追加：KWP KeywordSeed由来,春期講習,武田塾 春期講習,値あり,50
武田塾,武田塾,追加：KWP KeywordSeed由来,冬期講習,武田塾 冬期講習,値あり,90
武田塾,武田塾,追加：KWP KeywordSeed由来,電話番号,武田塾 電話番号,値あり,50
武田塾,武田塾,追加：KWP KeywordSeed由来,ホームページ,武田塾 ホームページ,値あり,40
武田塾,武田塾,追加：KWP KeywordSeed由来,株式会社,武田塾 株式会社,値あり,30
武田塾,武田塾,追加：KWP KeywordSeed由来,講師,武田塾 講師,値あり,720
武田塾,武田塾,追加：KWP KeywordSeed由来,とは,武田塾 とは,値あり,110
武田塾,武田塾,発達特性×口コミ,発達障害 口コミ,武田塾 発達障害 口コミ,値あり,
武田塾,武田塾,発達特性×口コミ,発達障がい 口コミ,武田塾 発達障がい 口コミ,値あり,
武田塾,武田塾,発達特性×口コミ,グレーゾーン 口コミ,武田塾 グレーゾーン 口コミ,値あり,
武田塾,武田塾,発達特性×口コミ,ADHD 口コミ,武田塾 ADHD 口コミ,値あり,
武田塾,武田塾,発達特性×口コミ,ASD 口コミ,武田塾 ASD 口コミ,値あり,
武田塾,武田塾,発達特性×口コミ,自閉症 口コミ,武田塾 自閉症 口コミ,値あり,
武田塾,武田塾,発達特性×口コミ,LD 口コミ,武田塾 LD 口コミ,値あり,
武田塾,武田塾,発達特性×口コミ,学習障害 口コミ,武田塾 学習障害 口コミ,値あり,
武田塾,武田塾,発達特性×口コミ,境界知能 口コミ,武田塾 境界知能 口コミ,値あり,
武田塾,武田塾,発達特性×口コミ,不登校 口コミ,武田塾 不登校 口コミ,値あり,
武田塾,武田塾,発達特性×評判,発達障害 評判,武田塾 発達障害 評判,値あり,
武田塾,武田塾,発達特性×評判,発達障がい 評判,武田塾 発達障がい 評判,値あり,
武田塾,武田塾,発達特性×評判,グレーゾーン 評判,武田塾 グレーゾーン 評判,値あり,
武田塾,武田塾,発達特性×評判,ADHD 評判,武田塾 ADHD 評判,値あり,
武田塾,武田塾,発達特性×評判,ASD 評判,武田塾 ASD 評判,値あり,
武田塾,武田塾,発達特性×評判,自閉症 評判,武田塾 自閉症 評判,値あり,
武田塾,武田塾,発達特性×評判,LD 評判,武田塾 LD 評判,値あり,
武田塾,武田塾,発達特性×評判,学習障害 評判,武田塾 学習障害 評判,値あり,
武田塾,武田塾,発達特性×評判,境界知能 評判,武田塾 境界知能 評判,値あり,
武田塾,武田塾,発達特性×評判,不登校 評判,武田塾 不登校 評判,値あり,
武田塾,武田塾,発達特性×料金,発達障害 料金,武田塾 発達障害 料金,値あり,
武田塾,武田塾,発達特性×料金,発達障がい 料金,武田塾 発達障がい 料金,値あり,
武田塾,武田塾,発達特性×料金,グレーゾーン 料金,武田塾 グレーゾーン 料金,値あり,
武田塾,武田塾,発達特性×料金,ADHD 料金,武田塾 ADHD 料金,値あり,
武田塾,武田塾,発達特性×料金,ASD 料金,武田塾 ASD 料金,値あり,
武田塾,武田塾,発達特性×料金,自閉症 料金,武田塾 自閉症 料金,値あり,
武田塾,武田塾,発達特性×料金,LD 料金,武田塾 LD 料金,値あり,
武田塾,武田塾,発達特性×料金,学習障害 料金,武田塾 学習障害 料金,値あり,
武田塾,武田塾,発達特性×料金,境界知能 料金,武田塾 境界知能 料金,値あり,
武田塾,武田塾,発達特性×料金,不登校 料金,武田塾 不登校 料金,値あり,
フリーステップ,フリーステップ,評判・第三者評価,口コミ,フリーステップ 口コミ,値あり,210
フリーステップ,フリーステップ,評判・第三者評価,評判,フリーステップ 評判,値あり,90
フリーステップ,フリーステップ,評判・第三者評価,レビュー,フリーステップ レビュー,値あり,
フリーステップ,フリーステップ,評判・第三者評価,体験談,フリーステップ 体験談,値あり,
フリーステップ,フリーステップ,評判・第三者評価,感想,フリーステップ 感想,値あり,
フリーステップ,フリーステップ,評判・第三者評価,評価,フリーステップ 評価,値あり,10
フリーステップ,フリーステップ,料金・契約,料金,フリーステップ 料金,値あり,720
フリーステップ,フリーステップ,料金・契約,費用,フリーステップ 費用,値あり,30
フリーステップ,フリーステップ,料金・契約,月謝,フリーステップ 月謝,値あり,40
フリーステップ,フリーステップ,料金・契約,値段,フリーステップ 値段,値あり,70
フリーステップ,フリーステップ,料金・契約,価格,フリーステップ 価格,値あり,
フリーステップ,フリーステップ,料金・契約,入会金,フリーステップ 入会金,値あり,20
フリーステップ,フリーステップ,料金・契約,教材費,フリーステップ 教材費,値あり,
フリーステップ,フリーステップ,料金・契約,高い,フリーステップ 高い,値あり,20
フリーステップ,フリーステップ,料金・契約,安い,フリーステップ 安い,値あり,
フリーステップ,フリーステップ,比較・選択,比較,フリーステップ 比較,値あり,
フリーステップ,フリーステップ,比較・選択,違い,フリーステップ 違い,値あり,
フリーステップ,フリーステップ,比較・選択,どっち,フリーステップ どっち,値あり,
フリーステップ,フリーステップ,比較・選択,おすすめ,フリーステップ おすすめ,値あり,
フリーステップ,フリーステップ,比較・選択,他社,フリーステップ 他社,値あり,
フリーステップ,フリーステップ,比較・選択,ランキング,フリーステップ ランキング,値あり,
フリーステップ,フリーステップ,不安・ネガティブ確認,デメリット,フリーステップ デメリット,値あり,
フリーステップ,フリーステップ,不安・ネガティブ確認,メリット,フリーステップ メリット,値あり,
フリーステップ,フリーステップ,不安・ネガティブ確認,怪しい,フリーステップ 怪しい,値あり,
フリーステップ,フリーステップ,不安・ネガティブ確認,最悪,フリーステップ 最悪,値あり,260
フリーステップ,フリーステップ,不安・ネガティブ確認,失敗,フリーステップ 失敗,値あり,
フリーステップ,フリーステップ,不安・ネガティブ確認,後悔,フリーステップ 後悔,値あり,
フリーステップ,フリーステップ,不安・ネガティブ確認,合わない,フリーステップ 合わない,値あり,
フリーステップ,フリーステップ,不安・ネガティブ確認,向いてない,フリーステップ 向いてない,値あり,
フリーステップ,フリーステップ,不安・ネガティブ確認,やめたい,フリーステップ やめたい,値あり,
フリーステップ,フリーステップ,不安・ネガティブ確認,辞めたい,フリーステップ 辞めたい,値あり,
フリーステップ,フリーステップ,不安・ネガティブ確認,退会,フリーステップ 退会,値あり,10
フリーステップ,フリーステップ,不安・ネガティブ確認,解約,フリーステップ 解約,値あり,10
フリーステップ,フリーステップ,申込直前,無料体験,フリーステップ 無料体験,値あり,20
フリーステップ,フリーステップ,申込直前,体験,フリーステップ 体験,値あり,20
フリーステップ,フリーステップ,申込直前,体験授業,フリーステップ 体験授業,値あり,20
フリーステップ,フリーステップ,申込直前,無料相談,フリーステップ 無料相談,値あり,
フリーステップ,フリーステップ,申込直前,資料請求,フリーステップ 資料請求,値あり,
フリーステップ,フリーステップ,申込直前,申し込み,フリーステップ 申し込み,値あり,
フリーステップ,フリーステップ,申込直前,入会,フリーステップ 入会,値あり,
フリーステップ,フリーステップ,発達特性との相性,発達障害,フリーステップ 発達障害,値あり,
フリーステップ,フリーステップ,発達特性との相性,発達障がい,フリーステップ 発達障がい,値あり,
フリーステップ,フリーステップ,発達特性との相性,グレーゾーン,フリーステップ グレーゾーン,値あり,
フリーステップ,フリーステップ,発達特性との相性,ADHD,フリーステップ ADHD,値あり,
フリーステップ,フリーステップ,発達特性との相性,ASD,フリーステップ ASD,値あり,
フリーステップ,フリーステップ,発達特性との相性,自閉症,フリーステップ 自閉症,値あり,
フリーステップ,フリーステップ,発達特性との相性,LD,フリーステップ LD,値あり,
フリーステップ,フリーステップ,発達特性との相性,学習障害,フリーステップ 学習障害,値あり,
フリーステップ,フリーステップ,発達特性との相性,境界知能,フリーステップ 境界知能,値あり,
フリーステップ,フリーステップ,発達特性との相性,不登校,フリーステップ 不登校,値あり,
フリーステップ,フリーステップ,対象・用途,小学生,フリーステップ 小学生,値あり,20
フリーステップ,フリーステップ,対象・用途,中学生,フリーステップ 中学生,値あり,
フリーステップ,フリーステップ,対象・用途,高校生,フリーステップ 高校生,値あり,30
フリーステップ,フリーステップ,対象・用途,高校受験,フリーステップ 高校受験,値あり,10
フリーステップ,フリーステップ,対象・用途,中学受験,フリーステップ 中学受験,値あり,30
フリーステップ,フリーステップ,対象・用途,大学受験,フリーステップ 大学受験,値あり,50
フリーステップ,フリーステップ,追加：SERP・サジェスト由来,評判 悪い,フリーステップ 評判 悪い,値あり,320
フリーステップ,フリーステップ,追加：SERP・サジェスト由来,やばい,フリーステップ やばい,値あり,480
フリーステップ,フリーステップ,追加：SERP・サジェスト由来,知恵袋,フリーステップ 知恵袋,値あり,40
フリーステップ,フリーステップ,追加：SERP・サジェスト由来,2ch,フリーステップ 2ch,値あり,10
フリーステップ,フリーステップ,追加：SERP・サジェスト由来,料金表,フリーステップ 料金表,値あり,590
フリーステップ,フリーステップ,追加：SERP・サジェスト由来,授業料,フリーステップ 授業料,値あり,210
フリーステップ,フリーステップ,追加：SERP・サジェスト由来,夏期講習,フリーステップ 夏期講習,値あり,210
フリーステップ,フリーステップ,追加：SERP・サジェスト由来,意味ない,フリーステップ 意味ない,値あり,
フリーステップ,フリーステップ,追加：SERP・サジェスト由来,バイト,フリーステップ バイト,値あり,880
フリーステップ,フリーステップ,追加：SERP・サジェスト由来,求人,フリーステップ 求人,値あり,70
フリーステップ,フリーステップ,追加：KWP KeywordSeed由来,クチコミ,フリーステップ クチコミ,値あり,
フリーステップ,フリーステップ,追加：KWP KeywordSeed由来,やめとけ,フリーステップ やめとけ,値あり,
フリーステップ,フリーステップ,追加：KWP KeywordSeed由来,合格実績,フリーステップ 合格実績,値あり,90
フリーステップ,フリーステップ,追加：KWP KeywordSeed由来,時間割,フリーステップ 時間割,値あり,590
フリーステップ,フリーステップ,追加：KWP KeywordSeed由来,キャンペーン,フリーステップ キャンペーン,値あり,40
フリーステップ,フリーステップ,追加：KWP KeywordSeed由来,割引,フリーステップ 割引,値あり,
フリーステップ,フリーステップ,追加：KWP KeywordSeed由来,コース,フリーステップ コース,値あり,
フリーステップ,フリーステップ,追加：KWP KeywordSeed由来,春期講習,フリーステップ 春期講習,値あり,90
フリーステップ,フリーステップ,追加：KWP KeywordSeed由来,冬期講習,フリーステップ 冬期講習,値あり,140
フリーステップ,フリーステップ,追加：KWP KeywordSeed由来,電話番号,フリーステップ 電話番号,値あり,40
フリーステップ,フリーステップ,追加：KWP KeywordSeed由来,ホームページ,フリーステップ ホームページ,値あり,20
フリーステップ,フリーステップ,追加：KWP KeywordSeed由来,株式会社,フリーステップ 株式会社,値あり,
フリーステップ,フリーステップ,追加：KWP KeywordSeed由来,講師,フリーステップ 講師,値あり,70
フリーステップ,フリーステップ,追加：KWP KeywordSeed由来,とは,フリーステップ とは,値あり,
フリーステップ,フリーステップ,発達特性×口コミ,発達障害 口コミ,フリーステップ 発達障害 口コミ,値あり,
フリーステップ,フリーステップ,発達特性×口コミ,発達障がい 口コミ,フリーステップ 発達障がい 口コミ,値あり,
フリーステップ,フリーステップ,発達特性×口コミ,グレーゾーン 口コミ,フリーステップ グレーゾーン 口コミ,値あり,
フリーステップ,フリーステップ,発達特性×口コミ,ADHD 口コミ,フリーステップ ADHD 口コミ,値あり,
フリーステップ,フリーステップ,発達特性×口コミ,ASD 口コミ,フリーステップ ASD 口コミ,値あり,
フリーステップ,フリーステップ,発達特性×口コミ,自閉症 口コミ,フリーステップ 自閉症 口コミ,値あり,
フリーステップ,フリーステップ,発達特性×口コミ,LD 口コミ,フリーステップ LD 口コミ,値あり,
フリーステップ,フリーステップ,発達特性×口コミ,学習障害 口コミ,フリーステップ 学習障害 口コミ,値あり,
フリーステップ,フリーステップ,発達特性×口コミ,境界知能 口コミ,フリーステップ 境界知能 口コミ,値あり,
フリーステップ,フリーステップ,発達特性×口コミ,不登校 口コミ,フリーステップ 不登校 口コミ,値あり,
フリーステップ,フリーステップ,発達特性×評判,発達障害 評判,フリーステップ 発達障害 評判,値あり,
フリーステップ,フリーステップ,発達特性×評判,発達障がい 評判,フリーステップ 発達障がい 評判,値あり,
フリーステップ,フリーステップ,発達特性×評判,グレーゾーン 評判,フリーステップ グレーゾーン 評判,値あり,
フリーステップ,フリーステップ,発達特性×評判,ADHD 評判,フリーステップ ADHD 評判,値あり,
フリーステップ,フリーステップ,発達特性×評判,ASD 評判,フリーステップ ASD 評判,値あり,
フリーステップ,フリーステップ,発達特性×評判,自閉症 評判,フリーステップ 自閉症 評判,値あり,
フリーステップ,フリーステップ,発達特性×評判,LD 評判,フリーステップ LD 評判,値あり,
フリーステップ,フリーステップ,発達特性×評判,学習障害 評判,フリーステップ 学習障害 評判,値あり,
フリーステップ,フリーステップ,発達特性×評判,境界知能 評判,フリーステップ 境界知能 評判,値あり,
フリーステップ,フリーステップ,発達特性×評判,不登校 評判,フリーステップ 不登校 評判,値あり,
フリーステップ,フリーステップ,発達特性×料金,発達障害 料金,フリーステップ 発達障害 料金,値あり,
フリーステップ,フリーステップ,発達特性×料金,発達障がい 料金,フリーステップ 発達障がい 料金,値あり,
フリーステップ,フリーステップ,発達特性×料金,グレーゾーン 料金,フリーステップ グレーゾーン 料金,値あり,
フリーステップ,フリーステップ,発達特性×料金,ADHD 料金,フリーステップ ADHD 料金,値あり,
フリーステップ,フリーステップ,発達特性×料金,ASD 料金,フリーステップ ASD 料金,値あり,
フリーステップ,フリーステップ,発達特性×料金,自閉症 料金,フリーステップ 自閉症 料金,値あり,
フリーステップ,フリーステップ,発達特性×料金,LD 料金,フリーステップ LD 料金,値あり,
フリーステップ,フリーステップ,発達特性×料金,学習障害 料金,フリーステップ 学習障害 料金,値あり,
フリーステップ,フリーステップ,発達特性×料金,境界知能 料金,フリーステップ 境界知能 料金,値あり,
フリーステップ,フリーステップ,発達特性×料金,不登校 料金,フリーステップ 不登校 料金,値あり,
京進スクール・ワン,スクールワン,評判・第三者評価,口コミ,スクールワン 口コミ,値あり,40
京進スクール・ワン,スクールワン,評判・第三者評価,評判,スクールワン 評判,値あり,10
京進スクール・ワン,スクールワン,評判・第三者評価,レビュー,スクールワン レビュー,値あり,
京進スクール・ワン,スクールワン,評判・第三者評価,体験談,スクールワン 体験談,値あり,
京進スクール・ワン,スクールワン,評判・第三者評価,感想,スクールワン 感想,値あり,
京進スクール・ワン,スクールワン,評判・第三者評価,評価,スクールワン 評価,値あり,
京進スクール・ワン,スクールワン,料金・契約,料金,スクールワン 料金,値あり,170
京進スクール・ワン,スクールワン,料金・契約,費用,スクールワン 費用,値あり,
京進スクール・ワン,スクールワン,料金・契約,月謝,スクールワン 月謝,値あり,10
京進スクール・ワン,スクールワン,料金・契約,値段,スクールワン 値段,値あり,
京進スクール・ワン,スクールワン,料金・契約,価格,スクールワン 価格,値あり,
京進スクール・ワン,スクールワン,料金・契約,入会金,スクールワン 入会金,値あり,
京進スクール・ワン,スクールワン,料金・契約,教材費,スクールワン 教材費,値あり,
京進スクール・ワン,スクールワン,料金・契約,高い,スクールワン 高い,値あり,
京進スクール・ワン,スクールワン,料金・契約,安い,スクールワン 安い,値あり,
京進スクール・ワン,スクールワン,比較・選択,比較,スクールワン 比較,値あり,
京進スクール・ワン,スクールワン,比較・選択,違い,スクールワン 違い,値あり,
京進スクール・ワン,スクールワン,比較・選択,どっち,スクールワン どっち,値あり,
京進スクール・ワン,スクールワン,比較・選択,おすすめ,スクールワン おすすめ,値あり,
京進スクール・ワン,スクールワン,比較・選択,他社,スクールワン 他社,値あり,
京進スクール・ワン,スクールワン,比較・選択,ランキング,スクールワン ランキング,値あり,
京進スクール・ワン,スクールワン,不安・ネガティブ確認,デメリット,スクールワン デメリット,値あり,
京進スクール・ワン,スクールワン,不安・ネガティブ確認,メリット,スクールワン メリット,値あり,
京進スクール・ワン,スクールワン,不安・ネガティブ確認,怪しい,スクールワン 怪しい,値あり,
京進スクール・ワン,スクールワン,不安・ネガティブ確認,最悪,スクールワン 最悪,値あり,
京進スクール・ワン,スクールワン,不安・ネガティブ確認,失敗,スクールワン 失敗,値あり,
京進スクール・ワン,スクールワン,不安・ネガティブ確認,後悔,スクールワン 後悔,値あり,
京進スクール・ワン,スクールワン,不安・ネガティブ確認,合わない,スクールワン 合わない,値あり,
京進スクール・ワン,スクールワン,不安・ネガティブ確認,向いてない,スクールワン 向いてない,値あり,
京進スクール・ワン,スクールワン,不安・ネガティブ確認,やめたい,スクールワン やめたい,値あり,
京進スクール・ワン,スクールワン,不安・ネガティブ確認,辞めたい,スクールワン 辞めたい,値あり,
京進スクール・ワン,スクールワン,不安・ネガティブ確認,退会,スクールワン 退会,値あり,
京進スクール・ワン,スクールワン,不安・ネガティブ確認,解約,スクールワン 解約,値あり,
京進スクール・ワン,スクールワン,申込直前,無料体験,スクールワン 無料体験,値あり,
京進スクール・ワン,スクールワン,申込直前,体験,スクールワン 体験,値あり,
京進スクール・ワン,スクールワン,申込直前,体験授業,スクールワン 体験授業,値あり,
京進スクール・ワン,スクールワン,申込直前,無料相談,スクールワン 無料相談,値あり,
京進スクール・ワン,スクールワン,申込直前,資料請求,スクールワン 資料請求,値あり,
京進スクール・ワン,スクールワン,申込直前,申し込み,スクールワン 申し込み,値あり,
京進スクール・ワン,スクールワン,申込直前,入会,スクールワン 入会,値あり,
京進スクール・ワン,スクールワン,発達特性との相性,発達障害,スクールワン 発達障害,値あり,
京進スクール・ワン,スクールワン,発達特性との相性,発達障がい,スクールワン 発達障がい,値あり,
京進スクール・ワン,スクールワン,発達特性との相性,グレーゾーン,スクールワン グレーゾーン,値あり,
京進スクール・ワン,スクールワン,発達特性との相性,ADHD,スクールワン ADHD,値あり,
京進スクール・ワン,スクールワン,発達特性との相性,ASD,スクールワン ASD,値あり,
京進スクール・ワン,スクールワン,発達特性との相性,自閉症,スクールワン 自閉症,値あり,
京進スクール・ワン,スクールワン,発達特性との相性,LD,スクールワン LD,値あり,
京進スクール・ワン,スクールワン,発達特性との相性,学習障害,スクールワン 学習障害,値あり,
京進スクール・ワン,スクールワン,発達特性との相性,境界知能,スクールワン 境界知能,値あり,
京進スクール・ワン,スクールワン,発達特性との相性,不登校,スクールワン 不登校,値あり,
京進スクール・ワン,スクールワン,対象・用途,小学生,スクールワン 小学生,値あり,
京進スクール・ワン,スクールワン,対象・用途,中学生,スクールワン 中学生,値あり,
京進スクール・ワン,スクールワン,対象・用途,高校生,スクールワン 高校生,値あり,
京進スクール・ワン,スクールワン,対象・用途,高校受験,スクールワン 高校受験,値あり,
京進スクール・ワン,スクールワン,対象・用途,中学受験,スクールワン 中学受験,値あり,
京進スクール・ワン,スクールワン,対象・用途,大学受験,スクールワン 大学受験,値あり,
京進スクール・ワン,スクールワン,追加：SERP・サジェスト由来,評判 悪い,スクールワン 評判 悪い,値あり,
京進スクール・ワン,スクールワン,追加：SERP・サジェスト由来,やばい,スクールワン やばい,値あり,
京進スクール・ワン,スクールワン,追加：SERP・サジェスト由来,知恵袋,スクールワン 知恵袋,値あり,
京進スクール・ワン,スクールワン,追加：SERP・サジェスト由来,2ch,スクールワン 2ch,値あり,
京進スクール・ワン,スクールワン,追加：SERP・サジェスト由来,料金表,スクールワン 料金表,値あり,
京進スクール・ワン,スクールワン,追加：SERP・サジェスト由来,授業料,スクールワン 授業料,値あり,40
京進スクール・ワン,スクールワン,追加：SERP・サジェスト由来,夏期講習,スクールワン 夏期講習,値あり,10
京進スクール・ワン,スクールワン,追加：SERP・サジェスト由来,意味ない,スクールワン 意味ない,値あり,
京進スクール・ワン,スクールワン,追加：SERP・サジェスト由来,バイト,スクールワン バイト,値あり,70
京進スクール・ワン,スクールワン,追加：SERP・サジェスト由来,求人,スクールワン 求人,値あり,
京進スクール・ワン,スクールワン,追加：KWP KeywordSeed由来,クチコミ,スクールワン クチコミ,値あり,
京進スクール・ワン,スクールワン,追加：KWP KeywordSeed由来,やめとけ,スクールワン やめとけ,値あり,
京進スクール・ワン,スクールワン,追加：KWP KeywordSeed由来,合格実績,スクールワン 合格実績,値あり,
京進スクール・ワン,スクールワン,追加：KWP KeywordSeed由来,時間割,スクールワン 時間割,値あり,
京進スクール・ワン,スクールワン,追加：KWP KeywordSeed由来,キャンペーン,スクールワン キャンペーン,値あり,
京進スクール・ワン,スクールワン,追加：KWP KeywordSeed由来,割引,スクールワン 割引,値あり,
京進スクール・ワン,スクールワン,追加：KWP KeywordSeed由来,コース,スクールワン コース,値あり,
京進スクール・ワン,スクールワン,追加：KWP KeywordSeed由来,春期講習,スクールワン 春期講習,値あり,
京進スクール・ワン,スクールワン,追加：KWP KeywordSeed由来,冬期講習,スクールワン 冬期講習,値あり,10
京進スクール・ワン,スクールワン,追加：KWP KeywordSeed由来,電話番号,スクールワン 電話番号,値あり,
京進スクール・ワン,スクールワン,追加：KWP KeywordSeed由来,ホームページ,スクールワン ホームページ,値あり,
京進スクール・ワン,スクールワン,追加：KWP KeywordSeed由来,株式会社,スクールワン 株式会社,値あり,
京進スクール・ワン,スクールワン,追加：KWP KeywordSeed由来,講師,スクールワン 講師,値あり,
京進スクール・ワン,スクールワン,追加：KWP KeywordSeed由来,とは,スクールワン とは,値あり,
京進スクール・ワン,スクールワン,発達特性×口コミ,発達障害 口コミ,スクールワン 発達障害 口コミ,値あり,
京進スクール・ワン,スクールワン,発達特性×口コミ,発達障がい 口コミ,スクールワン 発達障がい 口コミ,値あり,
京進スクール・ワン,スクールワン,発達特性×口コミ,グレーゾーン 口コミ,スクールワン グレーゾーン 口コミ,値あり,
京進スクール・ワン,スクールワン,発達特性×口コミ,ADHD 口コミ,スクールワン ADHD 口コミ,値あり,
京進スクール・ワン,スクールワン,発達特性×口コミ,ASD 口コミ,スクールワン ASD 口コミ,値あり,
京進スクール・ワン,スクールワン,発達特性×口コミ,自閉症 口コミ,スクールワン 自閉症 口コミ,値あり,
京進スクール・ワン,スクールワン,発達特性×口コミ,LD 口コミ,スクールワン LD 口コミ,値あり,
京進スクール・ワン,スクールワン,発達特性×口コミ,学習障害 口コミ,スクールワン 学習障害 口コミ,値あり,
京進スクール・ワン,スクールワン,発達特性×口コミ,境界知能 口コミ,スクールワン 境界知能 口コミ,値あり,
京進スクール・ワン,スクールワン,発達特性×口コミ,不登校 口コミ,スクールワン 不登校 口コミ,値あり,
京進スクール・ワン,スクールワン,発達特性×評判,発達障害 評判,スクールワン 発達障害 評判,値あり,
京進スクール・ワン,スクールワン,発達特性×評判,発達障がい 評判,スクールワン 発達障がい 評判,値あり,
京進スクール・ワン,スクールワン,発達特性×評判,グレーゾーン 評判,スクールワン グレーゾーン 評判,値あり,
京進スクール・ワン,スクールワン,発達特性×評判,ADHD 評判,スクールワン ADHD 評判,値あり,
京進スクール・ワン,スクールワン,発達特性×評判,ASD 評判,スクールワン ASD 評判,値あり,
京進スクール・ワン,スクールワン,発達特性×評判,自閉症 評判,スクールワン 自閉症 評判,値あり,
京進スクール・ワン,スクールワン,発達特性×評判,LD 評判,スクールワン LD 評判,値あり,
京進スクール・ワン,スクールワン,発達特性×評判,学習障害 評判,スクールワン 学習障害 評判,値あり,
京進スクール・ワン,スクールワン,発達特性×評判,境界知能 評判,スクールワン 境界知能 評判,値あり,
京進スクール・ワン,スクールワン,発達特性×評判,不登校 評判,スクールワン 不登校 評判,値あり,
京進スクール・ワン,スクールワン,発達特性×料金,発達障害 料金,スクールワン 発達障害 料金,値あり,
京進スクール・ワン,スクールワン,発達特性×料金,発達障がい 料金,スクールワン 発達障がい 料金,値あり,
京進スクール・ワン,スクールワン,発達特性×料金,グレーゾーン 料金,スクールワン グレーゾーン 料金,値あり,
京進スクール・ワン,スクールワン,発達特性×料金,ADHD 料金,スクールワン ADHD 料金,値あり,
京進スクール・ワン,スクールワン,発達特性×料金,ASD 料金,スクールワン ASD 料金,値あり,
京進スクール・ワン,スクールワン,発達特性×料金,自閉症 料金,スクールワン 自閉症 料金,値あり,
京進スクール・ワン,スクールワン,発達特性×料金,LD 料金,スクールワン LD 料金,値あり,
京進スクール・ワン,スクールワン,発達特性×料金,学習障害 料金,スクールワン 学習障害 料金,値あり,
京進スクール・ワン,スクールワン,発達特性×料金,境界知能 料金,スクールワン 境界知能 料金,値あり,
京進スクール・ワン,スクールワン,発達特性×料金,不登校 料金,スクールワン 不登校 料金,値あり,
京進スクール・ワン,京進スクールワン,評判・第三者評価,口コミ,京進スクールワン 口コミ,値あり,110
京進スクール・ワン,京進スクールワン,評判・第三者評価,評判,京進スクールワン 評判,値あり,10
京進スクール・ワン,京進スクールワン,評判・第三者評価,レビュー,京進スクールワン レビュー,値あり,
京進スクール・ワン,京進スクールワン,評判・第三者評価,体験談,京進スクールワン 体験談,値あり,
京進スクール・ワン,京進スクールワン,評判・第三者評価,感想,京進スクールワン 感想,値あり,
京進スクール・ワン,京進スクールワン,評判・第三者評価,評価,京進スクールワン 評価,値あり,
京進スクール・ワン,京進スクールワン,料金・契約,料金,京進スクールワン 料金,値あり,390
京進スクール・ワン,京進スクールワン,料金・契約,費用,京進スクールワン 費用,値あり,10
京進スクール・ワン,京進スクールワン,料金・契約,月謝,京進スクールワン 月謝,値あり,10
京進スクール・ワン,京進スクールワン,料金・契約,値段,京進スクールワン 値段,値あり,10
京進スクール・ワン,京進スクールワン,料金・契約,価格,京進スクールワン 価格,値あり,
京進スクール・ワン,京進スクールワン,料金・契約,入会金,京進スクールワン 入会金,値あり,
京進スクール・ワン,京進スクールワン,料金・契約,教材費,京進スクールワン 教材費,値あり,
京進スクール・ワン,京進スクールワン,料金・契約,高い,京進スクールワン 高い,値あり,
京進スクール・ワン,京進スクールワン,料金・契約,安い,京進スクールワン 安い,値あり,
京進スクール・ワン,京進スクールワン,比較・選択,比較,京進スクールワン 比較,値あり,
京進スクール・ワン,京進スクールワン,比較・選択,違い,京進スクールワン 違い,値あり,
京進スクール・ワン,京進スクールワン,比較・選択,どっち,京進スクールワン どっち,値あり,
京進スクール・ワン,京進スクールワン,比較・選択,おすすめ,京進スクールワン おすすめ,値あり,
京進スクール・ワン,京進スクールワン,比較・選択,他社,京進スクールワン 他社,値あり,
京進スクール・ワン,京進スクールワン,比較・選択,ランキング,京進スクールワン ランキング,値あり,
京進スクール・ワン,京進スクールワン,不安・ネガティブ確認,デメリット,京進スクールワン デメリット,値あり,
京進スクール・ワン,京進スクールワン,不安・ネガティブ確認,メリット,京進スクールワン メリット,値あり,
京進スクール・ワン,京進スクールワン,不安・ネガティブ確認,怪しい,京進スクールワン 怪しい,値あり,
京進スクール・ワン,京進スクールワン,不安・ネガティブ確認,最悪,京進スクールワン 最悪,値あり,
京進スクール・ワン,京進スクールワン,不安・ネガティブ確認,失敗,京進スクールワン 失敗,値あり,
京進スクール・ワン,京進スクールワン,不安・ネガティブ確認,後悔,京進スクールワン 後悔,値あり,
京進スクール・ワン,京進スクールワン,不安・ネガティブ確認,合わない,京進スクールワン 合わない,値あり,
京進スクール・ワン,京進スクールワン,不安・ネガティブ確認,向いてない,京進スクールワン 向いてない,値あり,
京進スクール・ワン,京進スクールワン,不安・ネガティブ確認,やめたい,京進スクールワン やめたい,値あり,
京進スクール・ワン,京進スクールワン,不安・ネガティブ確認,辞めたい,京進スクールワン 辞めたい,値あり,
京進スクール・ワン,京進スクールワン,不安・ネガティブ確認,退会,京進スクールワン 退会,値あり,10
京進スクール・ワン,京進スクールワン,不安・ネガティブ確認,解約,京進スクールワン 解約,値あり,
京進スクール・ワン,京進スクールワン,申込直前,無料体験,京進スクールワン 無料体験,値あり,
京進スクール・ワン,京進スクールワン,申込直前,体験,京進スクールワン 体験,値あり,
京進スクール・ワン,京進スクールワン,申込直前,体験授業,京進スクールワン 体験授業,値あり,
京進スクール・ワン,京進スクールワン,申込直前,無料相談,京進スクールワン 無料相談,値あり,
京進スクール・ワン,京進スクールワン,申込直前,資料請求,京進スクールワン 資料請求,値あり,10
京進スクール・ワン,京進スクールワン,申込直前,申し込み,京進スクールワン 申し込み,値あり,
京進スクール・ワン,京進スクールワン,申込直前,入会,京進スクールワン 入会,値あり,
京進スクール・ワン,京進スクールワン,発達特性との相性,発達障害,京進スクールワン 発達障害,値あり,
京進スクール・ワン,京進スクールワン,発達特性との相性,発達障がい,京進スクールワン 発達障がい,値あり,
京進スクール・ワン,京進スクールワン,発達特性との相性,グレーゾーン,京進スクールワン グレーゾーン,値あり,
京進スクール・ワン,京進スクールワン,発達特性との相性,ADHD,京進スクールワン ADHD,値あり,
京進スクール・ワン,京進スクールワン,発達特性との相性,ASD,京進スクールワン ASD,値あり,
京進スクール・ワン,京進スクールワン,発達特性との相性,自閉症,京進スクールワン 自閉症,値あり,
京進スクール・ワン,京進スクールワン,発達特性との相性,LD,京進スクールワン LD,値あり,
京進スクール・ワン,京進スクールワン,発達特性との相性,学習障害,京進スクールワン 学習障害,値あり,
京進スクール・ワン,京進スクールワン,発達特性との相性,境界知能,京進スクールワン 境界知能,値あり,
京進スクール・ワン,京進スクールワン,発達特性との相性,不登校,京進スクールワン 不登校,値あり,
京進スクール・ワン,京進スクールワン,対象・用途,小学生,京進スクールワン 小学生,値あり,
京進スクール・ワン,京進スクールワン,対象・用途,中学生,京進スクールワン 中学生,値あり,
京進スクール・ワン,京進スクールワン,対象・用途,高校生,京進スクールワン 高校生,値あり,10
京進スクール・ワン,京進スクールワン,対象・用途,高校受験,京進スクールワン 高校受験,値あり,
京進スクール・ワン,京進スクールワン,対象・用途,中学受験,京進スクールワン 中学受験,値あり,10
京進スクール・ワン,京進スクールワン,対象・用途,大学受験,京進スクールワン 大学受験,値あり,10
京進スクール・ワン,京進スクールワン,追加：SERP・サジェスト由来,評判 悪い,京進スクールワン 評判 悪い,値あり,140
京進スクール・ワン,京進スクールワン,追加：SERP・サジェスト由来,やばい,京進スクールワン やばい,値あり,
京進スクール・ワン,京進スクールワン,追加：SERP・サジェスト由来,知恵袋,京進スクールワン 知恵袋,値あり,
京進スクール・ワン,京進スクールワン,追加：SERP・サジェスト由来,2ch,京進スクールワン 2ch,値あり,
京進スクール・ワン,京進スクールワン,追加：SERP・サジェスト由来,料金表,京進スクールワン 料金表,値あり,30
京進スクール・ワン,京進スクールワン,追加：SERP・サジェスト由来,授業料,京進スクールワン 授業料,値あり,20
京進スクール・ワン,京進スクールワン,追加：SERP・サジェスト由来,夏期講習,京進スクールワン 夏期講習,値あり,20
京進スクール・ワン,京進スクールワン,追加：SERP・サジェスト由来,意味ない,京進スクールワン 意味ない,値あり,
京進スクール・ワン,京進スクールワン,追加：SERP・サジェスト由来,バイト,京進スクールワン バイト,値あり,170
京進スクール・ワン,京進スクールワン,追加：SERP・サジェスト由来,求人,京進スクールワン 求人,値あり,10
京進スクール・ワン,京進スクールワン,追加：KWP KeywordSeed由来,クチコミ,京進スクールワン クチコミ,値あり,
京進スクール・ワン,京進スクールワン,追加：KWP KeywordSeed由来,やめとけ,京進スクールワン やめとけ,値あり,
京進スクール・ワン,京進スクールワン,追加：KWP KeywordSeed由来,合格実績,京進スクールワン 合格実績,値あり,30
京進スクール・ワン,京進スクールワン,追加：KWP KeywordSeed由来,時間割,京進スクールワン 時間割,値あり,40
京進スクール・ワン,京進スクールワン,追加：KWP KeywordSeed由来,キャンペーン,京進スクールワン キャンペーン,値あり,10
京進スクール・ワン,京進スクールワン,追加：KWP KeywordSeed由来,割引,京進スクールワン 割引,値あり,
京進スクール・ワン,京進スクールワン,追加：KWP KeywordSeed由来,コース,京進スクールワン コース,値あり,
京進スクール・ワン,京進スクールワン,追加：KWP KeywordSeed由来,春期講習,京進スクールワン 春期講習,値あり,10
京進スクール・ワン,京進スクールワン,追加：KWP KeywordSeed由来,冬期講習,京進スクールワン 冬期講習,値あり,10
京進スクール・ワン,京進スクールワン,追加：KWP KeywordSeed由来,電話番号,京進スクールワン 電話番号,値あり,10
京進スクール・ワン,京進スクールワン,追加：KWP KeywordSeed由来,ホームページ,京進スクールワン ホームページ,値あり,10
京進スクール・ワン,京進スクールワン,追加：KWP KeywordSeed由来,株式会社,京進スクールワン 株式会社,値あり,
京進スクール・ワン,京進スクールワン,追加：KWP KeywordSeed由来,講師,京進スクールワン 講師,値あり,10
京進スクール・ワン,京進スクールワン,追加：KWP KeywordSeed由来,とは,京進スクールワン とは,値あり,
ECCベストワン,ベストワン,評判・第三者評価,口コミ,ベストワン 口コミ,値あり,20
ECCベストワン,ベストワン,評判・第三者評価,評判,ベストワン 評判,値あり,10
ECCベストワン,ベストワン,評判・第三者評価,レビュー,ベストワン レビュー,値あり,
ECCベストワン,ベストワン,評判・第三者評価,体験談,ベストワン 体験談,値あり,
ECCベストワン,ベストワン,評判・第三者評価,感想,ベストワン 感想,値あり,
ECCベストワン,ベストワン,評判・第三者評価,評価,ベストワン 評価,値あり,10
ECCベストワン,ベストワン,料金・契約,料金,ベストワン 料金,値あり,20
ECCベストワン,ベストワン,料金・契約,費用,ベストワン 費用,値あり,
ECCベストワン,ベストワン,料金・契約,月謝,ベストワン 月謝,値あり,10
ECCベストワン,ベストワン,料金・契約,値段,ベストワン 値段,値あり,
ECCベストワン,ベストワン,料金・契約,価格,ベストワン 価格,値あり,
ECCベストワン,ベストワン,料金・契約,入会金,ベストワン 入会金,値あり,
ECCベストワン,ベストワン,料金・契約,教材費,ベストワン 教材費,値あり,
ECCベストワン,ベストワン,料金・契約,高い,ベストワン 高い,値あり,
ECCベストワン,ベストワン,料金・契約,安い,ベストワン 安い,値あり,
ECCベストワン,ベストワン,比較・選択,比較,ベストワン 比較,値あり,
ECCベストワン,ベストワン,比較・選択,違い,ベストワン 違い,値あり,
ECCベストワン,ベストワン,比較・選択,どっち,ベストワン どっち,値あり,
ECCベストワン,ベストワン,比較・選択,おすすめ,ベストワン おすすめ,値あり,10
ECCベストワン,ベストワン,比較・選択,他社,ベストワン 他社,値あり,
ECCベストワン,ベストワン,比較・選択,ランキング,ベストワン ランキング,値あり,
ECCベストワン,ベストワン,不安・ネガティブ確認,デメリット,ベストワン デメリット,値あり,
ECCベストワン,ベストワン,不安・ネガティブ確認,メリット,ベストワン メリット,値あり,
ECCベストワン,ベストワン,不安・ネガティブ確認,怪しい,ベストワン 怪しい,値あり,
ECCベストワン,ベストワン,不安・ネガティブ確認,最悪,ベストワン 最悪,値あり,
ECCベストワン,ベストワン,不安・ネガティブ確認,失敗,ベストワン 失敗,値あり,
ECCベストワン,ベストワン,不安・ネガティブ確認,後悔,ベストワン 後悔,値あり,
ECCベストワン,ベストワン,不安・ネガティブ確認,合わない,ベストワン 合わない,値あり,
ECCベストワン,ベストワン,不安・ネガティブ確認,向いてない,ベストワン 向いてない,値あり,
ECCベストワン,ベストワン,不安・ネガティブ確認,やめたい,ベストワン やめたい,値あり,
ECCベストワン,ベストワン,不安・ネガティブ確認,辞めたい,ベストワン 辞めたい,値あり,
ECCベストワン,ベストワン,不安・ネガティブ確認,退会,ベストワン 退会,値あり,10
ECCベストワン,ベストワン,不安・ネガティブ確認,解約,ベストワン 解約,値あり,
ECCベストワン,ベストワン,申込直前,無料体験,ベストワン 無料体験,値あり,
ECCベストワン,ベストワン,申込直前,体験,ベストワン 体験,値あり,
ECCベストワン,ベストワン,申込直前,体験授業,ベストワン 体験授業,値あり,
ECCベストワン,ベストワン,申込直前,無料相談,ベストワン 無料相談,値あり,
ECCベストワン,ベストワン,申込直前,資料請求,ベストワン 資料請求,値あり,
ECCベストワン,ベストワン,申込直前,申し込み,ベストワン 申し込み,値あり,
ECCベストワン,ベストワン,申込直前,入会,ベストワン 入会,値あり,
ECCベストワン,ベストワン,発達特性との相性,発達障害,ベストワン 発達障害,値あり,
ECCベストワン,ベストワン,発達特性との相性,発達障がい,ベストワン 発達障がい,値あり,
ECCベストワン,ベストワン,発達特性との相性,グレーゾーン,ベストワン グレーゾーン,値あり,
ECCベストワン,ベストワン,発達特性との相性,ADHD,ベストワン ADHD,値あり,
ECCベストワン,ベストワン,発達特性との相性,ASD,ベストワン ASD,値あり,
ECCベストワン,ベストワン,発達特性との相性,自閉症,ベストワン 自閉症,値あり,
ECCベストワン,ベストワン,発達特性との相性,LD,ベストワン LD,値あり,
ECCベストワン,ベストワン,発達特性との相性,学習障害,ベストワン 学習障害,値あり,
ECCベストワン,ベストワン,発達特性との相性,境界知能,ベストワン 境界知能,値あり,
ECCベストワン,ベストワン,発達特性との相性,不登校,ベストワン 不登校,値あり,
ECCベストワン,ベストワン,対象・用途,小学生,ベストワン 小学生,値あり,
ECCベストワン,ベストワン,対象・用途,中学生,ベストワン 中学生,値あり,
ECCベストワン,ベストワン,対象・用途,高校生,ベストワン 高校生,値あり,
ECCベストワン,ベストワン,対象・用途,高校受験,ベストワン 高校受験,値あり,
ECCベストワン,ベストワン,対象・用途,中学受験,ベストワン 中学受験,値あり,
ECCベストワン,ベストワン,対象・用途,大学受験,ベストワン 大学受験,値あり,
ECCベストワン,ベストワン,追加：SERP・サジェスト由来,評判 悪い,ベストワン 評判 悪い,値あり,
ECCベストワン,ベストワン,追加：SERP・サジェスト由来,やばい,ベストワン やばい,値あり,
ECCベストワン,ベストワン,追加：SERP・サジェスト由来,知恵袋,ベストワン 知恵袋,値あり,
ECCベストワン,ベストワン,追加：SERP・サジェスト由来,2ch,ベストワン 2ch,値あり,
ECCベストワン,ベストワン,追加：SERP・サジェスト由来,料金表,ベストワン 料金表,値あり,
ECCベストワン,ベストワン,追加：SERP・サジェスト由来,授業料,ベストワン 授業料,値あり,10
ECCベストワン,ベストワン,追加：SERP・サジェスト由来,夏期講習,ベストワン 夏期講習,値あり,10
ECCベストワン,ベストワン,追加：SERP・サジェスト由来,意味ない,ベストワン 意味ない,値あり,
ECCベストワン,ベストワン,追加：SERP・サジェスト由来,バイト,ベストワン バイト,値あり,10
ECCベストワン,ベストワン,追加：SERP・サジェスト由来,求人,ベストワン 求人,値あり,30
ECCベストワン,ベストワン,追加：KWP KeywordSeed由来,クチコミ,ベストワン クチコミ,値あり,
ECCベストワン,ベストワン,追加：KWP KeywordSeed由来,やめとけ,ベストワン やめとけ,値あり,
ECCベストワン,ベストワン,追加：KWP KeywordSeed由来,合格実績,ベストワン 合格実績,値あり,
ECCベストワン,ベストワン,追加：KWP KeywordSeed由来,時間割,ベストワン 時間割,値あり,
ECCベストワン,ベストワン,追加：KWP KeywordSeed由来,キャンペーン,ベストワン キャンペーン,値あり,
ECCベストワン,ベストワン,追加：KWP KeywordSeed由来,割引,ベストワン 割引,値あり,
ECCベストワン,ベストワン,追加：KWP KeywordSeed由来,コース,ベストワン コース,値あり,
ECCベストワン,ベストワン,追加：KWP KeywordSeed由来,春期講習,ベストワン 春期講習,値あり,10
ECCベストワン,ベストワン,追加：KWP KeywordSeed由来,冬期講習,ベストワン 冬期講習,値あり,10
ECCベストワン,ベストワン,追加：KWP KeywordSeed由来,電話番号,ベストワン 電話番号,値あり,
ECCベストワン,ベストワン,追加：KWP KeywordSeed由来,ホームページ,ベストワン ホームページ,値あり,
ECCベストワン,ベストワン,追加：KWP KeywordSeed由来,株式会社,ベストワン 株式会社,値あり,70
ECCベストワン,ベストワン,追加：KWP KeywordSeed由来,講師,ベストワン 講師,値あり,
ECCベストワン,ベストワン,追加：KWP KeywordSeed由来,とは,ベストワン とは,値あり,
ECCベストワン,ベストワン,発達特性×口コミ,発達障害 口コミ,ベストワン 発達障害 口コミ,値あり,
ECCベストワン,ベストワン,発達特性×口コミ,発達障がい 口コミ,ベストワン 発達障がい 口コミ,値あり,
ECCベストワン,ベストワン,発達特性×口コミ,グレーゾーン 口コミ,ベストワン グレーゾーン 口コミ,値あり,
ECCベストワン,ベストワン,発達特性×口コミ,ADHD 口コミ,ベストワン ADHD 口コミ,値あり,
ECCベストワン,ベストワン,発達特性×口コミ,ASD 口コミ,ベストワン ASD 口コミ,値あり,
ECCベストワン,ベストワン,発達特性×口コミ,自閉症 口コミ,ベストワン 自閉症 口コミ,値あり,
ECCベストワン,ベストワン,発達特性×口コミ,LD 口コミ,ベストワン LD 口コミ,値あり,
ECCベストワン,ベストワン,発達特性×口コミ,学習障害 口コミ,ベストワン 学習障害 口コミ,値あり,
ECCベストワン,ベストワン,発達特性×口コミ,境界知能 口コミ,ベストワン 境界知能 口コミ,値あり,
ECCベストワン,ベストワン,発達特性×口コミ,不登校 口コミ,ベストワン 不登校 口コミ,値あり,
ECCベストワン,ベストワン,発達特性×評判,発達障害 評判,ベストワン 発達障害 評判,値あり,
ECCベストワン,ベストワン,発達特性×評判,発達障がい 評判,ベストワン 発達障がい 評判,値あり,
ECCベストワン,ベストワン,発達特性×評判,グレーゾーン 評判,ベストワン グレーゾーン 評判,値あり,
ECCベストワン,ベストワン,発達特性×評判,ADHD 評判,ベストワン ADHD 評判,値あり,
ECCベストワン,ベストワン,発達特性×評判,ASD 評判,ベストワン ASD 評判,値あり,
ECCベストワン,ベストワン,発達特性×評判,自閉症 評判,ベストワン 自閉症 評判,値あり,
ECCベストワン,ベストワン,発達特性×評判,LD 評判,ベストワン LD 評判,値あり,
ECCベストワン,ベストワン,発達特性×評判,学習障害 評判,ベストワン 学習障害 評判,値あり,
ECCベストワン,ベストワン,発達特性×評判,境界知能 評判,ベストワン 境界知能 評判,値あり,
ECCベストワン,ベストワン,発達特性×評判,不登校 評判,ベストワン 不登校 評判,値あり,
ECCベストワン,ベストワン,発達特性×料金,発達障害 料金,ベストワン 発達障害 料金,値あり,
ECCベストワン,ベストワン,発達特性×料金,発達障がい 料金,ベストワン 発達障がい 料金,値あり,
ECCベストワン,ベストワン,発達特性×料金,グレーゾーン 料金,ベストワン グレーゾーン 料金,値あり,
ECCベストワン,ベストワン,発達特性×料金,ADHD 料金,ベストワン ADHD 料金,値あり,
ECCベストワン,ベストワン,発達特性×料金,ASD 料金,ベストワン ASD 料金,値あり,
ECCベストワン,ベストワン,発達特性×料金,自閉症 料金,ベストワン 自閉症 料金,値あり,
ECCベストワン,ベストワン,発達特性×料金,LD 料金,ベストワン LD 料金,値あり,
ECCベストワン,ベストワン,発達特性×料金,学習障害 料金,ベストワン 学習障害 料金,値あり,
ECCベストワン,ベストワン,発達特性×料金,境界知能 料金,ベストワン 境界知能 料金,値あり,
ECCベストワン,ベストワン,発達特性×料金,不登校 料金,ベストワン 不登校 料金,値あり,
ECCベストワン,ecc ベストワン,評判・第三者評価,口コミ,ecc ベストワン 口コミ,値あり,10
ECCベストワン,ecc ベストワン,評判・第三者評価,評判,ecc ベストワン 評判,値あり,50
ECCベストワン,ecc ベストワン,評判・第三者評価,レビュー,ecc ベストワン レビュー,値あり,
ECCベストワン,ecc ベストワン,評判・第三者評価,体験談,ecc ベストワン 体験談,値あり,
ECCベストワン,ecc ベストワン,評判・第三者評価,感想,ecc ベストワン 感想,値あり,
ECCベストワン,ecc ベストワン,評判・第三者評価,評価,ecc ベストワン 評価,値あり,
ECCベストワン,ecc ベストワン,料金・契約,料金,ecc ベストワン 料金,値あり,170
ECCベストワン,ecc ベストワン,料金・契約,費用,ecc ベストワン 費用,値あり,
ECCベストワン,ecc ベストワン,料金・契約,月謝,ecc ベストワン 月謝,値あり,
ECCベストワン,ecc ベストワン,料金・契約,値段,ecc ベストワン 値段,値あり,10
ECCベストワン,ecc ベストワン,料金・契約,価格,ecc ベストワン 価格,値あり,
ECCベストワン,ecc ベストワン,料金・契約,入会金,ecc ベストワン 入会金,値あり,
ECCベストワン,ecc ベストワン,料金・契約,教材費,ecc ベストワン 教材費,値あり,
ECCベストワン,ecc ベストワン,料金・契約,高い,ecc ベストワン 高い,値あり,
ECCベストワン,ecc ベストワン,料金・契約,安い,ecc ベストワン 安い,値あり,
ECCベストワン,ecc ベストワン,比較・選択,比較,ecc ベストワン 比較,値あり,
ECCベストワン,ecc ベストワン,比較・選択,違い,ecc ベストワン 違い,値あり,
ECCベストワン,ecc ベストワン,比較・選択,どっち,ecc ベストワン どっち,値あり,
ECCベストワン,ecc ベストワン,比較・選択,おすすめ,ecc ベストワン おすすめ,値あり,
ECCベストワン,ecc ベストワン,比較・選択,他社,ecc ベストワン 他社,値あり,
ECCベストワン,ecc ベストワン,比較・選択,ランキング,ecc ベストワン ランキング,値あり,
ECCベストワン,ecc ベストワン,不安・ネガティブ確認,デメリット,ecc ベストワン デメリット,値あり,
ECCベストワン,ecc ベストワン,不安・ネガティブ確認,メリット,ecc ベストワン メリット,値あり,
ECCベストワン,ecc ベストワン,不安・ネガティブ確認,怪しい,ecc ベストワン 怪しい,値あり,
ECCベストワン,ecc ベストワン,不安・ネガティブ確認,最悪,ecc ベストワン 最悪,値あり,
ECCベストワン,ecc ベストワン,不安・ネガティブ確認,失敗,ecc ベストワン 失敗,値あり,
ECCベストワン,ecc ベストワン,不安・ネガティブ確認,後悔,ecc ベストワン 後悔,値あり,
ECCベストワン,ecc ベストワン,不安・ネガティブ確認,合わない,ecc ベストワン 合わない,値あり,
ECCベストワン,ecc ベストワン,不安・ネガティブ確認,向いてない,ecc ベストワン 向いてない,値あり,
ECCベストワン,ecc ベストワン,不安・ネガティブ確認,やめたい,ecc ベストワン やめたい,値あり,
ECCベストワン,ecc ベストワン,不安・ネガティブ確認,辞めたい,ecc ベストワン 辞めたい,値あり,
ECCベストワン,ecc ベストワン,不安・ネガティブ確認,退会,ecc ベストワン 退会,値あり,10
ECCベストワン,ecc ベストワン,不安・ネガティブ確認,解約,ecc ベストワン 解約,値あり,
ECCベストワン,ecc ベストワン,申込直前,無料体験,ecc ベストワン 無料体験,値あり,
ECCベストワン,ecc ベストワン,申込直前,体験,ecc ベストワン 体験,値あり,
ECCベストワン,ecc ベストワン,申込直前,体験授業,ecc ベストワン 体験授業,値あり,
ECCベストワン,ecc ベストワン,申込直前,無料相談,ecc ベストワン 無料相談,値あり,
ECCベストワン,ecc ベストワン,申込直前,資料請求,ecc ベストワン 資料請求,値あり,
ECCベストワン,ecc ベストワン,申込直前,申し込み,ecc ベストワン 申し込み,値あり,
ECCベストワン,ecc ベストワン,申込直前,入会,ecc ベストワン 入会,値あり,
ECCベストワン,ecc ベストワン,発達特性との相性,発達障害,ecc ベストワン 発達障害,値あり,
ECCベストワン,ecc ベストワン,発達特性との相性,発達障がい,ecc ベストワン 発達障がい,値あり,
ECCベストワン,ecc ベストワン,発達特性との相性,グレーゾーン,ecc ベストワン グレーゾーン,値あり,
ECCベストワン,ecc ベストワン,発達特性との相性,ADHD,ecc ベストワン ADHD,値あり,
ECCベストワン,ecc ベストワン,発達特性との相性,ASD,ecc ベストワン ASD,値あり,
ECCベストワン,ecc ベストワン,発達特性との相性,自閉症,ecc ベストワン 自閉症,値あり,
ECCベストワン,ecc ベストワン,発達特性との相性,LD,ecc ベストワン LD,値あり,
ECCベストワン,ecc ベストワン,発達特性との相性,学習障害,ecc ベストワン 学習障害,値あり,
ECCベストワン,ecc ベストワン,発達特性との相性,境界知能,ecc ベストワン 境界知能,値あり,
ECCベストワン,ecc ベストワン,発達特性との相性,不登校,ecc ベストワン 不登校,値あり,
ECCベストワン,ecc ベストワン,対象・用途,小学生,ecc ベストワン 小学生,値あり,
ECCベストワン,ecc ベストワン,対象・用途,中学生,ecc ベストワン 中学生,値あり,
ECCベストワン,ecc ベストワン,対象・用途,高校生,ecc ベストワン 高校生,値あり,
ECCベストワン,ecc ベストワン,対象・用途,高校受験,ecc ベストワン 高校受験,値あり,
ECCベストワン,ecc ベストワン,対象・用途,中学受験,ecc ベストワン 中学受験,値あり,10
ECCベストワン,ecc ベストワン,対象・用途,大学受験,ecc ベストワン 大学受験,値あり,
ECCベストワン,ecc ベストワン,追加：SERP・サジェスト由来,評判 悪い,ecc ベストワン 評判 悪い,値あり,
ECCベストワン,ecc ベストワン,追加：SERP・サジェスト由来,やばい,ecc ベストワン やばい,値あり,
ECCベストワン,ecc ベストワン,追加：SERP・サジェスト由来,知恵袋,ecc ベストワン 知恵袋,値あり,
ECCベストワン,ecc ベストワン,追加：SERP・サジェスト由来,2ch,ecc ベストワン 2ch,値あり,
ECCベストワン,ecc ベストワン,追加：SERP・サジェスト由来,料金表,ecc ベストワン 料金表,値あり,
ECCベストワン,ecc ベストワン,追加：SERP・サジェスト由来,授業料,ecc ベストワン 授業料,値あり,10
ECCベストワン,ecc ベストワン,追加：SERP・サジェスト由来,夏期講習,ecc ベストワン 夏期講習,値あり,10
ECCベストワン,ecc ベストワン,追加：SERP・サジェスト由来,意味ない,ecc ベストワン 意味ない,値あり,
ECCベストワン,ecc ベストワン,追加：SERP・サジェスト由来,バイト,ecc ベストワン バイト,値あり,50
ECCベストワン,ecc ベストワン,追加：SERP・サジェスト由来,求人,ecc ベストワン 求人,値あり,20
ECCベストワン,ecc ベストワン,追加：KWP KeywordSeed由来,クチコミ,ecc ベストワン クチコミ,値あり,
ECCベストワン,ecc ベストワン,追加：KWP KeywordSeed由来,やめとけ,ecc ベストワン やめとけ,値あり,
ECCベストワン,ecc ベストワン,追加：KWP KeywordSeed由来,合格実績,ecc ベストワン 合格実績,値あり,
ECCベストワン,ecc ベストワン,追加：KWP KeywordSeed由来,時間割,ecc ベストワン 時間割,値あり,
ECCベストワン,ecc ベストワン,追加：KWP KeywordSeed由来,キャンペーン,ecc ベストワン キャンペーン,値あり,10
ECCベストワン,ecc ベストワン,追加：KWP KeywordSeed由来,割引,ecc ベストワン 割引,値あり,
ECCベストワン,ecc ベストワン,追加：KWP KeywordSeed由来,コース,ecc ベストワン コース,値あり,
ECCベストワン,ecc ベストワン,追加：KWP KeywordSeed由来,春期講習,ecc ベストワン 春期講習,値あり,10
ECCベストワン,ecc ベストワン,追加：KWP KeywordSeed由来,冬期講習,ecc ベストワン 冬期講習,値あり,10
ECCベストワン,ecc ベストワン,追加：KWP KeywordSeed由来,電話番号,ecc ベストワン 電話番号,値あり,
ECCベストワン,ecc ベストワン,追加：KWP KeywordSeed由来,ホームページ,ecc ベストワン ホームページ,値あり,
ECCベストワン,ecc ベストワン,追加：KWP KeywordSeed由来,株式会社,ecc ベストワン 株式会社,値あり,
ECCベストワン,ecc ベストワン,追加：KWP KeywordSeed由来,講師,ecc ベストワン 講師,値あり,
ECCベストワン,ecc ベストワン,追加：KWP KeywordSeed由来,とは,ecc ベストワン とは,値あり,
キズキ共育塾,キズキ共育塾,評判・第三者評価,口コミ,キズキ共育塾 口コミ,値あり,140
キズキ共育塾,キズキ共育塾,評判・第三者評価,評判,キズキ共育塾 評判,値あり,20
キズキ共育塾,キズキ共育塾,評判・第三者評価,レビュー,キズキ共育塾 レビュー,値あり,
キズキ共育塾,キズキ共育塾,評判・第三者評価,体験談,キズキ共育塾 体験談,値あり,
キズキ共育塾,キズキ共育塾,評判・第三者評価,感想,キズキ共育塾 感想,値あり,
キズキ共育塾,キズキ共育塾,評判・第三者評価,評価,キズキ共育塾 評価,値あり,
キズキ共育塾,キズキ共育塾,料金・契約,料金,キズキ共育塾 料金,値あり,50
キズキ共育塾,キズキ共育塾,料金・契約,費用,キズキ共育塾 費用,値あり,30
キズキ共育塾,キズキ共育塾,料金・契約,月謝,キズキ共育塾 月謝,値あり,10
キズキ共育塾,キズキ共育塾,料金・契約,値段,キズキ共育塾 値段,値あり,
キズキ共育塾,キズキ共育塾,料金・契約,価格,キズキ共育塾 価格,値あり,
キズキ共育塾,キズキ共育塾,料金・契約,入会金,キズキ共育塾 入会金,値あり,
キズキ共育塾,キズキ共育塾,料金・契約,教材費,キズキ共育塾 教材費,値あり,
キズキ共育塾,キズキ共育塾,料金・契約,高い,キズキ共育塾 高い,値あり,
キズキ共育塾,キズキ共育塾,料金・契約,安い,キズキ共育塾 安い,値あり,
キズキ共育塾,キズキ共育塾,比較・選択,比較,キズキ共育塾 比較,値あり,
キズキ共育塾,キズキ共育塾,比較・選択,違い,キズキ共育塾 違い,値あり,
キズキ共育塾,キズキ共育塾,比較・選択,どっち,キズキ共育塾 どっち,値あり,
キズキ共育塾,キズキ共育塾,比較・選択,おすすめ,キズキ共育塾 おすすめ,値あり,
キズキ共育塾,キズキ共育塾,比較・選択,他社,キズキ共育塾 他社,値あり,
キズキ共育塾,キズキ共育塾,比較・選択,ランキング,キズキ共育塾 ランキング,値あり,
キズキ共育塾,キズキ共育塾,不安・ネガティブ確認,デメリット,キズキ共育塾 デメリット,値あり,
キズキ共育塾,キズキ共育塾,不安・ネガティブ確認,メリット,キズキ共育塾 メリット,値あり,
キズキ共育塾,キズキ共育塾,不安・ネガティブ確認,怪しい,キズキ共育塾 怪しい,値あり,
キズキ共育塾,キズキ共育塾,不安・ネガティブ確認,最悪,キズキ共育塾 最悪,値あり,
キズキ共育塾,キズキ共育塾,不安・ネガティブ確認,失敗,キズキ共育塾 失敗,値あり,
キズキ共育塾,キズキ共育塾,不安・ネガティブ確認,後悔,キズキ共育塾 後悔,値あり,
キズキ共育塾,キズキ共育塾,不安・ネガティブ確認,合わない,キズキ共育塾 合わない,値あり,
キズキ共育塾,キズキ共育塾,不安・ネガティブ確認,向いてない,キズキ共育塾 向いてない,値あり,
キズキ共育塾,キズキ共育塾,不安・ネガティブ確認,やめたい,キズキ共育塾 やめたい,値あり,
キズキ共育塾,キズキ共育塾,不安・ネガティブ確認,辞めたい,キズキ共育塾 辞めたい,値あり,
キズキ共育塾,キズキ共育塾,不安・ネガティブ確認,退会,キズキ共育塾 退会,値あり,
キズキ共育塾,キズキ共育塾,不安・ネガティブ確認,解約,キズキ共育塾 解約,値あり,
キズキ共育塾,キズキ共育塾,申込直前,無料体験,キズキ共育塾 無料体験,値あり,
キズキ共育塾,キズキ共育塾,申込直前,体験,キズキ共育塾 体験,値あり,
キズキ共育塾,キズキ共育塾,申込直前,体験授業,キズキ共育塾 体験授業,値あり,
キズキ共育塾,キズキ共育塾,申込直前,無料相談,キズキ共育塾 無料相談,値あり,
キズキ共育塾,キズキ共育塾,申込直前,資料請求,キズキ共育塾 資料請求,値あり,
キズキ共育塾,キズキ共育塾,申込直前,申し込み,キズキ共育塾 申し込み,値あり,
キズキ共育塾,キズキ共育塾,申込直前,入会,キズキ共育塾 入会,値あり,
キズキ共育塾,キズキ共育塾,発達特性との相性,発達障害,キズキ共育塾 発達障害,値あり,
キズキ共育塾,キズキ共育塾,発達特性との相性,発達障がい,キズキ共育塾 発達障がい,値あり,
キズキ共育塾,キズキ共育塾,発達特性との相性,グレーゾーン,キズキ共育塾 グレーゾーン,値あり,
キズキ共育塾,キズキ共育塾,発達特性との相性,ADHD,キズキ共育塾 ADHD,値あり,
キズキ共育塾,キズキ共育塾,発達特性との相性,ASD,キズキ共育塾 ASD,値あり,
キズキ共育塾,キズキ共育塾,発達特性との相性,自閉症,キズキ共育塾 自閉症,値あり,
キズキ共育塾,キズキ共育塾,発達特性との相性,LD,キズキ共育塾 LD,値あり,
キズキ共育塾,キズキ共育塾,発達特性との相性,学習障害,キズキ共育塾 学習障害,値あり,
キズキ共育塾,キズキ共育塾,発達特性との相性,境界知能,キズキ共育塾 境界知能,値あり,
キズキ共育塾,キズキ共育塾,発達特性との相性,不登校,キズキ共育塾 不登校,値あり,
キズキ共育塾,キズキ共育塾,対象・用途,小学生,キズキ共育塾 小学生,値あり,
キズキ共育塾,キズキ共育塾,対象・用途,中学生,キズキ共育塾 中学生,値あり,
キズキ共育塾,キズキ共育塾,対象・用途,高校生,キズキ共育塾 高校生,値あり,
キズキ共育塾,キズキ共育塾,対象・用途,高校受験,キズキ共育塾 高校受験,値あり,
キズキ共育塾,キズキ共育塾,対象・用途,中学受験,キズキ共育塾 中学受験,値あり,
キズキ共育塾,キズキ共育塾,対象・用途,大学受験,キズキ共育塾 大学受験,値あり,
キズキ共育塾,キズキ共育塾,追加：SERP・サジェスト由来,評判 悪い,キズキ共育塾 評判 悪い,値あり,
キズキ共育塾,キズキ共育塾,追加：SERP・サジェスト由来,やばい,キズキ共育塾 やばい,値あり,
キズキ共育塾,キズキ共育塾,追加：SERP・サジェスト由来,知恵袋,キズキ共育塾 知恵袋,値あり,
キズキ共育塾,キズキ共育塾,追加：SERP・サジェスト由来,2ch,キズキ共育塾 2ch,値あり,10
キズキ共育塾,キズキ共育塾,追加：SERP・サジェスト由来,料金表,キズキ共育塾 料金表,値あり,
キズキ共育塾,キズキ共育塾,追加：SERP・サジェスト由来,授業料,キズキ共育塾 授業料,値あり,
キズキ共育塾,キズキ共育塾,追加：SERP・サジェスト由来,夏期講習,キズキ共育塾 夏期講習,値あり,
キズキ共育塾,キズキ共育塾,追加：SERP・サジェスト由来,意味ない,キズキ共育塾 意味ない,値あり,
キズキ共育塾,キズキ共育塾,追加：SERP・サジェスト由来,バイト,キズキ共育塾 バイト,値あり,40
キズキ共育塾,キズキ共育塾,追加：SERP・サジェスト由来,求人,キズキ共育塾 求人,値あり,40
キズキ共育塾,キズキ共育塾,追加：KWP KeywordSeed由来,クチコミ,キズキ共育塾 クチコミ,値あり,
キズキ共育塾,キズキ共育塾,追加：KWP KeywordSeed由来,やめとけ,キズキ共育塾 やめとけ,値あり,
キズキ共育塾,キズキ共育塾,追加：KWP KeywordSeed由来,合格実績,キズキ共育塾 合格実績,値あり,10
キズキ共育塾,キズキ共育塾,追加：KWP KeywordSeed由来,時間割,キズキ共育塾 時間割,値あり,
キズキ共育塾,キズキ共育塾,追加：KWP KeywordSeed由来,キャンペーン,キズキ共育塾 キャンペーン,値あり,
キズキ共育塾,キズキ共育塾,追加：KWP KeywordSeed由来,割引,キズキ共育塾 割引,値あり,
キズキ共育塾,キズキ共育塾,追加：KWP KeywordSeed由来,コース,キズキ共育塾 コース,値あり,
キズキ共育塾,キズキ共育塾,追加：KWP KeywordSeed由来,春期講習,キズキ共育塾 春期講習,値あり,
キズキ共育塾,キズキ共育塾,追加：KWP KeywordSeed由来,冬期講習,キズキ共育塾 冬期講習,値あり,
キズキ共育塾,キズキ共育塾,追加：KWP KeywordSeed由来,電話番号,キズキ共育塾 電話番号,値あり,
キズキ共育塾,キズキ共育塾,追加：KWP KeywordSeed由来,ホームページ,キズキ共育塾 ホームページ,値あり,
キズキ共育塾,キズキ共育塾,追加：KWP KeywordSeed由来,株式会社,キズキ共育塾 株式会社,値あり,
キズキ共育塾,キズキ共育塾,追加：KWP KeywordSeed由来,講師,キズキ共育塾 講師,値あり,10
キズキ共育塾,キズキ共育塾,追加：KWP KeywordSeed由来,とは,キズキ共育塾 とは,値あり,
キズキ共育塾,キズキ共育塾,発達特性×口コミ,発達障害 口コミ,キズキ共育塾 発達障害 口コミ,値あり,
キズキ共育塾,キズキ共育塾,発達特性×口コミ,発達障がい 口コミ,キズキ共育塾 発達障がい 口コミ,値あり,
キズキ共育塾,キズキ共育塾,発達特性×口コミ,グレーゾーン 口コミ,キズキ共育塾 グレーゾーン 口コミ,値あり,
キズキ共育塾,キズキ共育塾,発達特性×口コミ,ADHD 口コミ,キズキ共育塾 ADHD 口コミ,値あり,
キズキ共育塾,キズキ共育塾,発達特性×口コミ,ASD 口コミ,キズキ共育塾 ASD 口コミ,値あり,
キズキ共育塾,キズキ共育塾,発達特性×口コミ,自閉症 口コミ,キズキ共育塾 自閉症 口コミ,値あり,
キズキ共育塾,キズキ共育塾,発達特性×口コミ,LD 口コミ,キズキ共育塾 LD 口コミ,値あり,
キズキ共育塾,キズキ共育塾,発達特性×口コミ,学習障害 口コミ,キズキ共育塾 学習障害 口コミ,値あり,
キズキ共育塾,キズキ共育塾,発達特性×口コミ,境界知能 口コミ,キズキ共育塾 境界知能 口コミ,値あり,
キズキ共育塾,キズキ共育塾,発達特性×口コミ,不登校 口コミ,キズキ共育塾 不登校 口コミ,値あり,
キズキ共育塾,キズキ共育塾,発達特性×評判,発達障害 評判,キズキ共育塾 発達障害 評判,値あり,
キズキ共育塾,キズキ共育塾,発達特性×評判,発達障がい 評判,キズキ共育塾 発達障がい 評判,値あり,
キズキ共育塾,キズキ共育塾,発達特性×評判,グレーゾーン 評判,キズキ共育塾 グレーゾーン 評判,値あり,
キズキ共育塾,キズキ共育塾,発達特性×評判,ADHD 評判,キズキ共育塾 ADHD 評判,値あり,
キズキ共育塾,キズキ共育塾,発達特性×評判,ASD 評判,キズキ共育塾 ASD 評判,値あり,
キズキ共育塾,キズキ共育塾,発達特性×評判,自閉症 評判,キズキ共育塾 自閉症 評判,値あり,
キズキ共育塾,キズキ共育塾,発達特性×評判,LD 評判,キズキ共育塾 LD 評判,値あり,
キズキ共育塾,キズキ共育塾,発達特性×評判,学習障害 評判,キズキ共育塾 学習障害 評判,値あり,
キズキ共育塾,キズキ共育塾,発達特性×評判,境界知能 評判,キズキ共育塾 境界知能 評判,値あり,
キズキ共育塾,キズキ共育塾,発達特性×評判,不登校 評判,キズキ共育塾 不登校 評判,値あり,
キズキ共育塾,キズキ共育塾,発達特性×料金,発達障害 料金,キズキ共育塾 発達障害 料金,値あり,
キズキ共育塾,キズキ共育塾,発達特性×料金,発達障がい 料金,キズキ共育塾 発達障がい 料金,値あり,
キズキ共育塾,キズキ共育塾,発達特性×料金,グレーゾーン 料金,キズキ共育塾 グレーゾーン 料金,値あり,
キズキ共育塾,キズキ共育塾,発達特性×料金,ADHD 料金,キズキ共育塾 ADHD 料金,値あり,
キズキ共育塾,キズキ共育塾,発達特性×料金,ASD 料金,キズキ共育塾 ASD 料金,値あり,
キズキ共育塾,キズキ共育塾,発達特性×料金,自閉症 料金,キズキ共育塾 自閉症 料金,値あり,
キズキ共育塾,キズキ共育塾,発達特性×料金,LD 料金,キズキ共育塾 LD 料金,値あり,
キズキ共育塾,キズキ共育塾,発達特性×料金,学習障害 料金,キズキ共育塾 学習障害 料金,値あり,
キズキ共育塾,キズキ共育塾,発達特性×料金,境界知能 料金,キズキ共育塾 境界知能 料金,値あり,
キズキ共育塾,キズキ共育塾,発達特性×料金,不登校 料金,キズキ共育塾 不登校 料金,値あり,
キズキ共育塾,キズキ,評判・第三者評価,口コミ,キズキ 口コミ,値あり,30
キズキ共育塾,キズキ,評判・第三者評価,評判,キズキ 評判,値あり,30
キズキ共育塾,キズキ,評判・第三者評価,レビュー,キズキ レビュー,値あり,
キズキ共育塾,キズキ,評判・第三者評価,体験談,キズキ 体験談,値あり,
キズキ共育塾,キズキ,評判・第三者評価,感想,キズキ 感想,値あり,
キズキ共育塾,キズキ,評判・第三者評価,評価,キズキ 評価,値あり,
キズキ共育塾,キズキ,料金・契約,料金,キズキ 料金,値あり,10
キズキ共育塾,キズキ,料金・契約,費用,キズキ 費用,値あり,
キズキ共育塾,キズキ,料金・契約,月謝,キズキ 月謝,値あり,
キズキ共育塾,キズキ,料金・契約,値段,キズキ 値段,値あり,10
キズキ共育塾,キズキ,料金・契約,価格,キズキ 価格,値あり,
キズキ共育塾,キズキ,料金・契約,入会金,キズキ 入会金,値あり,
キズキ共育塾,キズキ,料金・契約,教材費,キズキ 教材費,値あり,
キズキ共育塾,キズキ,料金・契約,高い,キズキ 高い,値あり,
キズキ共育塾,キズキ,料金・契約,安い,キズキ 安い,値あり,
キズキ共育塾,キズキ,比較・選択,比較,キズキ 比較,値あり,
キズキ共育塾,キズキ,比較・選択,違い,キズキ 違い,値あり,
キズキ共育塾,キズキ,比較・選択,どっち,キズキ どっち,値あり,
キズキ共育塾,キズキ,比較・選択,おすすめ,キズキ おすすめ,値あり,
キズキ共育塾,キズキ,比較・選択,他社,キズキ 他社,値あり,
キズキ共育塾,キズキ,比較・選択,ランキング,キズキ ランキング,値あり,
キズキ共育塾,キズキ,不安・ネガティブ確認,デメリット,キズキ デメリット,値あり,
キズキ共育塾,キズキ,不安・ネガティブ確認,メリット,キズキ メリット,値あり,
キズキ共育塾,キズキ,不安・ネガティブ確認,怪しい,キズキ 怪しい,値あり,
キズキ共育塾,キズキ,不安・ネガティブ確認,最悪,キズキ 最悪,値あり,
キズキ共育塾,キズキ,不安・ネガティブ確認,失敗,キズキ 失敗,値あり,
キズキ共育塾,キズキ,不安・ネガティブ確認,後悔,キズキ 後悔,値あり,
キズキ共育塾,キズキ,不安・ネガティブ確認,合わない,キズキ 合わない,値あり,
キズキ共育塾,キズキ,不安・ネガティブ確認,向いてない,キズキ 向いてない,値あり,
キズキ共育塾,キズキ,不安・ネガティブ確認,やめたい,キズキ やめたい,値あり,
キズキ共育塾,キズキ,不安・ネガティブ確認,辞めたい,キズキ 辞めたい,値あり,
キズキ共育塾,キズキ,不安・ネガティブ確認,退会,キズキ 退会,値あり,
キズキ共育塾,キズキ,不安・ネガティブ確認,解約,キズキ 解約,値あり,
キズキ共育塾,キズキ,申込直前,無料体験,キズキ 無料体験,値あり,
キズキ共育塾,キズキ,申込直前,体験,キズキ 体験,値あり,
キズキ共育塾,キズキ,申込直前,体験授業,キズキ 体験授業,値あり,
キズキ共育塾,キズキ,申込直前,無料相談,キズキ 無料相談,値あり,
キズキ共育塾,キズキ,申込直前,資料請求,キズキ 資料請求,値あり,
キズキ共育塾,キズキ,申込直前,申し込み,キズキ 申し込み,値あり,
キズキ共育塾,キズキ,申込直前,入会,キズキ 入会,値あり,
キズキ共育塾,キズキ,発達特性との相性,発達障害,キズキ 発達障害,値あり,
キズキ共育塾,キズキ,発達特性との相性,発達障がい,キズキ 発達障がい,値あり,
キズキ共育塾,キズキ,発達特性との相性,グレーゾーン,キズキ グレーゾーン,値あり,
キズキ共育塾,キズキ,発達特性との相性,ADHD,キズキ ADHD,値あり,
キズキ共育塾,キズキ,発達特性との相性,ASD,キズキ ASD,値あり,
キズキ共育塾,キズキ,発達特性との相性,自閉症,キズキ 自閉症,値あり,
キズキ共育塾,キズキ,発達特性との相性,LD,キズキ LD,値あり,
キズキ共育塾,キズキ,発達特性との相性,学習障害,キズキ 学習障害,値あり,
キズキ共育塾,キズキ,発達特性との相性,境界知能,キズキ 境界知能,値あり,
キズキ共育塾,キズキ,発達特性との相性,不登校,キズキ 不登校,値あり,50
キズキ共育塾,キズキ,対象・用途,小学生,キズキ 小学生,値あり,
キズキ共育塾,キズキ,対象・用途,中学生,キズキ 中学生,値あり,
キズキ共育塾,キズキ,対象・用途,高校生,キズキ 高校生,値あり,
キズキ共育塾,キズキ,対象・用途,高校受験,キズキ 高校受験,値あり,
キズキ共育塾,キズキ,対象・用途,中学受験,キズキ 中学受験,値あり,
キズキ共育塾,キズキ,対象・用途,大学受験,キズキ 大学受験,値あり,
キズキ共育塾,キズキ,追加：SERP・サジェスト由来,評判 悪い,キズキ 評判 悪い,値あり,
キズキ共育塾,キズキ,追加：SERP・サジェスト由来,やばい,キズキ やばい,値あり,
キズキ共育塾,キズキ,追加：SERP・サジェスト由来,知恵袋,キズキ 知恵袋,値あり,
キズキ共育塾,キズキ,追加：SERP・サジェスト由来,2ch,キズキ 2ch,値あり,
キズキ共育塾,キズキ,追加：SERP・サジェスト由来,料金表,キズキ 料金表,値あり,
キズキ共育塾,キズキ,追加：SERP・サジェスト由来,授業料,キズキ 授業料,値あり,
キズキ共育塾,キズキ,追加：SERP・サジェスト由来,夏期講習,キズキ 夏期講習,値あり,
キズキ共育塾,キズキ,追加：SERP・サジェスト由来,意味ない,キズキ 意味ない,値あり,
キズキ共育塾,キズキ,追加：SERP・サジェスト由来,バイト,キズキ バイト,値あり,20
キズキ共育塾,キズキ,追加：SERP・サジェスト由来,求人,キズキ 求人,値あり,170
キズキ共育塾,キズキ,追加：KWP KeywordSeed由来,クチコミ,キズキ クチコミ,値あり,
キズキ共育塾,キズキ,追加：KWP KeywordSeed由来,やめとけ,キズキ やめとけ,値あり,
キズキ共育塾,キズキ,追加：KWP KeywordSeed由来,合格実績,キズキ 合格実績,値あり,
キズキ共育塾,キズキ,追加：KWP KeywordSeed由来,時間割,キズキ 時間割,値あり,
キズキ共育塾,キズキ,追加：KWP KeywordSeed由来,キャンペーン,キズキ キャンペーン,値あり,
キズキ共育塾,キズキ,追加：KWP KeywordSeed由来,割引,キズキ 割引,値あり,
キズキ共育塾,キズキ,追加：KWP KeywordSeed由来,コース,キズキ コース,値あり,
キズキ共育塾,キズキ,追加：KWP KeywordSeed由来,春期講習,キズキ 春期講習,値あり,
キズキ共育塾,キズキ,追加：KWP KeywordSeed由来,冬期講習,キズキ 冬期講習,値あり,
キズキ共育塾,キズキ,追加：KWP KeywordSeed由来,電話番号,キズキ 電話番号,値あり,
キズキ共育塾,キズキ,追加：KWP KeywordSeed由来,ホームページ,キズキ ホームページ,値あり,
キズキ共育塾,キズキ,追加：KWP KeywordSeed由来,株式会社,キズキ 株式会社,値あり,70
キズキ共育塾,キズキ,追加：KWP KeywordSeed由来,講師,キズキ 講師,値あり,
キズキ共育塾,キズキ,追加：KWP KeywordSeed由来,とは,キズキ とは,値あり,
キズキビジネスカレッジ,キズキビジネスカレッジ,評判・第三者評価,口コミ,キズキビジネスカレッジ 口コミ,値あり,40
キズキビジネスカレッジ,キズキビジネスカレッジ,評判・第三者評価,評判,キズキビジネスカレッジ 評判,値あり,260
キズキビジネスカレッジ,キズキビジネスカレッジ,評判・第三者評価,レビュー,キズキビジネスカレッジ レビュー,値あり,
キズキビジネスカレッジ,キズキビジネスカレッジ,評判・第三者評価,体験談,キズキビジネスカレッジ 体験談,値あり,20
キズキビジネスカレッジ,キズキビジネスカレッジ,評判・第三者評価,感想,キズキビジネスカレッジ 感想,値あり,
キズキビジネスカレッジ,キズキビジネスカレッジ,評判・第三者評価,評価,キズキビジネスカレッジ 評価,値あり,
キズキビジネスカレッジ,キズキビジネスカレッジ,料金・契約,料金,キズキビジネスカレッジ 料金,値あり,20
キズキビジネスカレッジ,キズキビジネスカレッジ,料金・契約,費用,キズキビジネスカレッジ 費用,値あり,30
キズキビジネスカレッジ,キズキビジネスカレッジ,料金・契約,月謝,キズキビジネスカレッジ 月謝,値あり,
キズキビジネスカレッジ,キズキビジネスカレッジ,料金・契約,値段,キズキビジネスカレッジ 値段,値あり,
キズキビジネスカレッジ,キズキビジネスカレッジ,料金・契約,価格,キズキビジネスカレッジ 価格,値あり,
キズキビジネスカレッジ,キズキビジネスカレッジ,料金・契約,入会金,キズキビジネスカレッジ 入会金,値あり,
キズキビジネスカレッジ,キズキビジネスカレッジ,料金・契約,教材費,キズキビジネスカレッジ 教材費,値あり,
キズキビジネスカレッジ,キズキビジネスカレッジ,料金・契約,高い,キズキビジネスカレッジ 高い,値あり,
キズキビジネスカレッジ,キズキビジネスカレッジ,料金・契約,安い,キズキビジネスカレッジ 安い,値あり,
キズキビジネスカレッジ,キズキビジネスカレッジ,比較・選択,比較,キズキビジネスカレッジ 比較,値あり,
キズキビジネスカレッジ,キズキビジネスカレッジ,比較・選択,違い,キズキビジネスカレッジ 違い,値あり,
キズキビジネスカレッジ,キズキビジネスカレッジ,比較・選択,どっち,キズキビジネスカレッジ どっち,値あり,
キズキビジネスカレッジ,キズキビジネスカレッジ,比較・選択,おすすめ,キズキビジネスカレッジ おすすめ,値あり,
キズキビジネスカレッジ,キズキビジネスカレッジ,比較・選択,他社,キズキビジネスカレッジ 他社,値あり,
キズキビジネスカレッジ,キズキビジネスカレッジ,比較・選択,ランキング,キズキビジネスカレッジ ランキング,値あり,
キズキビジネスカレッジ,キズキビジネスカレッジ,不安・ネガティブ確認,デメリット,キズキビジネスカレッジ デメリット,値あり,
キズキビジネスカレッジ,キズキビジネスカレッジ,不安・ネガティブ確認,メリット,キズキビジネスカレッジ メリット,値あり,
キズキビジネスカレッジ,キズキビジネスカレッジ,不安・ネガティブ確認,怪しい,キズキビジネスカレッジ 怪しい,値あり,
キズキビジネスカレッジ,キズキビジネスカレッジ,不安・ネガティブ確認,最悪,キズキビジネスカレッジ 最悪,値あり,
キズキビジネスカレッジ,キズキビジネスカレッジ,不安・ネガティブ確認,失敗,キズキビジネスカレッジ 失敗,値あり,
キズキビジネスカレッジ,キズキビジネスカレッジ,不安・ネガティブ確認,後悔,キズキビジネスカレッジ 後悔,値あり,
キズキビジネスカレッジ,キズキビジネスカレッジ,不安・ネガティブ確認,合わない,キズキビジネスカレッジ 合わない,値あり,
キズキビジネスカレッジ,キズキビジネスカレッジ,不安・ネガティブ確認,向いてない,キズキビジネスカレッジ 向いてない,値あり,
キズキビジネスカレッジ,キズキビジネスカレッジ,不安・ネガティブ確認,やめたい,キズキビジネスカレッジ やめたい,値あり,
キズキビジネスカレッジ,キズキビジネスカレッジ,不安・ネガティブ確認,辞めたい,キズキビジネスカレッジ 辞めたい,値あり,
キズキビジネスカレッジ,キズキビジネスカレッジ,不安・ネガティブ確認,退会,キズキビジネスカレッジ 退会,値あり,
キズキビジネスカレッジ,キズキビジネスカレッジ,不安・ネガティブ確認,解約,キズキビジネスカレッジ 解約,値あり,
キズキビジネスカレッジ,キズキビジネスカレッジ,申込直前,無料体験,キズキビジネスカレッジ 無料体験,値あり,
キズキビジネスカレッジ,キズキビジネスカレッジ,申込直前,体験,キズキビジネスカレッジ 体験,値あり,
キズキビジネスカレッジ,キズキビジネスカレッジ,申込直前,体験授業,キズキビジネスカレッジ 体験授業,値あり,
キズキビジネスカレッジ,キズキビジネスカレッジ,申込直前,無料相談,キズキビジネスカレッジ 無料相談,値あり,
キズキビジネスカレッジ,キズキビジネスカレッジ,申込直前,資料請求,キズキビジネスカレッジ 資料請求,値あり,
キズキビジネスカレッジ,キズキビジネスカレッジ,申込直前,申し込み,キズキビジネスカレッジ 申し込み,値あり,
キズキビジネスカレッジ,キズキビジネスカレッジ,申込直前,入会,キズキビジネスカレッジ 入会,値あり,
キズキビジネスカレッジ,キズキビジネスカレッジ,発達特性との相性,発達障害,キズキビジネスカレッジ 発達障害,値あり,
キズキビジネスカレッジ,キズキビジネスカレッジ,発達特性との相性,発達障がい,キズキビジネスカレッジ 発達障がい,値あり,
キズキビジネスカレッジ,キズキビジネスカレッジ,発達特性との相性,グレーゾーン,キズキビジネスカレッジ グレーゾーン,値あり,
キズキビジネスカレッジ,キズキビジネスカレッジ,発達特性との相性,ADHD,キズキビジネスカレッジ ADHD,値あり,
キズキビジネスカレッジ,キズキビジネスカレッジ,発達特性との相性,ASD,キズキビジネスカレッジ ASD,値あり,
キズキビジネスカレッジ,キズキビジネスカレッジ,発達特性との相性,自閉症,キズキビジネスカレッジ 自閉症,値あり,
キズキビジネスカレッジ,キズキビジネスカレッジ,発達特性との相性,LD,キズキビジネスカレッジ LD,値あり,
キズキビジネスカレッジ,キズキビジネスカレッジ,発達特性との相性,学習障害,キズキビジネスカレッジ 学習障害,値あり,
キズキビジネスカレッジ,キズキビジネスカレッジ,発達特性との相性,境界知能,キズキビジネスカレッジ 境界知能,値あり,
キズキビジネスカレッジ,キズキビジネスカレッジ,発達特性との相性,不登校,キズキビジネスカレッジ 不登校,値あり,
キズキビジネスカレッジ,キズキビジネスカレッジ,対象・用途,小学生,キズキビジネスカレッジ 小学生,値あり,
キズキビジネスカレッジ,キズキビジネスカレッジ,対象・用途,中学生,キズキビジネスカレッジ 中学生,値あり,
キズキビジネスカレッジ,キズキビジネスカレッジ,対象・用途,高校生,キズキビジネスカレッジ 高校生,値あり,
キズキビジネスカレッジ,キズキビジネスカレッジ,対象・用途,高校受験,キズキビジネスカレッジ 高校受験,値あり,
キズキビジネスカレッジ,キズキビジネスカレッジ,対象・用途,中学受験,キズキビジネスカレッジ 中学受験,値あり,
キズキビジネスカレッジ,キズキビジネスカレッジ,対象・用途,大学受験,キズキビジネスカレッジ 大学受験,値あり,
キズキビジネスカレッジ,キズキビジネスカレッジ,追加：SERP・サジェスト由来,評判 悪い,キズキビジネスカレッジ 評判 悪い,値あり,
キズキビジネスカレッジ,キズキビジネスカレッジ,追加：SERP・サジェスト由来,やばい,キズキビジネスカレッジ やばい,値あり,
キズキビジネスカレッジ,キズキビジネスカレッジ,追加：SERP・サジェスト由来,知恵袋,キズキビジネスカレッジ 知恵袋,値あり,
キズキビジネスカレッジ,キズキビジネスカレッジ,追加：SERP・サジェスト由来,2ch,キズキビジネスカレッジ 2ch,値あり,
キズキビジネスカレッジ,キズキビジネスカレッジ,追加：SERP・サジェスト由来,料金表,キズキビジネスカレッジ 料金表,値あり,
キズキビジネスカレッジ,キズキビジネスカレッジ,追加：SERP・サジェスト由来,授業料,キズキビジネスカレッジ 授業料,値あり,
キズキビジネスカレッジ,キズキビジネスカレッジ,追加：SERP・サジェスト由来,夏期講習,キズキビジネスカレッジ 夏期講習,値あり,
キズキビジネスカレッジ,キズキビジネスカレッジ,追加：SERP・サジェスト由来,意味ない,キズキビジネスカレッジ 意味ない,値あり,
キズキビジネスカレッジ,キズキビジネスカレッジ,追加：SERP・サジェスト由来,バイト,キズキビジネスカレッジ バイト,値あり,
キズキビジネスカレッジ,キズキビジネスカレッジ,追加：SERP・サジェスト由来,求人,キズキビジネスカレッジ 求人,値あり,110
キズキビジネスカレッジ,キズキビジネスカレッジ,追加：KWP KeywordSeed由来,クチコミ,キズキビジネスカレッジ クチコミ,値あり,
キズキビジネスカレッジ,キズキビジネスカレッジ,追加：KWP KeywordSeed由来,やめとけ,キズキビジネスカレッジ やめとけ,値あり,
キズキビジネスカレッジ,キズキビジネスカレッジ,追加：KWP KeywordSeed由来,合格実績,キズキビジネスカレッジ 合格実績,値あり,
キズキビジネスカレッジ,キズキビジネスカレッジ,追加：KWP KeywordSeed由来,時間割,キズキビジネスカレッジ 時間割,値あり,
キズキビジネスカレッジ,キズキビジネスカレッジ,追加：KWP KeywordSeed由来,キャンペーン,キズキビジネスカレッジ キャンペーン,値あり,
キズキビジネスカレッジ,キズキビジネスカレッジ,追加：KWP KeywordSeed由来,割引,キズキビジネスカレッジ 割引,値あり,
キズキビジネスカレッジ,キズキビジネスカレッジ,追加：KWP KeywordSeed由来,コース,キズキビジネスカレッジ コース,値あり,
キズキビジネスカレッジ,キズキビジネスカレッジ,追加：KWP KeywordSeed由来,春期講習,キズキビジネスカレッジ 春期講習,値あり,
キズキビジネスカレッジ,キズキビジネスカレッジ,追加：KWP KeywordSeed由来,冬期講習,キズキビジネスカレッジ 冬期講習,値あり,
キズキビジネスカレッジ,キズキビジネスカレッジ,追加：KWP KeywordSeed由来,電話番号,キズキビジネスカレッジ 電話番号,値あり,
キズキビジネスカレッジ,キズキビジネスカレッジ,追加：KWP KeywordSeed由来,ホームページ,キズキビジネスカレッジ ホームページ,値あり,
キズキビジネスカレッジ,キズキビジネスカレッジ,追加：KWP KeywordSeed由来,株式会社,キズキビジネスカレッジ 株式会社,値あり,
キズキビジネスカレッジ,キズキビジネスカレッジ,追加：KWP KeywordSeed由来,講師,キズキビジネスカレッジ 講師,値あり,
キズキビジネスカレッジ,キズキビジネスカレッジ,追加：KWP KeywordSeed由来,とは,キズキビジネスカレッジ とは,値あり,
キズキビジネスカレッジ,キズキビジネスカレッジ,発達特性×口コミ,発達障害 口コミ,キズキビジネスカレッジ 発達障害 口コミ,値あり,
キズキビジネスカレッジ,キズキビジネスカレッジ,発達特性×口コミ,発達障がい 口コミ,キズキビジネスカレッジ 発達障がい 口コミ,値あり,
キズキビジネスカレッジ,キズキビジネスカレッジ,発達特性×口コミ,グレーゾーン 口コミ,キズキビジネスカレッジ グレーゾーン 口コミ,値あり,
キズキビジネスカレッジ,キズキビジネスカレッジ,発達特性×口コミ,ADHD 口コミ,キズキビジネスカレッジ ADHD 口コミ,値あり,
キズキビジネスカレッジ,キズキビジネスカレッジ,発達特性×口コミ,ASD 口コミ,キズキビジネスカレッジ ASD 口コミ,値あり,
キズキビジネスカレッジ,キズキビジネスカレッジ,発達特性×口コミ,自閉症 口コミ,キズキビジネスカレッジ 自閉症 口コミ,値あり,
キズキビジネスカレッジ,キズキビジネスカレッジ,発達特性×口コミ,LD 口コミ,キズキビジネスカレッジ LD 口コミ,値あり,
キズキビジネスカレッジ,キズキビジネスカレッジ,発達特性×口コミ,学習障害 口コミ,キズキビジネスカレッジ 学習障害 口コミ,値あり,
キズキビジネスカレッジ,キズキビジネスカレッジ,発達特性×口コミ,境界知能 口コミ,キズキビジネスカレッジ 境界知能 口コミ,値あり,
キズキビジネスカレッジ,キズキビジネスカレッジ,発達特性×口コミ,不登校 口コミ,キズキビジネスカレッジ 不登校 口コミ,値あり,
キズキビジネスカレッジ,キズキビジネスカレッジ,発達特性×評判,発達障害 評判,キズキビジネスカレッジ 発達障害 評判,値あり,
キズキビジネスカレッジ,キズキビジネスカレッジ,発達特性×評判,発達障がい 評判,キズキビジネスカレッジ 発達障がい 評判,値あり,
キズキビジネスカレッジ,キズキビジネスカレッジ,発達特性×評判,グレーゾーン 評判,キズキビジネスカレッジ グレーゾーン 評判,値あり,
キズキビジネスカレッジ,キズキビジネスカレッジ,発達特性×評判,ADHD 評判,キズキビジネスカレッジ ADHD 評判,値あり,
キズキビジネスカレッジ,キズキビジネスカレッジ,発達特性×評判,ASD 評判,キズキビジネスカレッジ ASD 評判,値あり,
キズキビジネスカレッジ,キズキビジネスカレッジ,発達特性×評判,自閉症 評判,キズキビジネスカレッジ 自閉症 評判,値あり,
キズキビジネスカレッジ,キズキビジネスカレッジ,発達特性×評判,LD 評判,キズキビジネスカレッジ LD 評判,値あり,
キズキビジネスカレッジ,キズキビジネスカレッジ,発達特性×評判,学習障害 評判,キズキビジネスカレッジ 学習障害 評判,値あり,
キズキビジネスカレッジ,キズキビジネスカレッジ,発達特性×評判,境界知能 評判,キズキビジネスカレッジ 境界知能 評判,値あり,
キズキビジネスカレッジ,キズキビジネスカレッジ,発達特性×評判,不登校 評判,キズキビジネスカレッジ 不登校 評判,値あり,
キズキビジネスカレッジ,キズキビジネスカレッジ,発達特性×料金,発達障害 料金,キズキビジネスカレッジ 発達障害 料金,値あり,
キズキビジネスカレッジ,キズキビジネスカレッジ,発達特性×料金,発達障がい 料金,キズキビジネスカレッジ 発達障がい 料金,値あり,
キズキビジネスカレッジ,キズキビジネスカレッジ,発達特性×料金,グレーゾーン 料金,キズキビジネスカレッジ グレーゾーン 料金,値あり,
キズキビジネスカレッジ,キズキビジネスカレッジ,発達特性×料金,ADHD 料金,キズキビジネスカレッジ ADHD 料金,値あり,
キズキビジネスカレッジ,キズキビジネスカレッジ,発達特性×料金,ASD 料金,キズキビジネスカレッジ ASD 料金,値あり,
キズキビジネスカレッジ,キズキビジネスカレッジ,発達特性×料金,自閉症 料金,キズキビジネスカレッジ 自閉症 料金,値あり,
キズキビジネスカレッジ,キズキビジネスカレッジ,発達特性×料金,LD 料金,キズキビジネスカレッジ LD 料金,値あり,
キズキビジネスカレッジ,キズキビジネスカレッジ,発達特性×料金,学習障害 料金,キズキビジネスカレッジ 学習障害 料金,値あり,
キズキビジネスカレッジ,キズキビジネスカレッジ,発達特性×料金,境界知能 料金,キズキビジネスカレッジ 境界知能 料金,値あり,
キズキビジネスカレッジ,キズキビジネスカレッジ,発達特性×料金,不登校 料金,キズキビジネスカレッジ 不登校 料金,値あり,
個別指導塾スタディホップ,スタディホップ,評判・第三者評価,口コミ,スタディホップ 口コミ,値あり,
個別指導塾スタディホップ,スタディホップ,評判・第三者評価,評判,スタディホップ 評判,値あり,
個別指導塾スタディホップ,スタディホップ,評判・第三者評価,レビュー,スタディホップ レビュー,値あり,
個別指導塾スタディホップ,スタディホップ,評判・第三者評価,体験談,スタディホップ 体験談,値あり,
個別指導塾スタディホップ,スタディホップ,評判・第三者評価,感想,スタディホップ 感想,値あり,
個別指導塾スタディホップ,スタディホップ,評判・第三者評価,評価,スタディホップ 評価,値あり,
個別指導塾スタディホップ,スタディホップ,料金・契約,料金,スタディホップ 料金,値あり,
個別指導塾スタディホップ,スタディホップ,料金・契約,費用,スタディホップ 費用,値あり,
個別指導塾スタディホップ,スタディホップ,料金・契約,月謝,スタディホップ 月謝,値あり,
個別指導塾スタディホップ,スタディホップ,料金・契約,値段,スタディホップ 値段,値あり,
個別指導塾スタディホップ,スタディホップ,料金・契約,価格,スタディホップ 価格,値あり,
個別指導塾スタディホップ,スタディホップ,料金・契約,入会金,スタディホップ 入会金,値あり,
個別指導塾スタディホップ,スタディホップ,料金・契約,教材費,スタディホップ 教材費,値あり,
個別指導塾スタディホップ,スタディホップ,料金・契約,高い,スタディホップ 高い,値あり,
個別指導塾スタディホップ,スタディホップ,料金・契約,安い,スタディホップ 安い,値あり,
個別指導塾スタディホップ,スタディホップ,比較・選択,比較,スタディホップ 比較,値あり,
個別指導塾スタディホップ,スタディホップ,比較・選択,違い,スタディホップ 違い,値あり,
個別指導塾スタディホップ,スタディホップ,比較・選択,どっち,スタディホップ どっち,値あり,
個別指導塾スタディホップ,スタディホップ,比較・選択,おすすめ,スタディホップ おすすめ,値あり,
個別指導塾スタディホップ,スタディホップ,比較・選択,他社,スタディホップ 他社,値あり,
個別指導塾スタディホップ,スタディホップ,比較・選択,ランキング,スタディホップ ランキング,値あり,
個別指導塾スタディホップ,スタディホップ,不安・ネガティブ確認,デメリット,スタディホップ デメリット,値あり,
個別指導塾スタディホップ,スタディホップ,不安・ネガティブ確認,メリット,スタディホップ メリット,値あり,
個別指導塾スタディホップ,スタディホップ,不安・ネガティブ確認,怪しい,スタディホップ 怪しい,値あり,
個別指導塾スタディホップ,スタディホップ,不安・ネガティブ確認,最悪,スタディホップ 最悪,値あり,
個別指導塾スタディホップ,スタディホップ,不安・ネガティブ確認,失敗,スタディホップ 失敗,値あり,
個別指導塾スタディホップ,スタディホップ,不安・ネガティブ確認,後悔,スタディホップ 後悔,値あり,
個別指導塾スタディホップ,スタディホップ,不安・ネガティブ確認,合わない,スタディホップ 合わない,値あり,
個別指導塾スタディホップ,スタディホップ,不安・ネガティブ確認,向いてない,スタディホップ 向いてない,値あり,
個別指導塾スタディホップ,スタディホップ,不安・ネガティブ確認,やめたい,スタディホップ やめたい,値あり,
個別指導塾スタディホップ,スタディホップ,不安・ネガティブ確認,辞めたい,スタディホップ 辞めたい,値あり,
個別指導塾スタディホップ,スタディホップ,不安・ネガティブ確認,退会,スタディホップ 退会,値あり,
個別指導塾スタディホップ,スタディホップ,不安・ネガティブ確認,解約,スタディホップ 解約,値あり,
個別指導塾スタディホップ,スタディホップ,申込直前,無料体験,スタディホップ 無料体験,値あり,
個別指導塾スタディホップ,スタディホップ,申込直前,体験,スタディホップ 体験,値あり,
個別指導塾スタディホップ,スタディホップ,申込直前,体験授業,スタディホップ 体験授業,値あり,
個別指導塾スタディホップ,スタディホップ,申込直前,無料相談,スタディホップ 無料相談,値あり,
個別指導塾スタディホップ,スタディホップ,申込直前,資料請求,スタディホップ 資料請求,値あり,
個別指導塾スタディホップ,スタディホップ,申込直前,申し込み,スタディホップ 申し込み,値あり,
個別指導塾スタディホップ,スタディホップ,申込直前,入会,スタディホップ 入会,値あり,
個別指導塾スタディホップ,スタディホップ,発達特性との相性,発達障害,スタディホップ 発達障害,値あり,
個別指導塾スタディホップ,スタディホップ,発達特性との相性,発達障がい,スタディホップ 発達障がい,値あり,
個別指導塾スタディホップ,スタディホップ,発達特性との相性,グレーゾーン,スタディホップ グレーゾーン,値あり,
個別指導塾スタディホップ,スタディホップ,発達特性との相性,ADHD,スタディホップ ADHD,値あり,
個別指導塾スタディホップ,スタディホップ,発達特性との相性,ASD,スタディホップ ASD,値あり,
個別指導塾スタディホップ,スタディホップ,発達特性との相性,自閉症,スタディホップ 自閉症,値あり,
個別指導塾スタディホップ,スタディホップ,発達特性との相性,LD,スタディホップ LD,値あり,
個別指導塾スタディホップ,スタディホップ,発達特性との相性,学習障害,スタディホップ 学習障害,値あり,
個別指導塾スタディホップ,スタディホップ,発達特性との相性,境界知能,スタディホップ 境界知能,値あり,
個別指導塾スタディホップ,スタディホップ,発達特性との相性,不登校,スタディホップ 不登校,値あり,
個別指導塾スタディホップ,スタディホップ,対象・用途,小学生,スタディホップ 小学生,値あり,
個別指導塾スタディホップ,スタディホップ,対象・用途,中学生,スタディホップ 中学生,値あり,
個別指導塾スタディホップ,スタディホップ,対象・用途,高校生,スタディホップ 高校生,値あり,
個別指導塾スタディホップ,スタディホップ,対象・用途,高校受験,スタディホップ 高校受験,値あり,
個別指導塾スタディホップ,スタディホップ,対象・用途,中学受験,スタディホップ 中学受験,値あり,
個別指導塾スタディホップ,スタディホップ,対象・用途,大学受験,スタディホップ 大学受験,値あり,
個別指導塾スタディホップ,スタディホップ,追加：SERP・サジェスト由来,評判 悪い,スタディホップ 評判 悪い,値あり,
個別指導塾スタディホップ,スタディホップ,追加：SERP・サジェスト由来,やばい,スタディホップ やばい,値あり,
個別指導塾スタディホップ,スタディホップ,追加：SERP・サジェスト由来,知恵袋,スタディホップ 知恵袋,値あり,
個別指導塾スタディホップ,スタディホップ,追加：SERP・サジェスト由来,2ch,スタディホップ 2ch,値あり,
個別指導塾スタディホップ,スタディホップ,追加：SERP・サジェスト由来,料金表,スタディホップ 料金表,値あり,
個別指導塾スタディホップ,スタディホップ,追加：SERP・サジェスト由来,授業料,スタディホップ 授業料,値あり,
個別指導塾スタディホップ,スタディホップ,追加：SERP・サジェスト由来,夏期講習,スタディホップ 夏期講習,値あり,
個別指導塾スタディホップ,スタディホップ,追加：SERP・サジェスト由来,意味ない,スタディホップ 意味ない,値あり,
個別指導塾スタディホップ,スタディホップ,追加：SERP・サジェスト由来,バイト,スタディホップ バイト,値あり,
個別指導塾スタディホップ,スタディホップ,追加：SERP・サジェスト由来,求人,スタディホップ 求人,値あり,
個別指導塾スタディホップ,スタディホップ,追加：KWP KeywordSeed由来,クチコミ,スタディホップ クチコミ,値あり,
個別指導塾スタディホップ,スタディホップ,追加：KWP KeywordSeed由来,やめとけ,スタディホップ やめとけ,値あり,
個別指導塾スタディホップ,スタディホップ,追加：KWP KeywordSeed由来,合格実績,スタディホップ 合格実績,値あり,
個別指導塾スタディホップ,スタディホップ,追加：KWP KeywordSeed由来,時間割,スタディホップ 時間割,値あり,
個別指導塾スタディホップ,スタディホップ,追加：KWP KeywordSeed由来,キャンペーン,スタディホップ キャンペーン,値あり,
個別指導塾スタディホップ,スタディホップ,追加：KWP KeywordSeed由来,割引,スタディホップ 割引,値あり,
個別指導塾スタディホップ,スタディホップ,追加：KWP KeywordSeed由来,コース,スタディホップ コース,値あり,
個別指導塾スタディホップ,スタディホップ,追加：KWP KeywordSeed由来,春期講習,スタディホップ 春期講習,値あり,
個別指導塾スタディホップ,スタディホップ,追加：KWP KeywordSeed由来,冬期講習,スタディホップ 冬期講習,値あり,
個別指導塾スタディホップ,スタディホップ,追加：KWP KeywordSeed由来,電話番号,スタディホップ 電話番号,値あり,
個別指導塾スタディホップ,スタディホップ,追加：KWP KeywordSeed由来,ホームページ,スタディホップ ホームページ,値あり,
個別指導塾スタディホップ,スタディホップ,追加：KWP KeywordSeed由来,株式会社,スタディホップ 株式会社,値あり,
個別指導塾スタディホップ,スタディホップ,追加：KWP KeywordSeed由来,講師,スタディホップ 講師,値あり,
個別指導塾スタディホップ,スタディホップ,追加：KWP KeywordSeed由来,とは,スタディホップ とは,値あり,
個別指導塾スタディホップ,スタディホップ,発達特性×口コミ,発達障害 口コミ,スタディホップ 発達障害 口コミ,値あり,
個別指導塾スタディホップ,スタディホップ,発達特性×口コミ,発達障がい 口コミ,スタディホップ 発達障がい 口コミ,値あり,
個別指導塾スタディホップ,スタディホップ,発達特性×口コミ,グレーゾーン 口コミ,スタディホップ グレーゾーン 口コミ,値あり,
個別指導塾スタディホップ,スタディホップ,発達特性×口コミ,ADHD 口コミ,スタディホップ ADHD 口コミ,値あり,
個別指導塾スタディホップ,スタディホップ,発達特性×口コミ,ASD 口コミ,スタディホップ ASD 口コミ,値あり,
個別指導塾スタディホップ,スタディホップ,発達特性×口コミ,自閉症 口コミ,スタディホップ 自閉症 口コミ,値あり,
個別指導塾スタディホップ,スタディホップ,発達特性×口コミ,LD 口コミ,スタディホップ LD 口コミ,値あり,
個別指導塾スタディホップ,スタディホップ,発達特性×口コミ,学習障害 口コミ,スタディホップ 学習障害 口コミ,値あり,
個別指導塾スタディホップ,スタディホップ,発達特性×口コミ,境界知能 口コミ,スタディホップ 境界知能 口コミ,値あり,
個別指導塾スタディホップ,スタディホップ,発達特性×口コミ,不登校 口コミ,スタディホップ 不登校 口コミ,値あり,
個別指導塾スタディホップ,スタディホップ,発達特性×評判,発達障害 評判,スタディホップ 発達障害 評判,値あり,
個別指導塾スタディホップ,スタディホップ,発達特性×評判,発達障がい 評判,スタディホップ 発達障がい 評判,値あり,
個別指導塾スタディホップ,スタディホップ,発達特性×評判,グレーゾーン 評判,スタディホップ グレーゾーン 評判,値あり,
個別指導塾スタディホップ,スタディホップ,発達特性×評判,ADHD 評判,スタディホップ ADHD 評判,値あり,
個別指導塾スタディホップ,スタディホップ,発達特性×評判,ASD 評判,スタディホップ ASD 評判,値あり,
個別指導塾スタディホップ,スタディホップ,発達特性×評判,自閉症 評判,スタディホップ 自閉症 評判,値あり,
個別指導塾スタディホップ,スタディホップ,発達特性×評判,LD 評判,スタディホップ LD 評判,値あり,
個別指導塾スタディホップ,スタディホップ,発達特性×評判,学習障害 評判,スタディホップ 学習障害 評判,値あり,
個別指導塾スタディホップ,スタディホップ,発達特性×評判,境界知能 評判,スタディホップ 境界知能 評判,値あり,
個別指導塾スタディホップ,スタディホップ,発達特性×評判,不登校 評判,スタディホップ 不登校 評判,値あり,
個別指導塾スタディホップ,スタディホップ,発達特性×料金,発達障害 料金,スタディホップ 発達障害 料金,値あり,
個別指導塾スタディホップ,スタディホップ,発達特性×料金,発達障がい 料金,スタディホップ 発達障がい 料金,値あり,
個別指導塾スタディホップ,スタディホップ,発達特性×料金,グレーゾーン 料金,スタディホップ グレーゾーン 料金,値あり,
個別指導塾スタディホップ,スタディホップ,発達特性×料金,ADHD 料金,スタディホップ ADHD 料金,値あり,
個別指導塾スタディホップ,スタディホップ,発達特性×料金,ASD 料金,スタディホップ ASD 料金,値あり,
個別指導塾スタディホップ,スタディホップ,発達特性×料金,自閉症 料金,スタディホップ 自閉症 料金,値あり,
個別指導塾スタディホップ,スタディホップ,発達特性×料金,LD 料金,スタディホップ LD 料金,値あり,
個別指導塾スタディホップ,スタディホップ,発達特性×料金,学習障害 料金,スタディホップ 学習障害 料金,値あり,
個別指導塾スタディホップ,スタディホップ,発達特性×料金,境界知能 料金,スタディホップ 境界知能 料金,値あり,
個別指導塾スタディホップ,スタディホップ,発達特性×料金,不登校 料金,スタディホップ 不登校 料金,値あり,
個別指導塾スタディホップ,studyhop,評判・第三者評価,口コミ,studyhop 口コミ,値あり,
個別指導塾スタディホップ,studyhop,評判・第三者評価,評判,studyhop 評判,値あり,
個別指導塾スタディホップ,studyhop,評判・第三者評価,レビュー,studyhop レビュー,値あり,
個別指導塾スタディホップ,studyhop,評判・第三者評価,体験談,studyhop 体験談,値あり,
個別指導塾スタディホップ,studyhop,評判・第三者評価,感想,studyhop 感想,値あり,
個別指導塾スタディホップ,studyhop,評判・第三者評価,評価,studyhop 評価,値あり,
個別指導塾スタディホップ,studyhop,料金・契約,料金,studyhop 料金,値あり,
個別指導塾スタディホップ,studyhop,料金・契約,費用,studyhop 費用,値あり,
個別指導塾スタディホップ,studyhop,料金・契約,月謝,studyhop 月謝,値あり,
個別指導塾スタディホップ,studyhop,料金・契約,値段,studyhop 値段,値あり,
個別指導塾スタディホップ,studyhop,料金・契約,価格,studyhop 価格,値あり,
個別指導塾スタディホップ,studyhop,料金・契約,入会金,studyhop 入会金,値あり,
個別指導塾スタディホップ,studyhop,料金・契約,教材費,studyhop 教材費,値あり,
個別指導塾スタディホップ,studyhop,料金・契約,高い,studyhop 高い,値あり,
個別指導塾スタディホップ,studyhop,料金・契約,安い,studyhop 安い,値あり,
個別指導塾スタディホップ,studyhop,比較・選択,比較,studyhop 比較,値あり,
個別指導塾スタディホップ,studyhop,比較・選択,違い,studyhop 違い,値あり,
個別指導塾スタディホップ,studyhop,比較・選択,どっち,studyhop どっち,値あり,
個別指導塾スタディホップ,studyhop,比較・選択,おすすめ,studyhop おすすめ,値あり,
個別指導塾スタディホップ,studyhop,比較・選択,他社,studyhop 他社,値あり,
個別指導塾スタディホップ,studyhop,比較・選択,ランキング,studyhop ランキング,値あり,
個別指導塾スタディホップ,studyhop,不安・ネガティブ確認,デメリット,studyhop デメリット,値あり,
個別指導塾スタディホップ,studyhop,不安・ネガティブ確認,メリット,studyhop メリット,値あり,
個別指導塾スタディホップ,studyhop,不安・ネガティブ確認,怪しい,studyhop 怪しい,値あり,
個別指導塾スタディホップ,studyhop,不安・ネガティブ確認,最悪,studyhop 最悪,値あり,
個別指導塾スタディホップ,studyhop,不安・ネガティブ確認,失敗,studyhop 失敗,値あり,
個別指導塾スタディホップ,studyhop,不安・ネガティブ確認,後悔,studyhop 後悔,値あり,
個別指導塾スタディホップ,studyhop,不安・ネガティブ確認,合わない,studyhop 合わない,値あり,
個別指導塾スタディホップ,studyhop,不安・ネガティブ確認,向いてない,studyhop 向いてない,値あり,
個別指導塾スタディホップ,studyhop,不安・ネガティブ確認,やめたい,studyhop やめたい,値あり,
個別指導塾スタディホップ,studyhop,不安・ネガティブ確認,辞めたい,studyhop 辞めたい,値あり,
個別指導塾スタディホップ,studyhop,不安・ネガティブ確認,退会,studyhop 退会,値あり,
個別指導塾スタディホップ,studyhop,不安・ネガティブ確認,解約,studyhop 解約,値あり,
個別指導塾スタディホップ,studyhop,申込直前,無料体験,studyhop 無料体験,値あり,
個別指導塾スタディホップ,studyhop,申込直前,体験,studyhop 体験,値あり,
個別指導塾スタディホップ,studyhop,申込直前,体験授業,studyhop 体験授業,値あり,
個別指導塾スタディホップ,studyhop,申込直前,無料相談,studyhop 無料相談,値あり,
個別指導塾スタディホップ,studyhop,申込直前,資料請求,studyhop 資料請求,値あり,
個別指導塾スタディホップ,studyhop,申込直前,申し込み,studyhop 申し込み,値あり,
個別指導塾スタディホップ,studyhop,申込直前,入会,studyhop 入会,値あり,
個別指導塾スタディホップ,studyhop,発達特性との相性,発達障害,studyhop 発達障害,値あり,
個別指導塾スタディホップ,studyhop,発達特性との相性,発達障がい,studyhop 発達障がい,値あり,
個別指導塾スタディホップ,studyhop,発達特性との相性,グレーゾーン,studyhop グレーゾーン,値あり,
個別指導塾スタディホップ,studyhop,発達特性との相性,ADHD,studyhop ADHD,値あり,
個別指導塾スタディホップ,studyhop,発達特性との相性,ASD,studyhop ASD,値あり,
個別指導塾スタディホップ,studyhop,発達特性との相性,自閉症,studyhop 自閉症,値あり,
個別指導塾スタディホップ,studyhop,発達特性との相性,LD,studyhop LD,値あり,
個別指導塾スタディホップ,studyhop,発達特性との相性,学習障害,studyhop 学習障害,値あり,
個別指導塾スタディホップ,studyhop,発達特性との相性,境界知能,studyhop 境界知能,値あり,
個別指導塾スタディホップ,studyhop,発達特性との相性,不登校,studyhop 不登校,値あり,
個別指導塾スタディホップ,studyhop,対象・用途,小学生,studyhop 小学生,値あり,
個別指導塾スタディホップ,studyhop,対象・用途,中学生,studyhop 中学生,値あり,
個別指導塾スタディホップ,studyhop,対象・用途,高校生,studyhop 高校生,値あり,
個別指導塾スタディホップ,studyhop,対象・用途,高校受験,studyhop 高校受験,値あり,
個別指導塾スタディホップ,studyhop,対象・用途,中学受験,studyhop 中学受験,値あり,
個別指導塾スタディホップ,studyhop,対象・用途,大学受験,studyhop 大学受験,値あり,
個別指導塾スタディホップ,studyhop,追加：SERP・サジェスト由来,評判 悪い,studyhop 評判 悪い,値あり,
個別指導塾スタディホップ,studyhop,追加：SERP・サジェスト由来,やばい,studyhop やばい,値あり,
個別指導塾スタディホップ,studyhop,追加：SERP・サジェスト由来,知恵袋,studyhop 知恵袋,値あり,
個別指導塾スタディホップ,studyhop,追加：SERP・サジェスト由来,2ch,studyhop 2ch,値あり,
個別指導塾スタディホップ,studyhop,追加：SERP・サジェスト由来,料金表,studyhop 料金表,値あり,
個別指導塾スタディホップ,studyhop,追加：SERP・サジェスト由来,授業料,studyhop 授業料,値あり,
個別指導塾スタディホップ,studyhop,追加：SERP・サジェスト由来,夏期講習,studyhop 夏期講習,値あり,
個別指導塾スタディホップ,studyhop,追加：SERP・サジェスト由来,意味ない,studyhop 意味ない,値あり,
個別指導塾スタディホップ,studyhop,追加：SERP・サジェスト由来,バイト,studyhop バイト,値あり,
個別指導塾スタディホップ,studyhop,追加：SERP・サジェスト由来,求人,studyhop 求人,値あり,
個別指導塾スタディホップ,studyhop,追加：KWP KeywordSeed由来,クチコミ,studyhop クチコミ,値あり,
個別指導塾スタディホップ,studyhop,追加：KWP KeywordSeed由来,やめとけ,studyhop やめとけ,値あり,
個別指導塾スタディホップ,studyhop,追加：KWP KeywordSeed由来,合格実績,studyhop 合格実績,値あり,
個別指導塾スタディホップ,studyhop,追加：KWP KeywordSeed由来,時間割,studyhop 時間割,値あり,
個別指導塾スタディホップ,studyhop,追加：KWP KeywordSeed由来,キャンペーン,studyhop キャンペーン,値あり,
個別指導塾スタディホップ,studyhop,追加：KWP KeywordSeed由来,割引,studyhop 割引,値あり,
個別指導塾スタディホップ,studyhop,追加：KWP KeywordSeed由来,コース,studyhop コース,値あり,
個別指導塾スタディホップ,studyhop,追加：KWP KeywordSeed由来,春期講習,studyhop 春期講習,値あり,
個別指導塾スタディホップ,studyhop,追加：KWP KeywordSeed由来,冬期講習,studyhop 冬期講習,値あり,
個別指導塾スタディホップ,studyhop,追加：KWP KeywordSeed由来,電話番号,studyhop 電話番号,値あり,
個別指導塾スタディホップ,studyhop,追加：KWP KeywordSeed由来,ホームページ,studyhop ホームページ,値あり,
個別指導塾スタディホップ,studyhop,追加：KWP KeywordSeed由来,株式会社,studyhop 株式会社,値あり,
個別指導塾スタディホップ,studyhop,追加：KWP KeywordSeed由来,講師,studyhop 講師,値あり,
個別指導塾スタディホップ,studyhop,追加：KWP KeywordSeed由来,とは,studyhop とは,値あり,
さくらOne個別指導塾,さくらone,評判・第三者評価,口コミ,さくらone 口コミ,値あり,90
さくらOne個別指導塾,さくらone,評判・第三者評価,評判,さくらone 評判,値あり,10
さくらOne個別指導塾,さくらone,評判・第三者評価,レビュー,さくらone レビュー,値あり,
さくらOne個別指導塾,さくらone,評判・第三者評価,体験談,さくらone 体験談,値あり,
さくらOne個別指導塾,さくらone,評判・第三者評価,感想,さくらone 感想,値あり,
さくらOne個別指導塾,さくらone,評判・第三者評価,評価,さくらone 評価,値あり,
さくらOne個別指導塾,さくらone,料金・契約,料金,さくらone 料金,値あり,20
さくらOne個別指導塾,さくらone,料金・契約,費用,さくらone 費用,値あり,
さくらOne個別指導塾,さくらone,料金・契約,月謝,さくらone 月謝,値あり,
さくらOne個別指導塾,さくらone,料金・契約,値段,さくらone 値段,値あり,
さくらOne個別指導塾,さくらone,料金・契約,価格,さくらone 価格,値あり,
さくらOne個別指導塾,さくらone,料金・契約,入会金,さくらone 入会金,値あり,
さくらOne個別指導塾,さくらone,料金・契約,教材費,さくらone 教材費,値あり,
さくらOne個別指導塾,さくらone,料金・契約,高い,さくらone 高い,値あり,
さくらOne個別指導塾,さくらone,料金・契約,安い,さくらone 安い,値あり,
さくらOne個別指導塾,さくらone,比較・選択,比較,さくらone 比較,値あり,
さくらOne個別指導塾,さくらone,比較・選択,違い,さくらone 違い,値あり,
さくらOne個別指導塾,さくらone,比較・選択,どっち,さくらone どっち,値あり,
さくらOne個別指導塾,さくらone,比較・選択,おすすめ,さくらone おすすめ,値あり,
さくらOne個別指導塾,さくらone,比較・選択,他社,さくらone 他社,値あり,
さくらOne個別指導塾,さくらone,比較・選択,ランキング,さくらone ランキング,値あり,
さくらOne個別指導塾,さくらone,不安・ネガティブ確認,デメリット,さくらone デメリット,値あり,
さくらOne個別指導塾,さくらone,不安・ネガティブ確認,メリット,さくらone メリット,値あり,
さくらOne個別指導塾,さくらone,不安・ネガティブ確認,怪しい,さくらone 怪しい,値あり,
さくらOne個別指導塾,さくらone,不安・ネガティブ確認,最悪,さくらone 最悪,値あり,
さくらOne個別指導塾,さくらone,不安・ネガティブ確認,失敗,さくらone 失敗,値あり,
さくらOne個別指導塾,さくらone,不安・ネガティブ確認,後悔,さくらone 後悔,値あり,
さくらOne個別指導塾,さくらone,不安・ネガティブ確認,合わない,さくらone 合わない,値あり,
さくらOne個別指導塾,さくらone,不安・ネガティブ確認,向いてない,さくらone 向いてない,値あり,
さくらOne個別指導塾,さくらone,不安・ネガティブ確認,やめたい,さくらone やめたい,値あり,
さくらOne個別指導塾,さくらone,不安・ネガティブ確認,辞めたい,さくらone 辞めたい,値あり,
さくらOne個別指導塾,さくらone,不安・ネガティブ確認,退会,さくらone 退会,値あり,
さくらOne個別指導塾,さくらone,不安・ネガティブ確認,解約,さくらone 解約,値あり,
さくらOne個別指導塾,さくらone,申込直前,無料体験,さくらone 無料体験,値あり,
さくらOne個別指導塾,さくらone,申込直前,体験,さくらone 体験,値あり,
さくらOne個別指導塾,さくらone,申込直前,体験授業,さくらone 体験授業,値あり,
さくらOne個別指導塾,さくらone,申込直前,無料相談,さくらone 無料相談,値あり,
さくらOne個別指導塾,さくらone,申込直前,資料請求,さくらone 資料請求,値あり,
さくらOne個別指導塾,さくらone,申込直前,申し込み,さくらone 申し込み,値あり,
さくらOne個別指導塾,さくらone,申込直前,入会,さくらone 入会,値あり,
さくらOne個別指導塾,さくらone,発達特性との相性,発達障害,さくらone 発達障害,値あり,
さくらOne個別指導塾,さくらone,発達特性との相性,発達障がい,さくらone 発達障がい,値あり,
さくらOne個別指導塾,さくらone,発達特性との相性,グレーゾーン,さくらone グレーゾーン,値あり,
さくらOne個別指導塾,さくらone,発達特性との相性,ADHD,さくらone ADHD,値あり,
さくらOne個別指導塾,さくらone,発達特性との相性,ASD,さくらone ASD,値あり,
さくらOne個別指導塾,さくらone,発達特性との相性,自閉症,さくらone 自閉症,値あり,
さくらOne個別指導塾,さくらone,発達特性との相性,LD,さくらone LD,値あり,
さくらOne個別指導塾,さくらone,発達特性との相性,学習障害,さくらone 学習障害,値あり,
さくらOne個別指導塾,さくらone,発達特性との相性,境界知能,さくらone 境界知能,値あり,
さくらOne個別指導塾,さくらone,発達特性との相性,不登校,さくらone 不登校,値あり,
さくらOne個別指導塾,さくらone,対象・用途,小学生,さくらone 小学生,値あり,
さくらOne個別指導塾,さくらone,対象・用途,中学生,さくらone 中学生,値あり,
さくらOne個別指導塾,さくらone,対象・用途,高校生,さくらone 高校生,値あり,
さくらOne個別指導塾,さくらone,対象・用途,高校受験,さくらone 高校受験,値あり,
さくらOne個別指導塾,さくらone,対象・用途,中学受験,さくらone 中学受験,値あり,
さくらOne個別指導塾,さくらone,対象・用途,大学受験,さくらone 大学受験,値あり,
さくらOne個別指導塾,さくらone,追加：SERP・サジェスト由来,評判 悪い,さくらone 評判 悪い,値あり,
さくらOne個別指導塾,さくらone,追加：SERP・サジェスト由来,やばい,さくらone やばい,値あり,
さくらOne個別指導塾,さくらone,追加：SERP・サジェスト由来,知恵袋,さくらone 知恵袋,値あり,
さくらOne個別指導塾,さくらone,追加：SERP・サジェスト由来,2ch,さくらone 2ch,値あり,
さくらOne個別指導塾,さくらone,追加：SERP・サジェスト由来,料金表,さくらone 料金表,値あり,
さくらOne個別指導塾,さくらone,追加：SERP・サジェスト由来,授業料,さくらone 授業料,値あり,
さくらOne個別指導塾,さくらone,追加：SERP・サジェスト由来,夏期講習,さくらone 夏期講習,値あり,
さくらOne個別指導塾,さくらone,追加：SERP・サジェスト由来,意味ない,さくらone 意味ない,値あり,
さくらOne個別指導塾,さくらone,追加：SERP・サジェスト由来,バイト,さくらone バイト,値あり,
さくらOne個別指導塾,さくらone,追加：SERP・サジェスト由来,求人,さくらone 求人,値あり,30
さくらOne個別指導塾,さくらone,追加：KWP KeywordSeed由来,クチコミ,さくらone クチコミ,値あり,
さくらOne個別指導塾,さくらone,追加：KWP KeywordSeed由来,やめとけ,さくらone やめとけ,値あり,
さくらOne個別指導塾,さくらone,追加：KWP KeywordSeed由来,合格実績,さくらone 合格実績,値あり,
さくらOne個別指導塾,さくらone,追加：KWP KeywordSeed由来,時間割,さくらone 時間割,値あり,
さくらOne個別指導塾,さくらone,追加：KWP KeywordSeed由来,キャンペーン,さくらone キャンペーン,値あり,
さくらOne個別指導塾,さくらone,追加：KWP KeywordSeed由来,割引,さくらone 割引,値あり,
さくらOne個別指導塾,さくらone,追加：KWP KeywordSeed由来,コース,さくらone コース,値あり,
さくらOne個別指導塾,さくらone,追加：KWP KeywordSeed由来,春期講習,さくらone 春期講習,値あり,
さくらOne個別指導塾,さくらone,追加：KWP KeywordSeed由来,冬期講習,さくらone 冬期講習,値あり,
さくらOne個別指導塾,さくらone,追加：KWP KeywordSeed由来,電話番号,さくらone 電話番号,値あり,
さくらOne個別指導塾,さくらone,追加：KWP KeywordSeed由来,ホームページ,さくらone ホームページ,値あり,
さくらOne個別指導塾,さくらone,追加：KWP KeywordSeed由来,株式会社,さくらone 株式会社,値あり,
さくらOne個別指導塾,さくらone,追加：KWP KeywordSeed由来,講師,さくらone 講師,値あり,
さくらOne個別指導塾,さくらone,追加：KWP KeywordSeed由来,とは,さくらone とは,値あり,
さくらOne個別指導塾,さくらone,発達特性×口コミ,発達障害 口コミ,さくらone 発達障害 口コミ,値あり,
さくらOne個別指導塾,さくらone,発達特性×口コミ,発達障がい 口コミ,さくらone 発達障がい 口コミ,値あり,
さくらOne個別指導塾,さくらone,発達特性×口コミ,グレーゾーン 口コミ,さくらone グレーゾーン 口コミ,値あり,
さくらOne個別指導塾,さくらone,発達特性×口コミ,ADHD 口コミ,さくらone ADHD 口コミ,値あり,
さくらOne個別指導塾,さくらone,発達特性×口コミ,ASD 口コミ,さくらone ASD 口コミ,値あり,
さくらOne個別指導塾,さくらone,発達特性×口コミ,自閉症 口コミ,さくらone 自閉症 口コミ,値あり,
さくらOne個別指導塾,さくらone,発達特性×口コミ,LD 口コミ,さくらone LD 口コミ,値あり,
さくらOne個別指導塾,さくらone,発達特性×口コミ,学習障害 口コミ,さくらone 学習障害 口コミ,値あり,
さくらOne個別指導塾,さくらone,発達特性×口コミ,境界知能 口コミ,さくらone 境界知能 口コミ,値あり,
さくらOne個別指導塾,さくらone,発達特性×口コミ,不登校 口コミ,さくらone 不登校 口コミ,値あり,
さくらOne個別指導塾,さくらone,発達特性×評判,発達障害 評判,さくらone 発達障害 評判,値あり,
さくらOne個別指導塾,さくらone,発達特性×評判,発達障がい 評判,さくらone 発達障がい 評判,値あり,
さくらOne個別指導塾,さくらone,発達特性×評判,グレーゾーン 評判,さくらone グレーゾーン 評判,値あり,
さくらOne個別指導塾,さくらone,発達特性×評判,ADHD 評判,さくらone ADHD 評判,値あり,
さくらOne個別指導塾,さくらone,発達特性×評判,ASD 評判,さくらone ASD 評判,値あり,
さくらOne個別指導塾,さくらone,発達特性×評判,自閉症 評判,さくらone 自閉症 評判,値あり,
さくらOne個別指導塾,さくらone,発達特性×評判,LD 評判,さくらone LD 評判,値あり,
さくらOne個別指導塾,さくらone,発達特性×評判,学習障害 評判,さくらone 学習障害 評判,値あり,
さくらOne個別指導塾,さくらone,発達特性×評判,境界知能 評判,さくらone 境界知能 評判,値あり,
さくらOne個別指導塾,さくらone,発達特性×評判,不登校 評判,さくらone 不登校 評判,値あり,
さくらOne個別指導塾,さくらone,発達特性×料金,発達障害 料金,さくらone 発達障害 料金,値あり,
さくらOne個別指導塾,さくらone,発達特性×料金,発達障がい 料金,さくらone 発達障がい 料金,値あり,
さくらOne個別指導塾,さくらone,発達特性×料金,グレーゾーン 料金,さくらone グレーゾーン 料金,値あり,
さくらOne個別指導塾,さくらone,発達特性×料金,ADHD 料金,さくらone ADHD 料金,値あり,
さくらOne個別指導塾,さくらone,発達特性×料金,ASD 料金,さくらone ASD 料金,値あり,
さくらOne個別指導塾,さくらone,発達特性×料金,自閉症 料金,さくらone 自閉症 料金,値あり,
さくらOne個別指導塾,さくらone,発達特性×料金,LD 料金,さくらone LD 料金,値あり,
さくらOne個別指導塾,さくらone,発達特性×料金,学習障害 料金,さくらone 学習障害 料金,値あり,
さくらOne個別指導塾,さくらone,発達特性×料金,境界知能 料金,さくらone 境界知能 料金,値あり,
さくらOne個別指導塾,さくらone,発達特性×料金,不登校 料金,さくらone 不登校 料金,値あり,
さくらOne個別指導塾,さくらOne個別指導塾,評判・第三者評価,口コミ,さくらOne個別指導塾 口コミ,値あり,40
さくらOne個別指導塾,さくらOne個別指導塾,評判・第三者評価,評判,さくらOne個別指導塾 評判,値あり,70
さくらOne個別指導塾,さくらOne個別指導塾,評判・第三者評価,レビュー,さくらOne個別指導塾 レビュー,値あり,
さくらOne個別指導塾,さくらOne個別指導塾,評判・第三者評価,体験談,さくらOne個別指導塾 体験談,値あり,
さくらOne個別指導塾,さくらOne個別指導塾,評判・第三者評価,感想,さくらOne個別指導塾 感想,値あり,
さくらOne個別指導塾,さくらOne個別指導塾,評判・第三者評価,評価,さくらOne個別指導塾 評価,値あり,
さくらOne個別指導塾,さくらOne個別指導塾,料金・契約,料金,さくらOne個別指導塾 料金,値あり,20
さくらOne個別指導塾,さくらOne個別指導塾,料金・契約,費用,さくらOne個別指導塾 費用,値あり,
さくらOne個別指導塾,さくらOne個別指導塾,料金・契約,月謝,さくらOne個別指導塾 月謝,値あり,
さくらOne個別指導塾,さくらOne個別指導塾,料金・契約,値段,さくらOne個別指導塾 値段,値あり,
さくらOne個別指導塾,さくらOne個別指導塾,料金・契約,価格,さくらOne個別指導塾 価格,値あり,
さくらOne個別指導塾,さくらOne個別指導塾,料金・契約,入会金,さくらOne個別指導塾 入会金,値あり,
さくらOne個別指導塾,さくらOne個別指導塾,料金・契約,教材費,さくらOne個別指導塾 教材費,値あり,
さくらOne個別指導塾,さくらOne個別指導塾,料金・契約,高い,さくらOne個別指導塾 高い,値あり,
さくらOne個別指導塾,さくらOne個別指導塾,料金・契約,安い,さくらOne個別指導塾 安い,値あり,
さくらOne個別指導塾,さくらOne個別指導塾,比較・選択,比較,さくらOne個別指導塾 比較,値あり,
さくらOne個別指導塾,さくらOne個別指導塾,比較・選択,違い,さくらOne個別指導塾 違い,値あり,
さくらOne個別指導塾,さくらOne個別指導塾,比較・選択,どっち,さくらOne個別指導塾 どっち,値あり,
さくらOne個別指導塾,さくらOne個別指導塾,比較・選択,おすすめ,さくらOne個別指導塾 おすすめ,値あり,
さくらOne個別指導塾,さくらOne個別指導塾,比較・選択,他社,さくらOne個別指導塾 他社,値あり,
さくらOne個別指導塾,さくらOne個別指導塾,比較・選択,ランキング,さくらOne個別指導塾 ランキング,値あり,
さくらOne個別指導塾,さくらOne個別指導塾,不安・ネガティブ確認,デメリット,さくらOne個別指導塾 デメリット,値あり,
さくらOne個別指導塾,さくらOne個別指導塾,不安・ネガティブ確認,メリット,さくらOne個別指導塾 メリット,値あり,
さくらOne個別指導塾,さくらOne個別指導塾,不安・ネガティブ確認,怪しい,さくらOne個別指導塾 怪しい,値あり,
さくらOne個別指導塾,さくらOne個別指導塾,不安・ネガティブ確認,最悪,さくらOne個別指導塾 最悪,値あり,
さくらOne個別指導塾,さくらOne個別指導塾,不安・ネガティブ確認,失敗,さくらOne個別指導塾 失敗,値あり,
さくらOne個別指導塾,さくらOne個別指導塾,不安・ネガティブ確認,後悔,さくらOne個別指導塾 後悔,値あり,
さくらOne個別指導塾,さくらOne個別指導塾,不安・ネガティブ確認,合わない,さくらOne個別指導塾 合わない,値あり,
さくらOne個別指導塾,さくらOne個別指導塾,不安・ネガティブ確認,向いてない,さくらOne個別指導塾 向いてない,値あり,
さくらOne個別指導塾,さくらOne個別指導塾,不安・ネガティブ確認,やめたい,さくらOne個別指導塾 やめたい,値あり,
さくらOne個別指導塾,さくらOne個別指導塾,不安・ネガティブ確認,辞めたい,さくらOne個別指導塾 辞めたい,値あり,
さくらOne個別指導塾,さくらOne個別指導塾,不安・ネガティブ確認,退会,さくらOne個別指導塾 退会,値あり,
さくらOne個別指導塾,さくらOne個別指導塾,不安・ネガティブ確認,解約,さくらOne個別指導塾 解約,値あり,
さくらOne個別指導塾,さくらOne個別指導塾,申込直前,無料体験,さくらOne個別指導塾 無料体験,値あり,
さくらOne個別指導塾,さくらOne個別指導塾,申込直前,体験,さくらOne個別指導塾 体験,値あり,
さくらOne個別指導塾,さくらOne個別指導塾,申込直前,体験授業,さくらOne個別指導塾 体験授業,値あり,
さくらOne個別指導塾,さくらOne個別指導塾,申込直前,無料相談,さくらOne個別指導塾 無料相談,値あり,
さくらOne個別指導塾,さくらOne個別指導塾,申込直前,資料請求,さくらOne個別指導塾 資料請求,値あり,
さくらOne個別指導塾,さくらOne個別指導塾,申込直前,申し込み,さくらOne個別指導塾 申し込み,値あり,
さくらOne個別指導塾,さくらOne個別指導塾,申込直前,入会,さくらOne個別指導塾 入会,値あり,
さくらOne個別指導塾,さくらOne個別指導塾,発達特性との相性,発達障害,さくらOne個別指導塾 発達障害,値あり,
さくらOne個別指導塾,さくらOne個別指導塾,発達特性との相性,発達障がい,さくらOne個別指導塾 発達障がい,値あり,
さくらOne個別指導塾,さくらOne個別指導塾,発達特性との相性,グレーゾーン,さくらOne個別指導塾 グレーゾーン,値あり,
さくらOne個別指導塾,さくらOne個別指導塾,発達特性との相性,ADHD,さくらOne個別指導塾 ADHD,値あり,
さくらOne個別指導塾,さくらOne個別指導塾,発達特性との相性,ASD,さくらOne個別指導塾 ASD,値あり,
さくらOne個別指導塾,さくらOne個別指導塾,発達特性との相性,自閉症,さくらOne個別指導塾 自閉症,値あり,
さくらOne個別指導塾,さくらOne個別指導塾,発達特性との相性,LD,さくらOne個別指導塾 LD,値あり,
さくらOne個別指導塾,さくらOne個別指導塾,発達特性との相性,学習障害,さくらOne個別指導塾 学習障害,値あり,
さくらOne個別指導塾,さくらOne個別指導塾,発達特性との相性,境界知能,さくらOne個別指導塾 境界知能,値あり,
さくらOne個別指導塾,さくらOne個別指導塾,発達特性との相性,不登校,さくらOne個別指導塾 不登校,値あり,
さくらOne個別指導塾,さくらOne個別指導塾,対象・用途,小学生,さくらOne個別指導塾 小学生,値あり,
さくらOne個別指導塾,さくらOne個別指導塾,対象・用途,中学生,さくらOne個別指導塾 中学生,値あり,
さくらOne個別指導塾,さくらOne個別指導塾,対象・用途,高校生,さくらOne個別指導塾 高校生,値あり,
さくらOne個別指導塾,さくらOne個別指導塾,対象・用途,高校受験,さくらOne個別指導塾 高校受験,値あり,
さくらOne個別指導塾,さくらOne個別指導塾,対象・用途,中学受験,さくらOne個別指導塾 中学受験,値あり,
さくらOne個別指導塾,さくらOne個別指導塾,対象・用途,大学受験,さくらOne個別指導塾 大学受験,値あり,
さくらOne個別指導塾,さくらOne個別指導塾,追加：SERP・サジェスト由来,評判 悪い,さくらOne個別指導塾 評判 悪い,値あり,
さくらOne個別指導塾,さくらOne個別指導塾,追加：SERP・サジェスト由来,やばい,さくらOne個別指導塾 やばい,値あり,
さくらOne個別指導塾,さくらOne個別指導塾,追加：SERP・サジェスト由来,知恵袋,さくらOne個別指導塾 知恵袋,値あり,
さくらOne個別指導塾,さくらOne個別指導塾,追加：SERP・サジェスト由来,2ch,さくらOne個別指導塾 2ch,値あり,
さくらOne個別指導塾,さくらOne個別指導塾,追加：SERP・サジェスト由来,料金表,さくらOne個別指導塾 料金表,値あり,
さくらOne個別指導塾,さくらOne個別指導塾,追加：SERP・サジェスト由来,授業料,さくらOne個別指導塾 授業料,値あり,
さくらOne個別指導塾,さくらOne個別指導塾,追加：SERP・サジェスト由来,夏期講習,さくらOne個別指導塾 夏期講習,値あり,
さくらOne個別指導塾,さくらOne個別指導塾,追加：SERP・サジェスト由来,意味ない,さくらOne個別指導塾 意味ない,値あり,
さくらOne個別指導塾,さくらOne個別指導塾,追加：SERP・サジェスト由来,バイト,さくらOne個別指導塾 バイト,値あり,
さくらOne個別指導塾,さくらOne個別指導塾,追加：SERP・サジェスト由来,求人,さくらOne個別指導塾 求人,値あり,
さくらOne個別指導塾,さくらOne個別指導塾,追加：KWP KeywordSeed由来,クチコミ,さくらOne個別指導塾 クチコミ,値あり,
さくらOne個別指導塾,さくらOne個別指導塾,追加：KWP KeywordSeed由来,やめとけ,さくらOne個別指導塾 やめとけ,値あり,
さくらOne個別指導塾,さくらOne個別指導塾,追加：KWP KeywordSeed由来,合格実績,さくらOne個別指導塾 合格実績,値あり,
さくらOne個別指導塾,さくらOne個別指導塾,追加：KWP KeywordSeed由来,時間割,さくらOne個別指導塾 時間割,値あり,
さくらOne個別指導塾,さくらOne個別指導塾,追加：KWP KeywordSeed由来,キャンペーン,さくらOne個別指導塾 キャンペーン,値あり,
さくらOne個別指導塾,さくらOne個別指導塾,追加：KWP KeywordSeed由来,割引,さくらOne個別指導塾 割引,値あり,
さくらOne個別指導塾,さくらOne個別指導塾,追加：KWP KeywordSeed由来,コース,さくらOne個別指導塾 コース,値あり,
さくらOne個別指導塾,さくらOne個別指導塾,追加：KWP KeywordSeed由来,春期講習,さくらOne個別指導塾 春期講習,値あり,
さくらOne個別指導塾,さくらOne個別指導塾,追加：KWP KeywordSeed由来,冬期講習,さくらOne個別指導塾 冬期講習,値あり,
さくらOne個別指導塾,さくらOne個別指導塾,追加：KWP KeywordSeed由来,電話番号,さくらOne個別指導塾 電話番号,値あり,
さくらOne個別指導塾,さくらOne個別指導塾,追加：KWP KeywordSeed由来,ホームページ,さくらOne個別指導塾 ホームページ,値あり,
さくらOne個別指導塾,さくらOne個別指導塾,追加：KWP KeywordSeed由来,株式会社,さくらOne個別指導塾 株式会社,値あり,
さくらOne個別指導塾,さくらOne個別指導塾,追加：KWP KeywordSeed由来,講師,さくらOne個別指導塾 講師,値あり,
さくらOne個別指導塾,さくらOne個別指導塾,追加：KWP KeywordSeed由来,とは,さくらOne個別指導塾 とは,値あり,
はなたに塾,はなたに塾,評判・第三者評価,口コミ,はなたに塾 口コミ,値あり,
はなたに塾,はなたに塾,評判・第三者評価,評判,はなたに塾 評判,値あり,
はなたに塾,はなたに塾,評判・第三者評価,レビュー,はなたに塾 レビュー,値あり,
はなたに塾,はなたに塾,評判・第三者評価,体験談,はなたに塾 体験談,値あり,
はなたに塾,はなたに塾,評判・第三者評価,感想,はなたに塾 感想,値あり,
はなたに塾,はなたに塾,評判・第三者評価,評価,はなたに塾 評価,値あり,
はなたに塾,はなたに塾,料金・契約,料金,はなたに塾 料金,値あり,
はなたに塾,はなたに塾,料金・契約,費用,はなたに塾 費用,値あり,
はなたに塾,はなたに塾,料金・契約,月謝,はなたに塾 月謝,値あり,
はなたに塾,はなたに塾,料金・契約,値段,はなたに塾 値段,値あり,
はなたに塾,はなたに塾,料金・契約,価格,はなたに塾 価格,値あり,
はなたに塾,はなたに塾,料金・契約,入会金,はなたに塾 入会金,値あり,
はなたに塾,はなたに塾,料金・契約,教材費,はなたに塾 教材費,値あり,
はなたに塾,はなたに塾,料金・契約,高い,はなたに塾 高い,値あり,
はなたに塾,はなたに塾,料金・契約,安い,はなたに塾 安い,値あり,
はなたに塾,はなたに塾,比較・選択,比較,はなたに塾 比較,値あり,
はなたに塾,はなたに塾,比較・選択,違い,はなたに塾 違い,値あり,
はなたに塾,はなたに塾,比較・選択,どっち,はなたに塾 どっち,値あり,
はなたに塾,はなたに塾,比較・選択,おすすめ,はなたに塾 おすすめ,値あり,
はなたに塾,はなたに塾,比較・選択,他社,はなたに塾 他社,値あり,
はなたに塾,はなたに塾,比較・選択,ランキング,はなたに塾 ランキング,値あり,
はなたに塾,はなたに塾,不安・ネガティブ確認,デメリット,はなたに塾 デメリット,値あり,
はなたに塾,はなたに塾,不安・ネガティブ確認,メリット,はなたに塾 メリット,値あり,
はなたに塾,はなたに塾,不安・ネガティブ確認,怪しい,はなたに塾 怪しい,値あり,
はなたに塾,はなたに塾,不安・ネガティブ確認,最悪,はなたに塾 最悪,値あり,
はなたに塾,はなたに塾,不安・ネガティブ確認,失敗,はなたに塾 失敗,値あり,
はなたに塾,はなたに塾,不安・ネガティブ確認,後悔,はなたに塾 後悔,値あり,
はなたに塾,はなたに塾,不安・ネガティブ確認,合わない,はなたに塾 合わない,値あり,
はなたに塾,はなたに塾,不安・ネガティブ確認,向いてない,はなたに塾 向いてない,値あり,
はなたに塾,はなたに塾,不安・ネガティブ確認,やめたい,はなたに塾 やめたい,値あり,
はなたに塾,はなたに塾,不安・ネガティブ確認,辞めたい,はなたに塾 辞めたい,値あり,
はなたに塾,はなたに塾,不安・ネガティブ確認,退会,はなたに塾 退会,値あり,
はなたに塾,はなたに塾,不安・ネガティブ確認,解約,はなたに塾 解約,値あり,
はなたに塾,はなたに塾,申込直前,無料体験,はなたに塾 無料体験,値あり,
はなたに塾,はなたに塾,申込直前,体験,はなたに塾 体験,値あり,
はなたに塾,はなたに塾,申込直前,体験授業,はなたに塾 体験授業,値あり,
はなたに塾,はなたに塾,申込直前,無料相談,はなたに塾 無料相談,値あり,
はなたに塾,はなたに塾,申込直前,資料請求,はなたに塾 資料請求,値あり,
はなたに塾,はなたに塾,申込直前,申し込み,はなたに塾 申し込み,値あり,
はなたに塾,はなたに塾,申込直前,入会,はなたに塾 入会,値あり,
はなたに塾,はなたに塾,発達特性との相性,発達障害,はなたに塾 発達障害,値あり,
はなたに塾,はなたに塾,発達特性との相性,発達障がい,はなたに塾 発達障がい,値あり,
はなたに塾,はなたに塾,発達特性との相性,グレーゾーン,はなたに塾 グレーゾーン,値あり,
はなたに塾,はなたに塾,発達特性との相性,ADHD,はなたに塾 ADHD,値あり,
はなたに塾,はなたに塾,発達特性との相性,ASD,はなたに塾 ASD,値あり,
はなたに塾,はなたに塾,発達特性との相性,自閉症,はなたに塾 自閉症,値あり,
はなたに塾,はなたに塾,発達特性との相性,LD,はなたに塾 LD,値あり,
はなたに塾,はなたに塾,発達特性との相性,学習障害,はなたに塾 学習障害,値あり,
はなたに塾,はなたに塾,発達特性との相性,境界知能,はなたに塾 境界知能,値あり,
はなたに塾,はなたに塾,発達特性との相性,不登校,はなたに塾 不登校,値あり,
はなたに塾,はなたに塾,対象・用途,小学生,はなたに塾 小学生,値あり,
はなたに塾,はなたに塾,対象・用途,中学生,はなたに塾 中学生,値あり,
はなたに塾,はなたに塾,対象・用途,高校生,はなたに塾 高校生,値あり,
はなたに塾,はなたに塾,対象・用途,高校受験,はなたに塾 高校受験,値あり,
はなたに塾,はなたに塾,対象・用途,中学受験,はなたに塾 中学受験,値あり,
はなたに塾,はなたに塾,対象・用途,大学受験,はなたに塾 大学受験,値あり,
はなたに塾,はなたに塾,追加：SERP・サジェスト由来,評判 悪い,はなたに塾 評判 悪い,値あり,
はなたに塾,はなたに塾,追加：SERP・サジェスト由来,やばい,はなたに塾 やばい,値あり,
はなたに塾,はなたに塾,追加：SERP・サジェスト由来,知恵袋,はなたに塾 知恵袋,値あり,
はなたに塾,はなたに塾,追加：SERP・サジェスト由来,2ch,はなたに塾 2ch,値あり,
はなたに塾,はなたに塾,追加：SERP・サジェスト由来,料金表,はなたに塾 料金表,値あり,
はなたに塾,はなたに塾,追加：SERP・サジェスト由来,授業料,はなたに塾 授業料,値あり,
はなたに塾,はなたに塾,追加：SERP・サジェスト由来,夏期講習,はなたに塾 夏期講習,値あり,
はなたに塾,はなたに塾,追加：SERP・サジェスト由来,意味ない,はなたに塾 意味ない,値あり,
はなたに塾,はなたに塾,追加：SERP・サジェスト由来,バイト,はなたに塾 バイト,値あり,
はなたに塾,はなたに塾,追加：SERP・サジェスト由来,求人,はなたに塾 求人,値あり,
はなたに塾,はなたに塾,追加：KWP KeywordSeed由来,クチコミ,はなたに塾 クチコミ,値あり,
はなたに塾,はなたに塾,追加：KWP KeywordSeed由来,やめとけ,はなたに塾 やめとけ,値あり,
はなたに塾,はなたに塾,追加：KWP KeywordSeed由来,合格実績,はなたに塾 合格実績,値あり,
はなたに塾,はなたに塾,追加：KWP KeywordSeed由来,時間割,はなたに塾 時間割,値あり,
はなたに塾,はなたに塾,追加：KWP KeywordSeed由来,キャンペーン,はなたに塾 キャンペーン,値あり,
はなたに塾,はなたに塾,追加：KWP KeywordSeed由来,割引,はなたに塾 割引,値あり,
はなたに塾,はなたに塾,追加：KWP KeywordSeed由来,コース,はなたに塾 コース,値あり,
はなたに塾,はなたに塾,追加：KWP KeywordSeed由来,春期講習,はなたに塾 春期講習,値あり,
はなたに塾,はなたに塾,追加：KWP KeywordSeed由来,冬期講習,はなたに塾 冬期講習,値あり,
はなたに塾,はなたに塾,追加：KWP KeywordSeed由来,電話番号,はなたに塾 電話番号,値あり,
はなたに塾,はなたに塾,追加：KWP KeywordSeed由来,ホームページ,はなたに塾 ホームページ,値あり,
はなたに塾,はなたに塾,追加：KWP KeywordSeed由来,株式会社,はなたに塾 株式会社,値あり,
はなたに塾,はなたに塾,追加：KWP KeywordSeed由来,講師,はなたに塾 講師,値あり,
はなたに塾,はなたに塾,追加：KWP KeywordSeed由来,とは,はなたに塾 とは,値あり,
はなたに塾,はなたに塾,発達特性×口コミ,発達障害 口コミ,はなたに塾 発達障害 口コミ,値あり,
はなたに塾,はなたに塾,発達特性×口コミ,発達障がい 口コミ,はなたに塾 発達障がい 口コミ,値あり,
はなたに塾,はなたに塾,発達特性×口コミ,グレーゾーン 口コミ,はなたに塾 グレーゾーン 口コミ,値あり,
はなたに塾,はなたに塾,発達特性×口コミ,ADHD 口コミ,はなたに塾 ADHD 口コミ,値あり,
はなたに塾,はなたに塾,発達特性×口コミ,ASD 口コミ,はなたに塾 ASD 口コミ,値あり,
はなたに塾,はなたに塾,発達特性×口コミ,自閉症 口コミ,はなたに塾 自閉症 口コミ,値あり,
はなたに塾,はなたに塾,発達特性×口コミ,LD 口コミ,はなたに塾 LD 口コミ,値あり,
はなたに塾,はなたに塾,発達特性×口コミ,学習障害 口コミ,はなたに塾 学習障害 口コミ,値あり,
はなたに塾,はなたに塾,発達特性×口コミ,境界知能 口コミ,はなたに塾 境界知能 口コミ,値あり,
はなたに塾,はなたに塾,発達特性×口コミ,不登校 口コミ,はなたに塾 不登校 口コミ,値あり,
はなたに塾,はなたに塾,発達特性×評判,発達障害 評判,はなたに塾 発達障害 評判,値あり,
はなたに塾,はなたに塾,発達特性×評判,発達障がい 評判,はなたに塾 発達障がい 評判,値あり,
はなたに塾,はなたに塾,発達特性×評判,グレーゾーン 評判,はなたに塾 グレーゾーン 評判,値あり,
はなたに塾,はなたに塾,発達特性×評判,ADHD 評判,はなたに塾 ADHD 評判,値あり,
はなたに塾,はなたに塾,発達特性×評判,ASD 評判,はなたに塾 ASD 評判,値あり,
はなたに塾,はなたに塾,発達特性×評判,自閉症 評判,はなたに塾 自閉症 評判,値あり,
はなたに塾,はなたに塾,発達特性×評判,LD 評判,はなたに塾 LD 評判,値あり,
はなたに塾,はなたに塾,発達特性×評判,学習障害 評判,はなたに塾 学習障害 評判,値あり,
はなたに塾,はなたに塾,発達特性×評判,境界知能 評判,はなたに塾 境界知能 評判,値あり,
はなたに塾,はなたに塾,発達特性×評判,不登校 評判,はなたに塾 不登校 評判,値あり,
はなたに塾,はなたに塾,発達特性×料金,発達障害 料金,はなたに塾 発達障害 料金,値あり,
はなたに塾,はなたに塾,発達特性×料金,発達障がい 料金,はなたに塾 発達障がい 料金,値あり,
はなたに塾,はなたに塾,発達特性×料金,グレーゾーン 料金,はなたに塾 グレーゾーン 料金,値あり,
はなたに塾,はなたに塾,発達特性×料金,ADHD 料金,はなたに塾 ADHD 料金,値あり,
はなたに塾,はなたに塾,発達特性×料金,ASD 料金,はなたに塾 ASD 料金,値あり,
はなたに塾,はなたに塾,発達特性×料金,自閉症 料金,はなたに塾 自閉症 料金,値あり,
はなたに塾,はなたに塾,発達特性×料金,LD 料金,はなたに塾 LD 料金,値あり,
はなたに塾,はなたに塾,発達特性×料金,学習障害 料金,はなたに塾 学習障害 料金,値あり,
はなたに塾,はなたに塾,発達特性×料金,境界知能 料金,はなたに塾 境界知能 料金,値あり,
はなたに塾,はなたに塾,発達特性×料金,不登校 料金,はなたに塾 不登校 料金,値あり,
四谷学院（療育・発達支援）,四谷学院 療育,評判・第三者評価,口コミ,四谷学院 療育 口コミ,値あり,10
四谷学院（療育・発達支援）,四谷学院 療育,評判・第三者評価,評判,四谷学院 療育 評判,値あり,10
四谷学院（療育・発達支援）,四谷学院 療育,評判・第三者評価,レビュー,四谷学院 療育 レビュー,値あり,
四谷学院（療育・発達支援）,四谷学院 療育,評判・第三者評価,体験談,四谷学院 療育 体験談,値あり,
四谷学院（療育・発達支援）,四谷学院 療育,評判・第三者評価,感想,四谷学院 療育 感想,値あり,
四谷学院（療育・発達支援）,四谷学院 療育,評判・第三者評価,評価,四谷学院 療育 評価,値あり,
四谷学院（療育・発達支援）,四谷学院 療育,料金・契約,料金,四谷学院 療育 料金,値あり,10
四谷学院（療育・発達支援）,四谷学院 療育,料金・契約,費用,四谷学院 療育 費用,値あり,
四谷学院（療育・発達支援）,四谷学院 療育,料金・契約,月謝,四谷学院 療育 月謝,値あり,
四谷学院（療育・発達支援）,四谷学院 療育,料金・契約,値段,四谷学院 療育 値段,値あり,
四谷学院（療育・発達支援）,四谷学院 療育,料金・契約,価格,四谷学院 療育 価格,値あり,
四谷学院（療育・発達支援）,四谷学院 療育,料金・契約,入会金,四谷学院 療育 入会金,値あり,
四谷学院（療育・発達支援）,四谷学院 療育,料金・契約,教材費,四谷学院 療育 教材費,値あり,
四谷学院（療育・発達支援）,四谷学院 療育,料金・契約,高い,四谷学院 療育 高い,値あり,
四谷学院（療育・発達支援）,四谷学院 療育,料金・契約,安い,四谷学院 療育 安い,値あり,
四谷学院（療育・発達支援）,四谷学院 療育,比較・選択,比較,四谷学院 療育 比較,値あり,
四谷学院（療育・発達支援）,四谷学院 療育,比較・選択,違い,四谷学院 療育 違い,値あり,
四谷学院（療育・発達支援）,四谷学院 療育,比較・選択,どっち,四谷学院 療育 どっち,値あり,
四谷学院（療育・発達支援）,四谷学院 療育,比較・選択,おすすめ,四谷学院 療育 おすすめ,値あり,
四谷学院（療育・発達支援）,四谷学院 療育,比較・選択,他社,四谷学院 療育 他社,値あり,
四谷学院（療育・発達支援）,四谷学院 療育,比較・選択,ランキング,四谷学院 療育 ランキング,値あり,
四谷学院（療育・発達支援）,四谷学院 療育,不安・ネガティブ確認,デメリット,四谷学院 療育 デメリット,値あり,
四谷学院（療育・発達支援）,四谷学院 療育,不安・ネガティブ確認,メリット,四谷学院 療育 メリット,値あり,
四谷学院（療育・発達支援）,四谷学院 療育,不安・ネガティブ確認,怪しい,四谷学院 療育 怪しい,値あり,
四谷学院（療育・発達支援）,四谷学院 療育,不安・ネガティブ確認,最悪,四谷学院 療育 最悪,値あり,
四谷学院（療育・発達支援）,四谷学院 療育,不安・ネガティブ確認,失敗,四谷学院 療育 失敗,値あり,
四谷学院（療育・発達支援）,四谷学院 療育,不安・ネガティブ確認,後悔,四谷学院 療育 後悔,値あり,
四谷学院（療育・発達支援）,四谷学院 療育,不安・ネガティブ確認,合わない,四谷学院 療育 合わない,値あり,
四谷学院（療育・発達支援）,四谷学院 療育,不安・ネガティブ確認,向いてない,四谷学院 療育 向いてない,値あり,
四谷学院（療育・発達支援）,四谷学院 療育,不安・ネガティブ確認,やめたい,四谷学院 療育 やめたい,値あり,
四谷学院（療育・発達支援）,四谷学院 療育,不安・ネガティブ確認,辞めたい,四谷学院 療育 辞めたい,値あり,
四谷学院（療育・発達支援）,四谷学院 療育,不安・ネガティブ確認,退会,四谷学院 療育 退会,値あり,
四谷学院（療育・発達支援）,四谷学院 療育,不安・ネガティブ確認,解約,四谷学院 療育 解約,値あり,
四谷学院（療育・発達支援）,四谷学院 療育,申込直前,無料体験,四谷学院 療育 無料体験,値あり,
四谷学院（療育・発達支援）,四谷学院 療育,申込直前,体験,四谷学院 療育 体験,値あり,
四谷学院（療育・発達支援）,四谷学院 療育,申込直前,体験授業,四谷学院 療育 体験授業,値あり,
四谷学院（療育・発達支援）,四谷学院 療育,申込直前,無料相談,四谷学院 療育 無料相談,値あり,
四谷学院（療育・発達支援）,四谷学院 療育,申込直前,資料請求,四谷学院 療育 資料請求,値あり,
四谷学院（療育・発達支援）,四谷学院 療育,申込直前,申し込み,四谷学院 療育 申し込み,値あり,
四谷学院（療育・発達支援）,四谷学院 療育,申込直前,入会,四谷学院 療育 入会,値あり,
四谷学院（療育・発達支援）,四谷学院 療育,発達特性との相性,発達障害,四谷学院 療育 発達障害,値あり,
四谷学院（療育・発達支援）,四谷学院 療育,発達特性との相性,発達障がい,四谷学院 療育 発達障がい,値あり,
四谷学院（療育・発達支援）,四谷学院 療育,発達特性との相性,グレーゾーン,四谷学院 療育 グレーゾーン,値あり,
四谷学院（療育・発達支援）,四谷学院 療育,発達特性との相性,ADHD,四谷学院 療育 ADHD,値あり,
四谷学院（療育・発達支援）,四谷学院 療育,発達特性との相性,ASD,四谷学院 療育 ASD,値あり,
四谷学院（療育・発達支援）,四谷学院 療育,発達特性との相性,自閉症,四谷学院 療育 自閉症,値あり,
四谷学院（療育・発達支援）,四谷学院 療育,発達特性との相性,LD,四谷学院 療育 LD,値あり,
四谷学院（療育・発達支援）,四谷学院 療育,発達特性との相性,学習障害,四谷学院 療育 学習障害,値あり,
四谷学院（療育・発達支援）,四谷学院 療育,発達特性との相性,境界知能,四谷学院 療育 境界知能,値あり,
四谷学院（療育・発達支援）,四谷学院 療育,発達特性との相性,不登校,四谷学院 療育 不登校,値あり,
四谷学院（療育・発達支援）,四谷学院 療育,対象・用途,小学生,四谷学院 療育 小学生,値あり,
四谷学院（療育・発達支援）,四谷学院 療育,対象・用途,中学生,四谷学院 療育 中学生,値あり,
四谷学院（療育・発達支援）,四谷学院 療育,対象・用途,高校生,四谷学院 療育 高校生,値あり,
四谷学院（療育・発達支援）,四谷学院 療育,対象・用途,高校受験,四谷学院 療育 高校受験,値あり,
四谷学院（療育・発達支援）,四谷学院 療育,対象・用途,中学受験,四谷学院 療育 中学受験,値あり,
四谷学院（療育・発達支援）,四谷学院 療育,対象・用途,大学受験,四谷学院 療育 大学受験,値あり,
四谷学院（療育・発達支援）,四谷学院 療育,追加：SERP・サジェスト由来,評判 悪い,四谷学院 療育 評判 悪い,値あり,
四谷学院（療育・発達支援）,四谷学院 療育,追加：SERP・サジェスト由来,やばい,四谷学院 療育 やばい,値あり,
四谷学院（療育・発達支援）,四谷学院 療育,追加：SERP・サジェスト由来,知恵袋,四谷学院 療育 知恵袋,値あり,
四谷学院（療育・発達支援）,四谷学院 療育,追加：SERP・サジェスト由来,2ch,四谷学院 療育 2ch,値あり,
四谷学院（療育・発達支援）,四谷学院 療育,追加：SERP・サジェスト由来,料金表,四谷学院 療育 料金表,値あり,
四谷学院（療育・発達支援）,四谷学院 療育,追加：SERP・サジェスト由来,授業料,四谷学院 療育 授業料,値あり,
四谷学院（療育・発達支援）,四谷学院 療育,追加：SERP・サジェスト由来,夏期講習,四谷学院 療育 夏期講習,値あり,
四谷学院（療育・発達支援）,四谷学院 療育,追加：SERP・サジェスト由来,意味ない,四谷学院 療育 意味ない,値あり,
四谷学院（療育・発達支援）,四谷学院 療育,追加：SERP・サジェスト由来,バイト,四谷学院 療育 バイト,値あり,
四谷学院（療育・発達支援）,四谷学院 療育,追加：SERP・サジェスト由来,求人,四谷学院 療育 求人,値あり,
四谷学院（療育・発達支援）,四谷学院 療育,追加：KWP KeywordSeed由来,クチコミ,四谷学院 療育 クチコミ,値あり,
四谷学院（療育・発達支援）,四谷学院 療育,追加：KWP KeywordSeed由来,やめとけ,四谷学院 療育 やめとけ,値あり,
四谷学院（療育・発達支援）,四谷学院 療育,追加：KWP KeywordSeed由来,合格実績,四谷学院 療育 合格実績,値あり,
四谷学院（療育・発達支援）,四谷学院 療育,追加：KWP KeywordSeed由来,時間割,四谷学院 療育 時間割,値あり,
四谷学院（療育・発達支援）,四谷学院 療育,追加：KWP KeywordSeed由来,キャンペーン,四谷学院 療育 キャンペーン,値あり,
四谷学院（療育・発達支援）,四谷学院 療育,追加：KWP KeywordSeed由来,割引,四谷学院 療育 割引,値あり,
四谷学院（療育・発達支援）,四谷学院 療育,追加：KWP KeywordSeed由来,コース,四谷学院 療育 コース,値あり,
四谷学院（療育・発達支援）,四谷学院 療育,追加：KWP KeywordSeed由来,春期講習,四谷学院 療育 春期講習,値あり,
四谷学院（療育・発達支援）,四谷学院 療育,追加：KWP KeywordSeed由来,冬期講習,四谷学院 療育 冬期講習,値あり,
四谷学院（療育・発達支援）,四谷学院 療育,追加：KWP KeywordSeed由来,電話番号,四谷学院 療育 電話番号,値あり,
四谷学院（療育・発達支援）,四谷学院 療育,追加：KWP KeywordSeed由来,ホームページ,四谷学院 療育 ホームページ,値あり,
四谷学院（療育・発達支援）,四谷学院 療育,追加：KWP KeywordSeed由来,株式会社,四谷学院 療育 株式会社,値あり,
四谷学院（療育・発達支援）,四谷学院 療育,追加：KWP KeywordSeed由来,講師,四谷学院 療育 講師,値あり,
四谷学院（療育・発達支援）,四谷学院 療育,追加：KWP KeywordSeed由来,とは,四谷学院 療育 とは,値あり,
四谷学院（療育・発達支援）,四谷学院 療育,発達特性×口コミ,発達障害 口コミ,四谷学院 療育 発達障害 口コミ,値あり,
四谷学院（療育・発達支援）,四谷学院 療育,発達特性×口コミ,発達障がい 口コミ,四谷学院 療育 発達障がい 口コミ,値あり,
四谷学院（療育・発達支援）,四谷学院 療育,発達特性×口コミ,グレーゾーン 口コミ,四谷学院 療育 グレーゾーン 口コミ,値あり,
四谷学院（療育・発達支援）,四谷学院 療育,発達特性×口コミ,ADHD 口コミ,四谷学院 療育 ADHD 口コミ,値あり,
四谷学院（療育・発達支援）,四谷学院 療育,発達特性×口コミ,ASD 口コミ,四谷学院 療育 ASD 口コミ,値あり,
四谷学院（療育・発達支援）,四谷学院 療育,発達特性×口コミ,自閉症 口コミ,四谷学院 療育 自閉症 口コミ,値あり,
四谷学院（療育・発達支援）,四谷学院 療育,発達特性×口コミ,LD 口コミ,四谷学院 療育 LD 口コミ,値あり,
四谷学院（療育・発達支援）,四谷学院 療育,発達特性×口コミ,学習障害 口コミ,四谷学院 療育 学習障害 口コミ,値あり,
四谷学院（療育・発達支援）,四谷学院 療育,発達特性×口コミ,境界知能 口コミ,四谷学院 療育 境界知能 口コミ,値あり,
四谷学院（療育・発達支援）,四谷学院 療育,発達特性×口コミ,不登校 口コミ,四谷学院 療育 不登校 口コミ,値あり,
四谷学院（療育・発達支援）,四谷学院 療育,発達特性×評判,発達障害 評判,四谷学院 療育 発達障害 評判,値あり,
四谷学院（療育・発達支援）,四谷学院 療育,発達特性×評判,発達障がい 評判,四谷学院 療育 発達障がい 評判,値あり,
四谷学院（療育・発達支援）,四谷学院 療育,発達特性×評判,グレーゾーン 評判,四谷学院 療育 グレーゾーン 評判,値あり,
四谷学院（療育・発達支援）,四谷学院 療育,発達特性×評判,ADHD 評判,四谷学院 療育 ADHD 評判,値あり,
四谷学院（療育・発達支援）,四谷学院 療育,発達特性×評判,ASD 評判,四谷学院 療育 ASD 評判,値あり,
四谷学院（療育・発達支援）,四谷学院 療育,発達特性×評判,自閉症 評判,四谷学院 療育 自閉症 評判,値あり,
四谷学院（療育・発達支援）,四谷学院 療育,発達特性×評判,LD 評判,四谷学院 療育 LD 評判,値あり,
四谷学院（療育・発達支援）,四谷学院 療育,発達特性×評判,学習障害 評判,四谷学院 療育 学習障害 評判,値あり,
四谷学院（療育・発達支援）,四谷学院 療育,発達特性×評判,境界知能 評判,四谷学院 療育 境界知能 評判,値あり,
四谷学院（療育・発達支援）,四谷学院 療育,発達特性×評判,不登校 評判,四谷学院 療育 不登校 評判,値あり,
四谷学院（療育・発達支援）,四谷学院 療育,発達特性×料金,発達障害 料金,四谷学院 療育 発達障害 料金,値あり,
四谷学院（療育・発達支援）,四谷学院 療育,発達特性×料金,発達障がい 料金,四谷学院 療育 発達障がい 料金,値あり,
四谷学院（療育・発達支援）,四谷学院 療育,発達特性×料金,グレーゾーン 料金,四谷学院 療育 グレーゾーン 料金,値あり,
四谷学院（療育・発達支援）,四谷学院 療育,発達特性×料金,ADHD 料金,四谷学院 療育 ADHD 料金,値あり,
四谷学院（療育・発達支援）,四谷学院 療育,発達特性×料金,ASD 料金,四谷学院 療育 ASD 料金,値あり,
四谷学院（療育・発達支援）,四谷学院 療育,発達特性×料金,自閉症 料金,四谷学院 療育 自閉症 料金,値あり,
四谷学院（療育・発達支援）,四谷学院 療育,発達特性×料金,LD 料金,四谷学院 療育 LD 料金,値あり,
四谷学院（療育・発達支援）,四谷学院 療育,発達特性×料金,学習障害 料金,四谷学院 療育 学習障害 料金,値あり,
四谷学院（療育・発達支援）,四谷学院 療育,発達特性×料金,境界知能 料金,四谷学院 療育 境界知能 料金,値あり,
四谷学院（療育・発達支援）,四谷学院 療育,発達特性×料金,不登校 料金,四谷学院 療育 不登校 料金,値あり,
四谷学院（療育・発達支援）,四谷学院 発達支援,評判・第三者評価,口コミ,四谷学院 発達支援 口コミ,値あり,
四谷学院（療育・発達支援）,四谷学院 発達支援,評判・第三者評価,評判,四谷学院 発達支援 評判,値あり,
四谷学院（療育・発達支援）,四谷学院 発達支援,評判・第三者評価,レビュー,四谷学院 発達支援 レビュー,値あり,
四谷学院（療育・発達支援）,四谷学院 発達支援,評判・第三者評価,体験談,四谷学院 発達支援 体験談,値あり,
四谷学院（療育・発達支援）,四谷学院 発達支援,評判・第三者評価,感想,四谷学院 発達支援 感想,値あり,
四谷学院（療育・発達支援）,四谷学院 発達支援,評判・第三者評価,評価,四谷学院 発達支援 評価,値あり,
四谷学院（療育・発達支援）,四谷学院 発達支援,料金・契約,料金,四谷学院 発達支援 料金,値あり,
四谷学院（療育・発達支援）,四谷学院 発達支援,料金・契約,費用,四谷学院 発達支援 費用,値あり,
四谷学院（療育・発達支援）,四谷学院 発達支援,料金・契約,月謝,四谷学院 発達支援 月謝,値あり,
四谷学院（療育・発達支援）,四谷学院 発達支援,料金・契約,値段,四谷学院 発達支援 値段,値あり,
四谷学院（療育・発達支援）,四谷学院 発達支援,料金・契約,価格,四谷学院 発達支援 価格,値あり,
四谷学院（療育・発達支援）,四谷学院 発達支援,料金・契約,入会金,四谷学院 発達支援 入会金,値あり,
四谷学院（療育・発達支援）,四谷学院 発達支援,料金・契約,教材費,四谷学院 発達支援 教材費,値あり,
四谷学院（療育・発達支援）,四谷学院 発達支援,料金・契約,高い,四谷学院 発達支援 高い,値あり,
四谷学院（療育・発達支援）,四谷学院 発達支援,料金・契約,安い,四谷学院 発達支援 安い,値あり,
四谷学院（療育・発達支援）,四谷学院 発達支援,比較・選択,比較,四谷学院 発達支援 比較,値あり,
四谷学院（療育・発達支援）,四谷学院 発達支援,比較・選択,違い,四谷学院 発達支援 違い,値あり,
四谷学院（療育・発達支援）,四谷学院 発達支援,比較・選択,どっち,四谷学院 発達支援 どっち,値あり,
四谷学院（療育・発達支援）,四谷学院 発達支援,比較・選択,おすすめ,四谷学院 発達支援 おすすめ,値あり,
四谷学院（療育・発達支援）,四谷学院 発達支援,比較・選択,他社,四谷学院 発達支援 他社,値あり,
四谷学院（療育・発達支援）,四谷学院 発達支援,比較・選択,ランキング,四谷学院 発達支援 ランキング,値あり,
四谷学院（療育・発達支援）,四谷学院 発達支援,不安・ネガティブ確認,デメリット,四谷学院 発達支援 デメリット,値あり,
四谷学院（療育・発達支援）,四谷学院 発達支援,不安・ネガティブ確認,メリット,四谷学院 発達支援 メリット,値あり,
四谷学院（療育・発達支援）,四谷学院 発達支援,不安・ネガティブ確認,怪しい,四谷学院 発達支援 怪しい,値あり,
四谷学院（療育・発達支援）,四谷学院 発達支援,不安・ネガティブ確認,最悪,四谷学院 発達支援 最悪,値あり,
四谷学院（療育・発達支援）,四谷学院 発達支援,不安・ネガティブ確認,失敗,四谷学院 発達支援 失敗,値あり,
四谷学院（療育・発達支援）,四谷学院 発達支援,不安・ネガティブ確認,後悔,四谷学院 発達支援 後悔,値あり,
四谷学院（療育・発達支援）,四谷学院 発達支援,不安・ネガティブ確認,合わない,四谷学院 発達支援 合わない,値あり,
四谷学院（療育・発達支援）,四谷学院 発達支援,不安・ネガティブ確認,向いてない,四谷学院 発達支援 向いてない,値あり,
四谷学院（療育・発達支援）,四谷学院 発達支援,不安・ネガティブ確認,やめたい,四谷学院 発達支援 やめたい,値あり,
四谷学院（療育・発達支援）,四谷学院 発達支援,不安・ネガティブ確認,辞めたい,四谷学院 発達支援 辞めたい,値あり,
四谷学院（療育・発達支援）,四谷学院 発達支援,不安・ネガティブ確認,退会,四谷学院 発達支援 退会,値あり,
四谷学院（療育・発達支援）,四谷学院 発達支援,不安・ネガティブ確認,解約,四谷学院 発達支援 解約,値あり,
四谷学院（療育・発達支援）,四谷学院 発達支援,申込直前,無料体験,四谷学院 発達支援 無料体験,値あり,
四谷学院（療育・発達支援）,四谷学院 発達支援,申込直前,体験,四谷学院 発達支援 体験,値あり,
四谷学院（療育・発達支援）,四谷学院 発達支援,申込直前,体験授業,四谷学院 発達支援 体験授業,値あり,
四谷学院（療育・発達支援）,四谷学院 発達支援,申込直前,無料相談,四谷学院 発達支援 無料相談,値あり,
四谷学院（療育・発達支援）,四谷学院 発達支援,申込直前,資料請求,四谷学院 発達支援 資料請求,値あり,
四谷学院（療育・発達支援）,四谷学院 発達支援,申込直前,申し込み,四谷学院 発達支援 申し込み,値あり,
四谷学院（療育・発達支援）,四谷学院 発達支援,申込直前,入会,四谷学院 発達支援 入会,値あり,
四谷学院（療育・発達支援）,四谷学院 発達支援,発達特性との相性,発達障害,四谷学院 発達支援 発達障害,値あり,
四谷学院（療育・発達支援）,四谷学院 発達支援,発達特性との相性,発達障がい,四谷学院 発達支援 発達障がい,値あり,
四谷学院（療育・発達支援）,四谷学院 発達支援,発達特性との相性,グレーゾーン,四谷学院 発達支援 グレーゾーン,値あり,
四谷学院（療育・発達支援）,四谷学院 発達支援,発達特性との相性,ADHD,四谷学院 発達支援 ADHD,値あり,
四谷学院（療育・発達支援）,四谷学院 発達支援,発達特性との相性,ASD,四谷学院 発達支援 ASD,値あり,
四谷学院（療育・発達支援）,四谷学院 発達支援,発達特性との相性,自閉症,四谷学院 発達支援 自閉症,値あり,
四谷学院（療育・発達支援）,四谷学院 発達支援,発達特性との相性,LD,四谷学院 発達支援 LD,値あり,
四谷学院（療育・発達支援）,四谷学院 発達支援,発達特性との相性,学習障害,四谷学院 発達支援 学習障害,値あり,
四谷学院（療育・発達支援）,四谷学院 発達支援,発達特性との相性,境界知能,四谷学院 発達支援 境界知能,値あり,
四谷学院（療育・発達支援）,四谷学院 発達支援,発達特性との相性,不登校,四谷学院 発達支援 不登校,値あり,
四谷学院（療育・発達支援）,四谷学院 発達支援,対象・用途,小学生,四谷学院 発達支援 小学生,値あり,
四谷学院（療育・発達支援）,四谷学院 発達支援,対象・用途,中学生,四谷学院 発達支援 中学生,値あり,
四谷学院（療育・発達支援）,四谷学院 発達支援,対象・用途,高校生,四谷学院 発達支援 高校生,値あり,
四谷学院（療育・発達支援）,四谷学院 発達支援,対象・用途,高校受験,四谷学院 発達支援 高校受験,値あり,
四谷学院（療育・発達支援）,四谷学院 発達支援,対象・用途,中学受験,四谷学院 発達支援 中学受験,値あり,
四谷学院（療育・発達支援）,四谷学院 発達支援,対象・用途,大学受験,四谷学院 発達支援 大学受験,値あり,
四谷学院（療育・発達支援）,四谷学院 発達支援,追加：SERP・サジェスト由来,評判 悪い,四谷学院 発達支援 評判 悪い,値あり,
四谷学院（療育・発達支援）,四谷学院 発達支援,追加：SERP・サジェスト由来,やばい,四谷学院 発達支援 やばい,値あり,
四谷学院（療育・発達支援）,四谷学院 発達支援,追加：SERP・サジェスト由来,知恵袋,四谷学院 発達支援 知恵袋,値あり,
四谷学院（療育・発達支援）,四谷学院 発達支援,追加：SERP・サジェスト由来,2ch,四谷学院 発達支援 2ch,値あり,
四谷学院（療育・発達支援）,四谷学院 発達支援,追加：SERP・サジェスト由来,料金表,四谷学院 発達支援 料金表,値あり,
四谷学院（療育・発達支援）,四谷学院 発達支援,追加：SERP・サジェスト由来,授業料,四谷学院 発達支援 授業料,値あり,
四谷学院（療育・発達支援）,四谷学院 発達支援,追加：SERP・サジェスト由来,夏期講習,四谷学院 発達支援 夏期講習,値あり,
四谷学院（療育・発達支援）,四谷学院 発達支援,追加：SERP・サジェスト由来,意味ない,四谷学院 発達支援 意味ない,値あり,
四谷学院（療育・発達支援）,四谷学院 発達支援,追加：SERP・サジェスト由来,バイト,四谷学院 発達支援 バイト,値あり,
四谷学院（療育・発達支援）,四谷学院 発達支援,追加：SERP・サジェスト由来,求人,四谷学院 発達支援 求人,値あり,
四谷学院（療育・発達支援）,四谷学院 発達支援,追加：KWP KeywordSeed由来,クチコミ,四谷学院 発達支援 クチコミ,値あり,
四谷学院（療育・発達支援）,四谷学院 発達支援,追加：KWP KeywordSeed由来,やめとけ,四谷学院 発達支援 やめとけ,値あり,
四谷学院（療育・発達支援）,四谷学院 発達支援,追加：KWP KeywordSeed由来,合格実績,四谷学院 発達支援 合格実績,値あり,
四谷学院（療育・発達支援）,四谷学院 発達支援,追加：KWP KeywordSeed由来,時間割,四谷学院 発達支援 時間割,値あり,
四谷学院（療育・発達支援）,四谷学院 発達支援,追加：KWP KeywordSeed由来,キャンペーン,四谷学院 発達支援 キャンペーン,値あり,
四谷学院（療育・発達支援）,四谷学院 発達支援,追加：KWP KeywordSeed由来,割引,四谷学院 発達支援 割引,値あり,
四谷学院（療育・発達支援）,四谷学院 発達支援,追加：KWP KeywordSeed由来,コース,四谷学院 発達支援 コース,値あり,
四谷学院（療育・発達支援）,四谷学院 発達支援,追加：KWP KeywordSeed由来,春期講習,四谷学院 発達支援 春期講習,値あり,
四谷学院（療育・発達支援）,四谷学院 発達支援,追加：KWP KeywordSeed由来,冬期講習,四谷学院 発達支援 冬期講習,値あり,
四谷学院（療育・発達支援）,四谷学院 発達支援,追加：KWP KeywordSeed由来,電話番号,四谷学院 発達支援 電話番号,値あり,
四谷学院（療育・発達支援）,四谷学院 発達支援,追加：KWP KeywordSeed由来,ホームページ,四谷学院 発達支援 ホームページ,値あり,
四谷学院（療育・発達支援）,四谷学院 発達支援,追加：KWP KeywordSeed由来,株式会社,四谷学院 発達支援 株式会社,値あり,
四谷学院（療育・発達支援）,四谷学院 発達支援,追加：KWP KeywordSeed由来,講師,四谷学院 発達支援 講師,値あり,
四谷学院（療育・発達支援）,四谷学院 発達支援,追加：KWP KeywordSeed由来,とは,四谷学院 発達支援 とは,値あり,
LITALICOジュニア,リタリコジュニア,評判・第三者評価,口コミ,リタリコジュニア 口コミ,値あり,110
LITALICOジュニア,リタリコジュニア,評判・第三者評価,評判,リタリコジュニア 評判,値あり,70
LITALICOジュニア,リタリコジュニア,評判・第三者評価,レビュー,リタリコジュニア レビュー,値あり,
LITALICOジュニア,リタリコジュニア,評判・第三者評価,体験談,リタリコジュニア 体験談,値あり,
LITALICOジュニア,リタリコジュニア,評判・第三者評価,感想,リタリコジュニア 感想,値あり,
LITALICOジュニア,リタリコジュニア,評判・第三者評価,評価,リタリコジュニア 評価,値あり,
LITALICOジュニア,リタリコジュニア,料金・契約,料金,リタリコジュニア 料金,値あり,260
LITALICOジュニア,リタリコジュニア,料金・契約,費用,リタリコジュニア 費用,値あり,10
LITALICOジュニア,リタリコジュニア,料金・契約,月謝,リタリコジュニア 月謝,値あり,
LITALICOジュニア,リタリコジュニア,料金・契約,値段,リタリコジュニア 値段,値あり,
LITALICOジュニア,リタリコジュニア,料金・契約,価格,リタリコジュニア 価格,値あり,
LITALICOジュニア,リタリコジュニア,料金・契約,入会金,リタリコジュニア 入会金,値あり,
LITALICOジュニア,リタリコジュニア,料金・契約,教材費,リタリコジュニア 教材費,値あり,
LITALICOジュニア,リタリコジュニア,料金・契約,高い,リタリコジュニア 高い,値あり,10
LITALICOジュニア,リタリコジュニア,料金・契約,安い,リタリコジュニア 安い,値あり,
LITALICOジュニア,リタリコジュニア,比較・選択,比較,リタリコジュニア 比較,値あり,
LITALICOジュニア,リタリコジュニア,比較・選択,違い,リタリコジュニア 違い,値あり,
LITALICOジュニア,リタリコジュニア,比較・選択,どっち,リタリコジュニア どっち,値あり,
LITALICOジュニア,リタリコジュニア,比較・選択,おすすめ,リタリコジュニア おすすめ,値あり,
LITALICOジュニア,リタリコジュニア,比較・選択,他社,リタリコジュニア 他社,値あり,
LITALICOジュニア,リタリコジュニア,比較・選択,ランキング,リタリコジュニア ランキング,値あり,
LITALICOジュニア,リタリコジュニア,不安・ネガティブ確認,デメリット,リタリコジュニア デメリット,値あり,
LITALICOジュニア,リタリコジュニア,不安・ネガティブ確認,メリット,リタリコジュニア メリット,値あり,
LITALICOジュニア,リタリコジュニア,不安・ネガティブ確認,怪しい,リタリコジュニア 怪しい,値あり,
LITALICOジュニア,リタリコジュニア,不安・ネガティブ確認,最悪,リタリコジュニア 最悪,値あり,
LITALICOジュニア,リタリコジュニア,不安・ネガティブ確認,失敗,リタリコジュニア 失敗,値あり,
LITALICOジュニア,リタリコジュニア,不安・ネガティブ確認,後悔,リタリコジュニア 後悔,値あり,
LITALICOジュニア,リタリコジュニア,不安・ネガティブ確認,合わない,リタリコジュニア 合わない,値あり,
LITALICOジュニア,リタリコジュニア,不安・ネガティブ確認,向いてない,リタリコジュニア 向いてない,値あり,
LITALICOジュニア,リタリコジュニア,不安・ネガティブ確認,やめたい,リタリコジュニア やめたい,値あり,
LITALICOジュニア,リタリコジュニア,不安・ネガティブ確認,辞めたい,リタリコジュニア 辞めたい,値あり,260
LITALICOジュニア,リタリコジュニア,不安・ネガティブ確認,退会,リタリコジュニア 退会,値あり,
LITALICOジュニア,リタリコジュニア,不安・ネガティブ確認,解約,リタリコジュニア 解約,値あり,
LITALICOジュニア,リタリコジュニア,申込直前,無料体験,リタリコジュニア 無料体験,値あり,
LITALICOジュニア,リタリコジュニア,申込直前,体験,リタリコジュニア 体験,値あり,
LITALICOジュニア,リタリコジュニア,申込直前,体験授業,リタリコジュニア 体験授業,値あり,
LITALICOジュニア,リタリコジュニア,申込直前,無料相談,リタリコジュニア 無料相談,値あり,
LITALICOジュニア,リタリコジュニア,申込直前,資料請求,リタリコジュニア 資料請求,値あり,
LITALICOジュニア,リタリコジュニア,申込直前,申し込み,リタリコジュニア 申し込み,値あり,
LITALICOジュニア,リタリコジュニア,申込直前,入会,リタリコジュニア 入会,値あり,
LITALICOジュニア,リタリコジュニア,発達特性との相性,発達障害,リタリコジュニア 発達障害,値あり,
LITALICOジュニア,リタリコジュニア,発達特性との相性,発達障がい,リタリコジュニア 発達障がい,値あり,
LITALICOジュニア,リタリコジュニア,発達特性との相性,グレーゾーン,リタリコジュニア グレーゾーン,値あり,
LITALICOジュニア,リタリコジュニア,発達特性との相性,ADHD,リタリコジュニア ADHD,値あり,
LITALICOジュニア,リタリコジュニア,発達特性との相性,ASD,リタリコジュニア ASD,値あり,
LITALICOジュニア,リタリコジュニア,発達特性との相性,自閉症,リタリコジュニア 自閉症,値あり,
LITALICOジュニア,リタリコジュニア,発達特性との相性,LD,リタリコジュニア LD,値あり,
LITALICOジュニア,リタリコジュニア,発達特性との相性,学習障害,リタリコジュニア 学習障害,値あり,
LITALICOジュニア,リタリコジュニア,発達特性との相性,境界知能,リタリコジュニア 境界知能,値あり,
LITALICOジュニア,リタリコジュニア,発達特性との相性,不登校,リタリコジュニア 不登校,値あり,
LITALICOジュニア,リタリコジュニア,対象・用途,小学生,リタリコジュニア 小学生,値あり,
LITALICOジュニア,リタリコジュニア,対象・用途,中学生,リタリコジュニア 中学生,値あり,
LITALICOジュニア,リタリコジュニア,対象・用途,高校生,リタリコジュニア 高校生,値あり,
LITALICOジュニア,リタリコジュニア,対象・用途,高校受験,リタリコジュニア 高校受験,値あり,
LITALICOジュニア,リタリコジュニア,対象・用途,中学受験,リタリコジュニア 中学受験,値あり,
LITALICOジュニア,リタリコジュニア,対象・用途,大学受験,リタリコジュニア 大学受験,値あり,
LITALICOジュニア,リタリコジュニア,追加：SERP・サジェスト由来,評判 悪い,リタリコジュニア 評判 悪い,値あり,
LITALICOジュニア,リタリコジュニア,追加：SERP・サジェスト由来,やばい,リタリコジュニア やばい,値あり,50
LITALICOジュニア,リタリコジュニア,追加：SERP・サジェスト由来,知恵袋,リタリコジュニア 知恵袋,値あり,
LITALICOジュニア,リタリコジュニア,追加：SERP・サジェスト由来,2ch,リタリコジュニア 2ch,値あり,0
LITALICOジュニア,リタリコジュニア,追加：SERP・サジェスト由来,料金表,リタリコジュニア 料金表,値あり,
LITALICOジュニア,リタリコジュニア,追加：SERP・サジェスト由来,授業料,リタリコジュニア 授業料,値あり,
LITALICOジュニア,リタリコジュニア,追加：SERP・サジェスト由来,夏期講習,リタリコジュニア 夏期講習,値あり,10
LITALICOジュニア,リタリコジュニア,追加：SERP・サジェスト由来,意味ない,リタリコジュニア 意味ない,値あり,140
LITALICOジュニア,リタリコジュニア,追加：SERP・サジェスト由来,バイト,リタリコジュニア バイト,値あり,10
LITALICOジュニア,リタリコジュニア,追加：SERP・サジェスト由来,求人,リタリコジュニア 求人,値あり,480
LITALICOジュニア,リタリコジュニア,追加：KWP KeywordSeed由来,クチコミ,リタリコジュニア クチコミ,値あり,
LITALICOジュニア,リタリコジュニア,追加：KWP KeywordSeed由来,やめとけ,リタリコジュニア やめとけ,値あり,
LITALICOジュニア,リタリコジュニア,追加：KWP KeywordSeed由来,合格実績,リタリコジュニア 合格実績,値あり,
LITALICOジュニア,リタリコジュニア,追加：KWP KeywordSeed由来,時間割,リタリコジュニア 時間割,値あり,10
LITALICOジュニア,リタリコジュニア,追加：KWP KeywordSeed由来,キャンペーン,リタリコジュニア キャンペーン,値あり,
LITALICOジュニア,リタリコジュニア,追加：KWP KeywordSeed由来,割引,リタリコジュニア 割引,値あり,
LITALICOジュニア,リタリコジュニア,追加：KWP KeywordSeed由来,コース,リタリコジュニア コース,値あり,
LITALICOジュニア,リタリコジュニア,追加：KWP KeywordSeed由来,春期講習,リタリコジュニア 春期講習,値あり,
LITALICOジュニア,リタリコジュニア,追加：KWP KeywordSeed由来,冬期講習,リタリコジュニア 冬期講習,値あり,
LITALICOジュニア,リタリコジュニア,追加：KWP KeywordSeed由来,電話番号,リタリコジュニア 電話番号,値あり,
LITALICOジュニア,リタリコジュニア,追加：KWP KeywordSeed由来,ホームページ,リタリコジュニア ホームページ,値あり,
LITALICOジュニア,リタリコジュニア,追加：KWP KeywordSeed由来,株式会社,リタリコジュニア 株式会社,値あり,
LITALICOジュニア,リタリコジュニア,追加：KWP KeywordSeed由来,講師,リタリコジュニア 講師,値あり,
LITALICOジュニア,リタリコジュニア,追加：KWP KeywordSeed由来,とは,リタリコジュニア とは,値あり,
LITALICOジュニア,リタリコジュニア,発達特性×口コミ,発達障害 口コミ,リタリコジュニア 発達障害 口コミ,値あり,
LITALICOジュニア,リタリコジュニア,発達特性×口コミ,発達障がい 口コミ,リタリコジュニア 発達障がい 口コミ,値あり,
LITALICOジュニア,リタリコジュニア,発達特性×口コミ,グレーゾーン 口コミ,リタリコジュニア グレーゾーン 口コミ,値あり,
LITALICOジュニア,リタリコジュニア,発達特性×口コミ,ADHD 口コミ,リタリコジュニア ADHD 口コミ,値あり,
LITALICOジュニア,リタリコジュニア,発達特性×口コミ,ASD 口コミ,リタリコジュニア ASD 口コミ,値あり,
LITALICOジュニア,リタリコジュニア,発達特性×口コミ,自閉症 口コミ,リタリコジュニア 自閉症 口コミ,値あり,
LITALICOジュニア,リタリコジュニア,発達特性×口コミ,LD 口コミ,リタリコジュニア LD 口コミ,値あり,
LITALICOジュニア,リタリコジュニア,発達特性×口コミ,学習障害 口コミ,リタリコジュニア 学習障害 口コミ,値あり,
LITALICOジュニア,リタリコジュニア,発達特性×口コミ,境界知能 口コミ,リタリコジュニア 境界知能 口コミ,値あり,
LITALICOジュニア,リタリコジュニア,発達特性×口コミ,不登校 口コミ,リタリコジュニア 不登校 口コミ,値あり,
LITALICOジュニア,リタリコジュニア,発達特性×評判,発達障害 評判,リタリコジュニア 発達障害 評判,値あり,
LITALICOジュニア,リタリコジュニア,発達特性×評判,発達障がい 評判,リタリコジュニア 発達障がい 評判,値あり,
LITALICOジュニア,リタリコジュニア,発達特性×評判,グレーゾーン 評判,リタリコジュニア グレーゾーン 評判,値あり,
LITALICOジュニア,リタリコジュニア,発達特性×評判,ADHD 評判,リタリコジュニア ADHD 評判,値あり,
LITALICOジュニア,リタリコジュニア,発達特性×評判,ASD 評判,リタリコジュニア ASD 評判,値あり,
LITALICOジュニア,リタリコジュニア,発達特性×評判,自閉症 評判,リタリコジュニア 自閉症 評判,値あり,
LITALICOジュニア,リタリコジュニア,発達特性×評判,LD 評判,リタリコジュニア LD 評判,値あり,
LITALICOジュニア,リタリコジュニア,発達特性×評判,学習障害 評判,リタリコジュニア 学習障害 評判,値あり,
LITALICOジュニア,リタリコジュニア,発達特性×評判,境界知能 評判,リタリコジュニア 境界知能 評判,値あり,
LITALICOジュニア,リタリコジュニア,発達特性×評判,不登校 評判,リタリコジュニア 不登校 評判,値あり,
LITALICOジュニア,リタリコジュニア,発達特性×料金,発達障害 料金,リタリコジュニア 発達障害 料金,値あり,
LITALICOジュニア,リタリコジュニア,発達特性×料金,発達障がい 料金,リタリコジュニア 発達障がい 料金,値あり,
LITALICOジュニア,リタリコジュニア,発達特性×料金,グレーゾーン 料金,リタリコジュニア グレーゾーン 料金,値あり,
LITALICOジュニア,リタリコジュニア,発達特性×料金,ADHD 料金,リタリコジュニア ADHD 料金,値あり,
LITALICOジュニア,リタリコジュニア,発達特性×料金,ASD 料金,リタリコジュニア ASD 料金,値あり,
LITALICOジュニア,リタリコジュニア,発達特性×料金,自閉症 料金,リタリコジュニア 自閉症 料金,値あり,
LITALICOジュニア,リタリコジュニア,発達特性×料金,LD 料金,リタリコジュニア LD 料金,値あり,
LITALICOジュニア,リタリコジュニア,発達特性×料金,学習障害 料金,リタリコジュニア 学習障害 料金,値あり,
LITALICOジュニア,リタリコジュニア,発達特性×料金,境界知能 料金,リタリコジュニア 境界知能 料金,値あり,
LITALICOジュニア,リタリコジュニア,発達特性×料金,不登校 料金,リタリコジュニア 不登校 料金,値あり,
LITALICOジュニア,litalicoジュニア,評判・第三者評価,口コミ,litalicoジュニア 口コミ,値あり,40
LITALICOジュニア,litalicoジュニア,評判・第三者評価,評判,litalicoジュニア 評判,値あり,70
LITALICOジュニア,litalicoジュニア,評判・第三者評価,レビュー,litalicoジュニア レビュー,値あり,
LITALICOジュニア,litalicoジュニア,評判・第三者評価,体験談,litalicoジュニア 体験談,値あり,
LITALICOジュニア,litalicoジュニア,評判・第三者評価,感想,litalicoジュニア 感想,値あり,
LITALICOジュニア,litalicoジュニア,評判・第三者評価,評価,litalicoジュニア 評価,値あり,
LITALICOジュニア,litalicoジュニア,料金・契約,料金,litalicoジュニア 料金,値あり,90
LITALICOジュニア,litalicoジュニア,料金・契約,費用,litalicoジュニア 費用,値あり,
LITALICOジュニア,litalicoジュニア,料金・契約,月謝,litalicoジュニア 月謝,値あり,
LITALICOジュニア,litalicoジュニア,料金・契約,値段,litalicoジュニア 値段,値あり,
LITALICOジュニア,litalicoジュニア,料金・契約,価格,litalicoジュニア 価格,値あり,
LITALICOジュニア,litalicoジュニア,料金・契約,入会金,litalicoジュニア 入会金,値あり,
LITALICOジュニア,litalicoジュニア,料金・契約,教材費,litalicoジュニア 教材費,値あり,
LITALICOジュニア,litalicoジュニア,料金・契約,高い,litalicoジュニア 高い,値あり,
LITALICOジュニア,litalicoジュニア,料金・契約,安い,litalicoジュニア 安い,値あり,
LITALICOジュニア,litalicoジュニア,比較・選択,比較,litalicoジュニア 比較,値あり,
LITALICOジュニア,litalicoジュニア,比較・選択,違い,litalicoジュニア 違い,値あり,
LITALICOジュニア,litalicoジュニア,比較・選択,どっち,litalicoジュニア どっち,値あり,
LITALICOジュニア,litalicoジュニア,比較・選択,おすすめ,litalicoジュニア おすすめ,値あり,
LITALICOジュニア,litalicoジュニア,比較・選択,他社,litalicoジュニア 他社,値あり,
LITALICOジュニア,litalicoジュニア,比較・選択,ランキング,litalicoジュニア ランキング,値あり,
LITALICOジュニア,litalicoジュニア,不安・ネガティブ確認,デメリット,litalicoジュニア デメリット,値あり,
LITALICOジュニア,litalicoジュニア,不安・ネガティブ確認,メリット,litalicoジュニア メリット,値あり,
LITALICOジュニア,litalicoジュニア,不安・ネガティブ確認,怪しい,litalicoジュニア 怪しい,値あり,
LITALICOジュニア,litalicoジュニア,不安・ネガティブ確認,最悪,litalicoジュニア 最悪,値あり,
LITALICOジュニア,litalicoジュニア,不安・ネガティブ確認,失敗,litalicoジュニア 失敗,値あり,
LITALICOジュニア,litalicoジュニア,不安・ネガティブ確認,後悔,litalicoジュニア 後悔,値あり,
LITALICOジュニア,litalicoジュニア,不安・ネガティブ確認,合わない,litalicoジュニア 合わない,値あり,
LITALICOジュニア,litalicoジュニア,不安・ネガティブ確認,向いてない,litalicoジュニア 向いてない,値あり,
LITALICOジュニア,litalicoジュニア,不安・ネガティブ確認,やめたい,litalicoジュニア やめたい,値あり,
LITALICOジュニア,litalicoジュニア,不安・ネガティブ確認,辞めたい,litalicoジュニア 辞めたい,値あり,50
LITALICOジュニア,litalicoジュニア,不安・ネガティブ確認,退会,litalicoジュニア 退会,値あり,
LITALICOジュニア,litalicoジュニア,不安・ネガティブ確認,解約,litalicoジュニア 解約,値あり,
LITALICOジュニア,litalicoジュニア,申込直前,無料体験,litalicoジュニア 無料体験,値あり,
LITALICOジュニア,litalicoジュニア,申込直前,体験,litalicoジュニア 体験,値あり,
LITALICOジュニア,litalicoジュニア,申込直前,体験授業,litalicoジュニア 体験授業,値あり,
LITALICOジュニア,litalicoジュニア,申込直前,無料相談,litalicoジュニア 無料相談,値あり,
LITALICOジュニア,litalicoジュニア,申込直前,資料請求,litalicoジュニア 資料請求,値あり,
LITALICOジュニア,litalicoジュニア,申込直前,申し込み,litalicoジュニア 申し込み,値あり,
LITALICOジュニア,litalicoジュニア,申込直前,入会,litalicoジュニア 入会,値あり,
LITALICOジュニア,litalicoジュニア,発達特性との相性,発達障害,litalicoジュニア 発達障害,値あり,
LITALICOジュニア,litalicoジュニア,発達特性との相性,発達障がい,litalicoジュニア 発達障がい,値あり,
LITALICOジュニア,litalicoジュニア,発達特性との相性,グレーゾーン,litalicoジュニア グレーゾーン,値あり,
LITALICOジュニア,litalicoジュニア,発達特性との相性,ADHD,litalicoジュニア ADHD,値あり,
LITALICOジュニア,litalicoジュニア,発達特性との相性,ASD,litalicoジュニア ASD,値あり,
LITALICOジュニア,litalicoジュニア,発達特性との相性,自閉症,litalicoジュニア 自閉症,値あり,
LITALICOジュニア,litalicoジュニア,発達特性との相性,LD,litalicoジュニア LD,値あり,
LITALICOジュニア,litalicoジュニア,発達特性との相性,学習障害,litalicoジュニア 学習障害,値あり,
LITALICOジュニア,litalicoジュニア,発達特性との相性,境界知能,litalicoジュニア 境界知能,値あり,
LITALICOジュニア,litalicoジュニア,発達特性との相性,不登校,litalicoジュニア 不登校,値あり,
LITALICOジュニア,litalicoジュニア,対象・用途,小学生,litalicoジュニア 小学生,値あり,
LITALICOジュニア,litalicoジュニア,対象・用途,中学生,litalicoジュニア 中学生,値あり,
LITALICOジュニア,litalicoジュニア,対象・用途,高校生,litalicoジュニア 高校生,値あり,
LITALICOジュニア,litalicoジュニア,対象・用途,高校受験,litalicoジュニア 高校受験,値あり,
LITALICOジュニア,litalicoジュニア,対象・用途,中学受験,litalicoジュニア 中学受験,値あり,
LITALICOジュニア,litalicoジュニア,対象・用途,大学受験,litalicoジュニア 大学受験,値あり,
LITALICOジュニア,litalicoジュニア,追加：SERP・サジェスト由来,評判 悪い,litalicoジュニア 評判 悪い,値あり,
LITALICOジュニア,litalicoジュニア,追加：SERP・サジェスト由来,やばい,litalicoジュニア やばい,値あり,
LITALICOジュニア,litalicoジュニア,追加：SERP・サジェスト由来,知恵袋,litalicoジュニア 知恵袋,値あり,
LITALICOジュニア,litalicoジュニア,追加：SERP・サジェスト由来,2ch,litalicoジュニア 2ch,値あり,
LITALICOジュニア,litalicoジュニア,追加：SERP・サジェスト由来,料金表,litalicoジュニア 料金表,値あり,
LITALICOジュニア,litalicoジュニア,追加：SERP・サジェスト由来,授業料,litalicoジュニア 授業料,値あり,
LITALICOジュニア,litalicoジュニア,追加：SERP・サジェスト由来,夏期講習,litalicoジュニア 夏期講習,値あり,
LITALICOジュニア,litalicoジュニア,追加：SERP・サジェスト由来,意味ない,litalicoジュニア 意味ない,値あり,
LITALICOジュニア,litalicoジュニア,追加：SERP・サジェスト由来,バイト,litalicoジュニア バイト,値あり,10
LITALICOジュニア,litalicoジュニア,追加：SERP・サジェスト由来,求人,litalicoジュニア 求人,値あり,170
LITALICOジュニア,litalicoジュニア,追加：KWP KeywordSeed由来,クチコミ,litalicoジュニア クチコミ,値あり,
LITALICOジュニア,litalicoジュニア,追加：KWP KeywordSeed由来,やめとけ,litalicoジュニア やめとけ,値あり,
LITALICOジュニア,litalicoジュニア,追加：KWP KeywordSeed由来,合格実績,litalicoジュニア 合格実績,値あり,
LITALICOジュニア,litalicoジュニア,追加：KWP KeywordSeed由来,時間割,litalicoジュニア 時間割,値あり,
LITALICOジュニア,litalicoジュニア,追加：KWP KeywordSeed由来,キャンペーン,litalicoジュニア キャンペーン,値あり,
LITALICOジュニア,litalicoジュニア,追加：KWP KeywordSeed由来,割引,litalicoジュニア 割引,値あり,
LITALICOジュニア,litalicoジュニア,追加：KWP KeywordSeed由来,コース,litalicoジュニア コース,値あり,
LITALICOジュニア,litalicoジュニア,追加：KWP KeywordSeed由来,春期講習,litalicoジュニア 春期講習,値あり,
LITALICOジュニア,litalicoジュニア,追加：KWP KeywordSeed由来,冬期講習,litalicoジュニア 冬期講習,値あり,
LITALICOジュニア,litalicoジュニア,追加：KWP KeywordSeed由来,電話番号,litalicoジュニア 電話番号,値あり,
LITALICOジュニア,litalicoジュニア,追加：KWP KeywordSeed由来,ホームページ,litalicoジュニア ホームページ,値あり,
LITALICOジュニア,litalicoジュニア,追加：KWP KeywordSeed由来,株式会社,litalicoジュニア 株式会社,値あり,
LITALICOジュニア,litalicoジュニア,追加：KWP KeywordSeed由来,講師,litalicoジュニア 講師,値あり,
LITALICOジュニア,litalicoジュニア,追加：KWP KeywordSeed由来,とは,litalicoジュニア とは,値あり,
LITALICO発達ナビ,発達ナビ,評判・第三者評価,口コミ,発達ナビ 口コミ,値あり,
LITALICO発達ナビ,発達ナビ,評判・第三者評価,評判,発達ナビ 評判,値あり,
LITALICO発達ナビ,発達ナビ,評判・第三者評価,レビュー,発達ナビ レビュー,値あり,
LITALICO発達ナビ,発達ナビ,評判・第三者評価,体験談,発達ナビ 体験談,値あり,
LITALICO発達ナビ,発達ナビ,評判・第三者評価,感想,発達ナビ 感想,値あり,
LITALICO発達ナビ,発達ナビ,評判・第三者評価,評価,発達ナビ 評価,値あり,
LITALICO発達ナビ,発達ナビ,料金・契約,料金,発達ナビ 料金,値あり,
LITALICO発達ナビ,発達ナビ,料金・契約,費用,発達ナビ 費用,値あり,
LITALICO発達ナビ,発達ナビ,料金・契約,月謝,発達ナビ 月謝,値あり,
LITALICO発達ナビ,発達ナビ,料金・契約,値段,発達ナビ 値段,値あり,
LITALICO発達ナビ,発達ナビ,料金・契約,価格,発達ナビ 価格,値あり,
LITALICO発達ナビ,発達ナビ,料金・契約,入会金,発達ナビ 入会金,値あり,
LITALICO発達ナビ,発達ナビ,料金・契約,教材費,発達ナビ 教材費,値あり,
LITALICO発達ナビ,発達ナビ,料金・契約,高い,発達ナビ 高い,値あり,
LITALICO発達ナビ,発達ナビ,料金・契約,安い,発達ナビ 安い,値あり,
LITALICO発達ナビ,発達ナビ,比較・選択,比較,発達ナビ 比較,値あり,
LITALICO発達ナビ,発達ナビ,比較・選択,違い,発達ナビ 違い,値あり,
LITALICO発達ナビ,発達ナビ,比較・選択,どっち,発達ナビ どっち,値あり,
LITALICO発達ナビ,発達ナビ,比較・選択,おすすめ,発達ナビ おすすめ,値あり,
LITALICO発達ナビ,発達ナビ,比較・選択,他社,発達ナビ 他社,値あり,
LITALICO発達ナビ,発達ナビ,比較・選択,ランキング,発達ナビ ランキング,値あり,
LITALICO発達ナビ,発達ナビ,不安・ネガティブ確認,デメリット,発達ナビ デメリット,値あり,
LITALICO発達ナビ,発達ナビ,不安・ネガティブ確認,メリット,発達ナビ メリット,値あり,
LITALICO発達ナビ,発達ナビ,不安・ネガティブ確認,怪しい,発達ナビ 怪しい,値あり,
LITALICO発達ナビ,発達ナビ,不安・ネガティブ確認,最悪,発達ナビ 最悪,値あり,
LITALICO発達ナビ,発達ナビ,不安・ネガティブ確認,失敗,発達ナビ 失敗,値あり,
LITALICO発達ナビ,発達ナビ,不安・ネガティブ確認,後悔,発達ナビ 後悔,値あり,
LITALICO発達ナビ,発達ナビ,不安・ネガティブ確認,合わない,発達ナビ 合わない,値あり,
LITALICO発達ナビ,発達ナビ,不安・ネガティブ確認,向いてない,発達ナビ 向いてない,値あり,
LITALICO発達ナビ,発達ナビ,不安・ネガティブ確認,やめたい,発達ナビ やめたい,値あり,
LITALICO発達ナビ,発達ナビ,不安・ネガティブ確認,辞めたい,発達ナビ 辞めたい,値あり,
LITALICO発達ナビ,発達ナビ,不安・ネガティブ確認,退会,発達ナビ 退会,値あり,
LITALICO発達ナビ,発達ナビ,不安・ネガティブ確認,解約,発達ナビ 解約,値あり,
LITALICO発達ナビ,発達ナビ,申込直前,無料体験,発達ナビ 無料体験,値あり,
LITALICO発達ナビ,発達ナビ,申込直前,体験,発達ナビ 体験,値あり,
LITALICO発達ナビ,発達ナビ,申込直前,体験授業,発達ナビ 体験授業,値あり,
LITALICO発達ナビ,発達ナビ,申込直前,無料相談,発達ナビ 無料相談,値あり,
LITALICO発達ナビ,発達ナビ,申込直前,資料請求,発達ナビ 資料請求,値あり,
LITALICO発達ナビ,発達ナビ,申込直前,申し込み,発達ナビ 申し込み,値あり,
LITALICO発達ナビ,発達ナビ,申込直前,入会,発達ナビ 入会,値あり,
LITALICO発達ナビ,発達ナビ,発達特性との相性,発達障害,発達ナビ 発達障害,値あり,
LITALICO発達ナビ,発達ナビ,発達特性との相性,発達障がい,発達ナビ 発達障がい,値あり,
LITALICO発達ナビ,発達ナビ,発達特性との相性,グレーゾーン,発達ナビ グレーゾーン,値あり,
LITALICO発達ナビ,発達ナビ,発達特性との相性,ADHD,発達ナビ ADHD,値あり,10
LITALICO発達ナビ,発達ナビ,発達特性との相性,ASD,発達ナビ ASD,値あり,
LITALICO発達ナビ,発達ナビ,発達特性との相性,自閉症,発達ナビ 自閉症,値あり,10
LITALICO発達ナビ,発達ナビ,発達特性との相性,LD,発達ナビ LD,値あり,
LITALICO発達ナビ,発達ナビ,発達特性との相性,学習障害,発達ナビ 学習障害,値あり,
LITALICO発達ナビ,発達ナビ,発達特性との相性,境界知能,発達ナビ 境界知能,値あり,
LITALICO発達ナビ,発達ナビ,発達特性との相性,不登校,発達ナビ 不登校,値あり,
LITALICO発達ナビ,発達ナビ,対象・用途,小学生,発達ナビ 小学生,値あり,
LITALICO発達ナビ,発達ナビ,対象・用途,中学生,発達ナビ 中学生,値あり,
LITALICO発達ナビ,発達ナビ,対象・用途,高校生,発達ナビ 高校生,値あり,
LITALICO発達ナビ,発達ナビ,対象・用途,高校受験,発達ナビ 高校受験,値あり,
LITALICO発達ナビ,発達ナビ,対象・用途,中学受験,発達ナビ 中学受験,値あり,
LITALICO発達ナビ,発達ナビ,対象・用途,大学受験,発達ナビ 大学受験,値あり,
LITALICO発達ナビ,発達ナビ,追加：SERP・サジェスト由来,評判 悪い,発達ナビ 評判 悪い,値あり,
LITALICO発達ナビ,発達ナビ,追加：SERP・サジェスト由来,やばい,発達ナビ やばい,値あり,
LITALICO発達ナビ,発達ナビ,追加：SERP・サジェスト由来,知恵袋,発達ナビ 知恵袋,値あり,
LITALICO発達ナビ,発達ナビ,追加：SERP・サジェスト由来,2ch,発達ナビ 2ch,値あり,
LITALICO発達ナビ,発達ナビ,追加：SERP・サジェスト由来,料金表,発達ナビ 料金表,値あり,
LITALICO発達ナビ,発達ナビ,追加：SERP・サジェスト由来,授業料,発達ナビ 授業料,値あり,
LITALICO発達ナビ,発達ナビ,追加：SERP・サジェスト由来,夏期講習,発達ナビ 夏期講習,値あり,
LITALICO発達ナビ,発達ナビ,追加：SERP・サジェスト由来,意味ない,発達ナビ 意味ない,値あり,
LITALICO発達ナビ,発達ナビ,追加：SERP・サジェスト由来,バイト,発達ナビ バイト,値あり,
LITALICO発達ナビ,発達ナビ,追加：SERP・サジェスト由来,求人,発達ナビ 求人,値あり,10
LITALICO発達ナビ,発達ナビ,追加：KWP KeywordSeed由来,クチコミ,発達ナビ クチコミ,値あり,
LITALICO発達ナビ,発達ナビ,追加：KWP KeywordSeed由来,やめとけ,発達ナビ やめとけ,値あり,
LITALICO発達ナビ,発達ナビ,追加：KWP KeywordSeed由来,合格実績,発達ナビ 合格実績,値あり,
LITALICO発達ナビ,発達ナビ,追加：KWP KeywordSeed由来,時間割,発達ナビ 時間割,値あり,
LITALICO発達ナビ,発達ナビ,追加：KWP KeywordSeed由来,キャンペーン,発達ナビ キャンペーン,値あり,
LITALICO発達ナビ,発達ナビ,追加：KWP KeywordSeed由来,割引,発達ナビ 割引,値あり,
LITALICO発達ナビ,発達ナビ,追加：KWP KeywordSeed由来,コース,発達ナビ コース,値あり,
LITALICO発達ナビ,発達ナビ,追加：KWP KeywordSeed由来,春期講習,発達ナビ 春期講習,値あり,
LITALICO発達ナビ,発達ナビ,追加：KWP KeywordSeed由来,冬期講習,発達ナビ 冬期講習,値あり,
LITALICO発達ナビ,発達ナビ,追加：KWP KeywordSeed由来,電話番号,発達ナビ 電話番号,値あり,
LITALICO発達ナビ,発達ナビ,追加：KWP KeywordSeed由来,ホームページ,発達ナビ ホームページ,値あり,
LITALICO発達ナビ,発達ナビ,追加：KWP KeywordSeed由来,株式会社,発達ナビ 株式会社,値あり,
LITALICO発達ナビ,発達ナビ,追加：KWP KeywordSeed由来,講師,発達ナビ 講師,値あり,
LITALICO発達ナビ,発達ナビ,追加：KWP KeywordSeed由来,とは,発達ナビ とは,値あり,
LITALICO発達ナビ,発達ナビ,発達特性×口コミ,発達障害 口コミ,発達ナビ 発達障害 口コミ,値あり,
LITALICO発達ナビ,発達ナビ,発達特性×口コミ,発達障がい 口コミ,発達ナビ 発達障がい 口コミ,値あり,
LITALICO発達ナビ,発達ナビ,発達特性×口コミ,グレーゾーン 口コミ,発達ナビ グレーゾーン 口コミ,値あり,
LITALICO発達ナビ,発達ナビ,発達特性×口コミ,ADHD 口コミ,発達ナビ ADHD 口コミ,値あり,
LITALICO発達ナビ,発達ナビ,発達特性×口コミ,ASD 口コミ,発達ナビ ASD 口コミ,値あり,
LITALICO発達ナビ,発達ナビ,発達特性×口コミ,自閉症 口コミ,発達ナビ 自閉症 口コミ,値あり,
LITALICO発達ナビ,発達ナビ,発達特性×口コミ,LD 口コミ,発達ナビ LD 口コミ,値あり,
LITALICO発達ナビ,発達ナビ,発達特性×口コミ,学習障害 口コミ,発達ナビ 学習障害 口コミ,値あり,
LITALICO発達ナビ,発達ナビ,発達特性×口コミ,境界知能 口コミ,発達ナビ 境界知能 口コミ,値あり,
LITALICO発達ナビ,発達ナビ,発達特性×口コミ,不登校 口コミ,発達ナビ 不登校 口コミ,値あり,
LITALICO発達ナビ,発達ナビ,発達特性×評判,発達障害 評判,発達ナビ 発達障害 評判,値あり,
LITALICO発達ナビ,発達ナビ,発達特性×評判,発達障がい 評判,発達ナビ 発達障がい 評判,値あり,
LITALICO発達ナビ,発達ナビ,発達特性×評判,グレーゾーン 評判,発達ナビ グレーゾーン 評判,値あり,
LITALICO発達ナビ,発達ナビ,発達特性×評判,ADHD 評判,発達ナビ ADHD 評判,値あり,
LITALICO発達ナビ,発達ナビ,発達特性×評判,ASD 評判,発達ナビ ASD 評判,値あり,
LITALICO発達ナビ,発達ナビ,発達特性×評判,自閉症 評判,発達ナビ 自閉症 評判,値あり,
LITALICO発達ナビ,発達ナビ,発達特性×評判,LD 評判,発達ナビ LD 評判,値あり,
LITALICO発達ナビ,発達ナビ,発達特性×評判,学習障害 評判,発達ナビ 学習障害 評判,値あり,
LITALICO発達ナビ,発達ナビ,発達特性×評判,境界知能 評判,発達ナビ 境界知能 評判,値あり,
LITALICO発達ナビ,発達ナビ,発達特性×評判,不登校 評判,発達ナビ 不登校 評判,値あり,
LITALICO発達ナビ,発達ナビ,発達特性×料金,発達障害 料金,発達ナビ 発達障害 料金,値あり,
LITALICO発達ナビ,発達ナビ,発達特性×料金,発達障がい 料金,発達ナビ 発達障がい 料金,値あり,
LITALICO発達ナビ,発達ナビ,発達特性×料金,グレーゾーン 料金,発達ナビ グレーゾーン 料金,値あり,
LITALICO発達ナビ,発達ナビ,発達特性×料金,ADHD 料金,発達ナビ ADHD 料金,値あり,
LITALICO発達ナビ,発達ナビ,発達特性×料金,ASD 料金,発達ナビ ASD 料金,値あり,
LITALICO発達ナビ,発達ナビ,発達特性×料金,自閉症 料金,発達ナビ 自閉症 料金,値あり,
LITALICO発達ナビ,発達ナビ,発達特性×料金,LD 料金,発達ナビ LD 料金,値あり,
LITALICO発達ナビ,発達ナビ,発達特性×料金,学習障害 料金,発達ナビ 学習障害 料金,値あり,
LITALICO発達ナビ,発達ナビ,発達特性×料金,境界知能 料金,発達ナビ 境界知能 料金,値あり,
LITALICO発達ナビ,発達ナビ,発達特性×料金,不登校 料金,発達ナビ 不登校 料金,値あり,
LITALICO発達ナビ,リタリコ発達ナビ,評判・第三者評価,口コミ,リタリコ発達ナビ 口コミ,値あり,50
LITALICO発達ナビ,リタリコ発達ナビ,評判・第三者評価,評判,リタリコ発達ナビ 評判,値あり,20
LITALICO発達ナビ,リタリコ発達ナビ,評判・第三者評価,レビュー,リタリコ発達ナビ レビュー,値あり,
LITALICO発達ナビ,リタリコ発達ナビ,評判・第三者評価,体験談,リタリコ発達ナビ 体験談,値あり,
LITALICO発達ナビ,リタリコ発達ナビ,評判・第三者評価,感想,リタリコ発達ナビ 感想,値あり,
LITALICO発達ナビ,リタリコ発達ナビ,評判・第三者評価,評価,リタリコ発達ナビ 評価,値あり,
LITALICO発達ナビ,リタリコ発達ナビ,料金・契約,料金,リタリコ発達ナビ 料金,値あり,40
LITALICO発達ナビ,リタリコ発達ナビ,料金・契約,費用,リタリコ発達ナビ 費用,値あり,
LITALICO発達ナビ,リタリコ発達ナビ,料金・契約,月謝,リタリコ発達ナビ 月謝,値あり,
LITALICO発達ナビ,リタリコ発達ナビ,料金・契約,値段,リタリコ発達ナビ 値段,値あり,
LITALICO発達ナビ,リタリコ発達ナビ,料金・契約,価格,リタリコ発達ナビ 価格,値あり,
LITALICO発達ナビ,リタリコ発達ナビ,料金・契約,入会金,リタリコ発達ナビ 入会金,値あり,
LITALICO発達ナビ,リタリコ発達ナビ,料金・契約,教材費,リタリコ発達ナビ 教材費,値あり,
LITALICO発達ナビ,リタリコ発達ナビ,料金・契約,高い,リタリコ発達ナビ 高い,値あり,
LITALICO発達ナビ,リタリコ発達ナビ,料金・契約,安い,リタリコ発達ナビ 安い,値あり,
LITALICO発達ナビ,リタリコ発達ナビ,比較・選択,比較,リタリコ発達ナビ 比較,値あり,
LITALICO発達ナビ,リタリコ発達ナビ,比較・選択,違い,リタリコ発達ナビ 違い,値あり,
LITALICO発達ナビ,リタリコ発達ナビ,比較・選択,どっち,リタリコ発達ナビ どっち,値あり,
LITALICO発達ナビ,リタリコ発達ナビ,比較・選択,おすすめ,リタリコ発達ナビ おすすめ,値あり,
LITALICO発達ナビ,リタリコ発達ナビ,比較・選択,他社,リタリコ発達ナビ 他社,値あり,
LITALICO発達ナビ,リタリコ発達ナビ,比較・選択,ランキング,リタリコ発達ナビ ランキング,値あり,
LITALICO発達ナビ,リタリコ発達ナビ,不安・ネガティブ確認,デメリット,リタリコ発達ナビ デメリット,値あり,
LITALICO発達ナビ,リタリコ発達ナビ,不安・ネガティブ確認,メリット,リタリコ発達ナビ メリット,値あり,
LITALICO発達ナビ,リタリコ発達ナビ,不安・ネガティブ確認,怪しい,リタリコ発達ナビ 怪しい,値あり,
LITALICO発達ナビ,リタリコ発達ナビ,不安・ネガティブ確認,最悪,リタリコ発達ナビ 最悪,値あり,
LITALICO発達ナビ,リタリコ発達ナビ,不安・ネガティブ確認,失敗,リタリコ発達ナビ 失敗,値あり,
LITALICO発達ナビ,リタリコ発達ナビ,不安・ネガティブ確認,後悔,リタリコ発達ナビ 後悔,値あり,
LITALICO発達ナビ,リタリコ発達ナビ,不安・ネガティブ確認,合わない,リタリコ発達ナビ 合わない,値あり,
LITALICO発達ナビ,リタリコ発達ナビ,不安・ネガティブ確認,向いてない,リタリコ発達ナビ 向いてない,値あり,
LITALICO発達ナビ,リタリコ発達ナビ,不安・ネガティブ確認,やめたい,リタリコ発達ナビ やめたい,値あり,
LITALICO発達ナビ,リタリコ発達ナビ,不安・ネガティブ確認,辞めたい,リタリコ発達ナビ 辞めたい,値あり,
LITALICO発達ナビ,リタリコ発達ナビ,不安・ネガティブ確認,退会,リタリコ発達ナビ 退会,値あり,10
LITALICO発達ナビ,リタリコ発達ナビ,不安・ネガティブ確認,解約,リタリコ発達ナビ 解約,値あり,
LITALICO発達ナビ,リタリコ発達ナビ,申込直前,無料体験,リタリコ発達ナビ 無料体験,値あり,
LITALICO発達ナビ,リタリコ発達ナビ,申込直前,体験,リタリコ発達ナビ 体験,値あり,
LITALICO発達ナビ,リタリコ発達ナビ,申込直前,体験授業,リタリコ発達ナビ 体験授業,値あり,
LITALICO発達ナビ,リタリコ発達ナビ,申込直前,無料相談,リタリコ発達ナビ 無料相談,値あり,
LITALICO発達ナビ,リタリコ発達ナビ,申込直前,資料請求,リタリコ発達ナビ 資料請求,値あり,
LITALICO発達ナビ,リタリコ発達ナビ,申込直前,申し込み,リタリコ発達ナビ 申し込み,値あり,
LITALICO発達ナビ,リタリコ発達ナビ,申込直前,入会,リタリコ発達ナビ 入会,値あり,
LITALICO発達ナビ,リタリコ発達ナビ,発達特性との相性,発達障害,リタリコ発達ナビ 発達障害,値あり,
LITALICO発達ナビ,リタリコ発達ナビ,発達特性との相性,発達障がい,リタリコ発達ナビ 発達障がい,値あり,
LITALICO発達ナビ,リタリコ発達ナビ,発達特性との相性,グレーゾーン,リタリコ発達ナビ グレーゾーン,値あり,
LITALICO発達ナビ,リタリコ発達ナビ,発達特性との相性,ADHD,リタリコ発達ナビ ADHD,値あり,10
LITALICO発達ナビ,リタリコ発達ナビ,発達特性との相性,ASD,リタリコ発達ナビ ASD,値あり,
LITALICO発達ナビ,リタリコ発達ナビ,発達特性との相性,自閉症,リタリコ発達ナビ 自閉症,値あり,
LITALICO発達ナビ,リタリコ発達ナビ,発達特性との相性,LD,リタリコ発達ナビ LD,値あり,
LITALICO発達ナビ,リタリコ発達ナビ,発達特性との相性,学習障害,リタリコ発達ナビ 学習障害,値あり,
LITALICO発達ナビ,リタリコ発達ナビ,発達特性との相性,境界知能,リタリコ発達ナビ 境界知能,値あり,
LITALICO発達ナビ,リタリコ発達ナビ,発達特性との相性,不登校,リタリコ発達ナビ 不登校,値あり,
LITALICO発達ナビ,リタリコ発達ナビ,対象・用途,小学生,リタリコ発達ナビ 小学生,値あり,
LITALICO発達ナビ,リタリコ発達ナビ,対象・用途,中学生,リタリコ発達ナビ 中学生,値あり,
LITALICO発達ナビ,リタリコ発達ナビ,対象・用途,高校生,リタリコ発達ナビ 高校生,値あり,
LITALICO発達ナビ,リタリコ発達ナビ,対象・用途,高校受験,リタリコ発達ナビ 高校受験,値あり,
LITALICO発達ナビ,リタリコ発達ナビ,対象・用途,中学受験,リタリコ発達ナビ 中学受験,値あり,
LITALICO発達ナビ,リタリコ発達ナビ,対象・用途,大学受験,リタリコ発達ナビ 大学受験,値あり,
LITALICO発達ナビ,リタリコ発達ナビ,追加：SERP・サジェスト由来,評判 悪い,リタリコ発達ナビ 評判 悪い,値あり,
LITALICO発達ナビ,リタリコ発達ナビ,追加：SERP・サジェスト由来,やばい,リタリコ発達ナビ やばい,値あり,
LITALICO発達ナビ,リタリコ発達ナビ,追加：SERP・サジェスト由来,知恵袋,リタリコ発達ナビ 知恵袋,値あり,
LITALICO発達ナビ,リタリコ発達ナビ,追加：SERP・サジェスト由来,2ch,リタリコ発達ナビ 2ch,値あり,
LITALICO発達ナビ,リタリコ発達ナビ,追加：SERP・サジェスト由来,料金表,リタリコ発達ナビ 料金表,値あり,
LITALICO発達ナビ,リタリコ発達ナビ,追加：SERP・サジェスト由来,授業料,リタリコ発達ナビ 授業料,値あり,
LITALICO発達ナビ,リタリコ発達ナビ,追加：SERP・サジェスト由来,夏期講習,リタリコ発達ナビ 夏期講習,値あり,
LITALICO発達ナビ,リタリコ発達ナビ,追加：SERP・サジェスト由来,意味ない,リタリコ発達ナビ 意味ない,値あり,
LITALICO発達ナビ,リタリコ発達ナビ,追加：SERP・サジェスト由来,バイト,リタリコ発達ナビ バイト,値あり,
LITALICO発達ナビ,リタリコ発達ナビ,追加：SERP・サジェスト由来,求人,リタリコ発達ナビ 求人,値あり,10
LITALICO発達ナビ,リタリコ発達ナビ,追加：KWP KeywordSeed由来,クチコミ,リタリコ発達ナビ クチコミ,値あり,
LITALICO発達ナビ,リタリコ発達ナビ,追加：KWP KeywordSeed由来,やめとけ,リタリコ発達ナビ やめとけ,値あり,
LITALICO発達ナビ,リタリコ発達ナビ,追加：KWP KeywordSeed由来,合格実績,リタリコ発達ナビ 合格実績,値あり,
LITALICO発達ナビ,リタリコ発達ナビ,追加：KWP KeywordSeed由来,時間割,リタリコ発達ナビ 時間割,値あり,
LITALICO発達ナビ,リタリコ発達ナビ,追加：KWP KeywordSeed由来,キャンペーン,リタリコ発達ナビ キャンペーン,値あり,
LITALICO発達ナビ,リタリコ発達ナビ,追加：KWP KeywordSeed由来,割引,リタリコ発達ナビ 割引,値あり,
LITALICO発達ナビ,リタリコ発達ナビ,追加：KWP KeywordSeed由来,コース,リタリコ発達ナビ コース,値あり,
LITALICO発達ナビ,リタリコ発達ナビ,追加：KWP KeywordSeed由来,春期講習,リタリコ発達ナビ 春期講習,値あり,
LITALICO発達ナビ,リタリコ発達ナビ,追加：KWP KeywordSeed由来,冬期講習,リタリコ発達ナビ 冬期講習,値あり,
LITALICO発達ナビ,リタリコ発達ナビ,追加：KWP KeywordSeed由来,電話番号,リタリコ発達ナビ 電話番号,値あり,
LITALICO発達ナビ,リタリコ発達ナビ,追加：KWP KeywordSeed由来,ホームページ,リタリコ発達ナビ ホームページ,値あり,
LITALICO発達ナビ,リタリコ発達ナビ,追加：KWP KeywordSeed由来,株式会社,リタリコ発達ナビ 株式会社,値あり,
LITALICO発達ナビ,リタリコ発達ナビ,追加：KWP KeywordSeed由来,講師,リタリコ発達ナビ 講師,値あり,
LITALICO発達ナビ,リタリコ発達ナビ,追加：KWP KeywordSeed由来,とは,リタリコ発達ナビ とは,値あり,
スタジオそら,スタジオそら,評判・第三者評価,口コミ,スタジオそら 口コミ,値あり,20
スタジオそら,スタジオそら,評判・第三者評価,評判,スタジオそら 評判,値あり,30
スタジオそら,スタジオそら,評判・第三者評価,レビュー,スタジオそら レビュー,値あり,
スタジオそら,スタジオそら,評判・第三者評価,体験談,スタジオそら 体験談,値あり,
スタジオそら,スタジオそら,評判・第三者評価,感想,スタジオそら 感想,値あり,
スタジオそら,スタジオそら,評判・第三者評価,評価,スタジオそら 評価,値あり,
スタジオそら,スタジオそら,料金・契約,料金,スタジオそら 料金,値あり,20
スタジオそら,スタジオそら,料金・契約,費用,スタジオそら 費用,値あり,
スタジオそら,スタジオそら,料金・契約,月謝,スタジオそら 月謝,値あり,
スタジオそら,スタジオそら,料金・契約,値段,スタジオそら 値段,値あり,
スタジオそら,スタジオそら,料金・契約,価格,スタジオそら 価格,値あり,
スタジオそら,スタジオそら,料金・契約,入会金,スタジオそら 入会金,値あり,
スタジオそら,スタジオそら,料金・契約,教材費,スタジオそら 教材費,値あり,
スタジオそら,スタジオそら,料金・契約,高い,スタジオそら 高い,値あり,
スタジオそら,スタジオそら,料金・契約,安い,スタジオそら 安い,値あり,
スタジオそら,スタジオそら,比較・選択,比較,スタジオそら 比較,値あり,
スタジオそら,スタジオそら,比較・選択,違い,スタジオそら 違い,値あり,
スタジオそら,スタジオそら,比較・選択,どっち,スタジオそら どっち,値あり,
スタジオそら,スタジオそら,比較・選択,おすすめ,スタジオそら おすすめ,値あり,
スタジオそら,スタジオそら,比較・選択,他社,スタジオそら 他社,値あり,
スタジオそら,スタジオそら,比較・選択,ランキング,スタジオそら ランキング,値あり,
スタジオそら,スタジオそら,不安・ネガティブ確認,デメリット,スタジオそら デメリット,値あり,
スタジオそら,スタジオそら,不安・ネガティブ確認,メリット,スタジオそら メリット,値あり,
スタジオそら,スタジオそら,不安・ネガティブ確認,怪しい,スタジオそら 怪しい,値あり,
スタジオそら,スタジオそら,不安・ネガティブ確認,最悪,スタジオそら 最悪,値あり,
スタジオそら,スタジオそら,不安・ネガティブ確認,失敗,スタジオそら 失敗,値あり,
スタジオそら,スタジオそら,不安・ネガティブ確認,後悔,スタジオそら 後悔,値あり,
スタジオそら,スタジオそら,不安・ネガティブ確認,合わない,スタジオそら 合わない,値あり,
スタジオそら,スタジオそら,不安・ネガティブ確認,向いてない,スタジオそら 向いてない,値あり,
スタジオそら,スタジオそら,不安・ネガティブ確認,やめたい,スタジオそら やめたい,値あり,
スタジオそら,スタジオそら,不安・ネガティブ確認,辞めたい,スタジオそら 辞めたい,値あり,
スタジオそら,スタジオそら,不安・ネガティブ確認,退会,スタジオそら 退会,値あり,
スタジオそら,スタジオそら,不安・ネガティブ確認,解約,スタジオそら 解約,値あり,
スタジオそら,スタジオそら,申込直前,無料体験,スタジオそら 無料体験,値あり,
スタジオそら,スタジオそら,申込直前,体験,スタジオそら 体験,値あり,
スタジオそら,スタジオそら,申込直前,体験授業,スタジオそら 体験授業,値あり,
スタジオそら,スタジオそら,申込直前,無料相談,スタジオそら 無料相談,値あり,
スタジオそら,スタジオそら,申込直前,資料請求,スタジオそら 資料請求,値あり,
スタジオそら,スタジオそら,申込直前,申し込み,スタジオそら 申し込み,値あり,
スタジオそら,スタジオそら,申込直前,入会,スタジオそら 入会,値あり,
スタジオそら,スタジオそら,発達特性との相性,発達障害,スタジオそら 発達障害,値あり,
スタジオそら,スタジオそら,発達特性との相性,発達障がい,スタジオそら 発達障がい,値あり,
スタジオそら,スタジオそら,発達特性との相性,グレーゾーン,スタジオそら グレーゾーン,値あり,
スタジオそら,スタジオそら,発達特性との相性,ADHD,スタジオそら ADHD,値あり,
スタジオそら,スタジオそら,発達特性との相性,ASD,スタジオそら ASD,値あり,
スタジオそら,スタジオそら,発達特性との相性,自閉症,スタジオそら 自閉症,値あり,
スタジオそら,スタジオそら,発達特性との相性,LD,スタジオそら LD,値あり,
スタジオそら,スタジオそら,発達特性との相性,学習障害,スタジオそら 学習障害,値あり,
スタジオそら,スタジオそら,発達特性との相性,境界知能,スタジオそら 境界知能,値あり,
スタジオそら,スタジオそら,発達特性との相性,不登校,スタジオそら 不登校,値あり,
スタジオそら,スタジオそら,対象・用途,小学生,スタジオそら 小学生,値あり,
スタジオそら,スタジオそら,対象・用途,中学生,スタジオそら 中学生,値あり,
スタジオそら,スタジオそら,対象・用途,高校生,スタジオそら 高校生,値あり,
スタジオそら,スタジオそら,対象・用途,高校受験,スタジオそら 高校受験,値あり,
スタジオそら,スタジオそら,対象・用途,中学受験,スタジオそら 中学受験,値あり,
スタジオそら,スタジオそら,対象・用途,大学受験,スタジオそら 大学受験,値あり,
スタジオそら,スタジオそら,追加：SERP・サジェスト由来,評判 悪い,スタジオそら 評判 悪い,値あり,
スタジオそら,スタジオそら,追加：SERP・サジェスト由来,やばい,スタジオそら やばい,値あり,
スタジオそら,スタジオそら,追加：SERP・サジェスト由来,知恵袋,スタジオそら 知恵袋,値あり,
スタジオそら,スタジオそら,追加：SERP・サジェスト由来,2ch,スタジオそら 2ch,値あり,
スタジオそら,スタジオそら,追加：SERP・サジェスト由来,料金表,スタジオそら 料金表,値あり,
スタジオそら,スタジオそら,追加：SERP・サジェスト由来,授業料,スタジオそら 授業料,値あり,
スタジオそら,スタジオそら,追加：SERP・サジェスト由来,夏期講習,スタジオそら 夏期講習,値あり,
スタジオそら,スタジオそら,追加：SERP・サジェスト由来,意味ない,スタジオそら 意味ない,値あり,
スタジオそら,スタジオそら,追加：SERP・サジェスト由来,バイト,スタジオそら バイト,値あり,
スタジオそら,スタジオそら,追加：SERP・サジェスト由来,求人,スタジオそら 求人,値あり,30
スタジオそら,スタジオそら,追加：KWP KeywordSeed由来,クチコミ,スタジオそら クチコミ,値あり,
スタジオそら,スタジオそら,追加：KWP KeywordSeed由来,やめとけ,スタジオそら やめとけ,値あり,
スタジオそら,スタジオそら,追加：KWP KeywordSeed由来,合格実績,スタジオそら 合格実績,値あり,
スタジオそら,スタジオそら,追加：KWP KeywordSeed由来,時間割,スタジオそら 時間割,値あり,
スタジオそら,スタジオそら,追加：KWP KeywordSeed由来,キャンペーン,スタジオそら キャンペーン,値あり,
スタジオそら,スタジオそら,追加：KWP KeywordSeed由来,割引,スタジオそら 割引,値あり,
スタジオそら,スタジオそら,追加：KWP KeywordSeed由来,コース,スタジオそら コース,値あり,
スタジオそら,スタジオそら,追加：KWP KeywordSeed由来,春期講習,スタジオそら 春期講習,値あり,
スタジオそら,スタジオそら,追加：KWP KeywordSeed由来,冬期講習,スタジオそら 冬期講習,値あり,
スタジオそら,スタジオそら,追加：KWP KeywordSeed由来,電話番号,スタジオそら 電話番号,値あり,
スタジオそら,スタジオそら,追加：KWP KeywordSeed由来,ホームページ,スタジオそら ホームページ,値あり,
スタジオそら,スタジオそら,追加：KWP KeywordSeed由来,株式会社,スタジオそら 株式会社,値あり,30
スタジオそら,スタジオそら,追加：KWP KeywordSeed由来,講師,スタジオそら 講師,値あり,
スタジオそら,スタジオそら,追加：KWP KeywordSeed由来,とは,スタジオそら とは,値あり,
スタジオそら,スタジオそら,発達特性×口コミ,発達障害 口コミ,スタジオそら 発達障害 口コミ,値あり,
スタジオそら,スタジオそら,発達特性×口コミ,発達障がい 口コミ,スタジオそら 発達障がい 口コミ,値あり,
スタジオそら,スタジオそら,発達特性×口コミ,グレーゾーン 口コミ,スタジオそら グレーゾーン 口コミ,値あり,
スタジオそら,スタジオそら,発達特性×口コミ,ADHD 口コミ,スタジオそら ADHD 口コミ,値あり,
スタジオそら,スタジオそら,発達特性×口コミ,ASD 口コミ,スタジオそら ASD 口コミ,値あり,
スタジオそら,スタジオそら,発達特性×口コミ,自閉症 口コミ,スタジオそら 自閉症 口コミ,値あり,
スタジオそら,スタジオそら,発達特性×口コミ,LD 口コミ,スタジオそら LD 口コミ,値あり,
スタジオそら,スタジオそら,発達特性×口コミ,学習障害 口コミ,スタジオそら 学習障害 口コミ,値あり,
スタジオそら,スタジオそら,発達特性×口コミ,境界知能 口コミ,スタジオそら 境界知能 口コミ,値あり,
スタジオそら,スタジオそら,発達特性×口コミ,不登校 口コミ,スタジオそら 不登校 口コミ,値あり,
スタジオそら,スタジオそら,発達特性×評判,発達障害 評判,スタジオそら 発達障害 評判,値あり,
スタジオそら,スタジオそら,発達特性×評判,発達障がい 評判,スタジオそら 発達障がい 評判,値あり,
スタジオそら,スタジオそら,発達特性×評判,グレーゾーン 評判,スタジオそら グレーゾーン 評判,値あり,
スタジオそら,スタジオそら,発達特性×評判,ADHD 評判,スタジオそら ADHD 評判,値あり,
スタジオそら,スタジオそら,発達特性×評判,ASD 評判,スタジオそら ASD 評判,値あり,
スタジオそら,スタジオそら,発達特性×評判,自閉症 評判,スタジオそら 自閉症 評判,値あり,
スタジオそら,スタジオそら,発達特性×評判,LD 評判,スタジオそら LD 評判,値あり,
スタジオそら,スタジオそら,発達特性×評判,学習障害 評判,スタジオそら 学習障害 評判,値あり,
スタジオそら,スタジオそら,発達特性×評判,境界知能 評判,スタジオそら 境界知能 評判,値あり,
スタジオそら,スタジオそら,発達特性×評判,不登校 評判,スタジオそら 不登校 評判,値あり,
スタジオそら,スタジオそら,発達特性×料金,発達障害 料金,スタジオそら 発達障害 料金,値あり,
スタジオそら,スタジオそら,発達特性×料金,発達障がい 料金,スタジオそら 発達障がい 料金,値あり,
スタジオそら,スタジオそら,発達特性×料金,グレーゾーン 料金,スタジオそら グレーゾーン 料金,値あり,
スタジオそら,スタジオそら,発達特性×料金,ADHD 料金,スタジオそら ADHD 料金,値あり,
スタジオそら,スタジオそら,発達特性×料金,ASD 料金,スタジオそら ASD 料金,値あり,
スタジオそら,スタジオそら,発達特性×料金,自閉症 料金,スタジオそら 自閉症 料金,値あり,
スタジオそら,スタジオそら,発達特性×料金,LD 料金,スタジオそら LD 料金,値あり,
スタジオそら,スタジオそら,発達特性×料金,学習障害 料金,スタジオそら 学習障害 料金,値あり,
スタジオそら,スタジオそら,発達特性×料金,境界知能 料金,スタジオそら 境界知能 料金,値あり,
スタジオそら,スタジオそら,発達特性×料金,不登校 料金,スタジオそら 不登校 料金,値あり,
スタジオplus+,スタジオプラス,評判・第三者評価,口コミ,スタジオプラス 口コミ,値あり,10
スタジオplus+,スタジオプラス,評判・第三者評価,評判,スタジオプラス 評判,値あり,
スタジオplus+,スタジオプラス,評判・第三者評価,レビュー,スタジオプラス レビュー,値あり,
スタジオplus+,スタジオプラス,評判・第三者評価,体験談,スタジオプラス 体験談,値あり,
スタジオplus+,スタジオプラス,評判・第三者評価,感想,スタジオプラス 感想,値あり,
スタジオplus+,スタジオプラス,評判・第三者評価,評価,スタジオプラス 評価,値あり,
スタジオplus+,スタジオプラス,料金・契約,料金,スタジオプラス 料金,値あり,
スタジオplus+,スタジオプラス,料金・契約,費用,スタジオプラス 費用,値あり,
スタジオplus+,スタジオプラス,料金・契約,月謝,スタジオプラス 月謝,値あり,
スタジオplus+,スタジオプラス,料金・契約,値段,スタジオプラス 値段,値あり,
スタジオplus+,スタジオプラス,料金・契約,価格,スタジオプラス 価格,値あり,
スタジオplus+,スタジオプラス,料金・契約,入会金,スタジオプラス 入会金,値あり,
スタジオplus+,スタジオプラス,料金・契約,教材費,スタジオプラス 教材費,値あり,
スタジオplus+,スタジオプラス,料金・契約,高い,スタジオプラス 高い,値あり,
スタジオplus+,スタジオプラス,料金・契約,安い,スタジオプラス 安い,値あり,
スタジオplus+,スタジオプラス,比較・選択,比較,スタジオプラス 比較,値あり,
スタジオplus+,スタジオプラス,比較・選択,違い,スタジオプラス 違い,値あり,
スタジオplus+,スタジオプラス,比較・選択,どっち,スタジオプラス どっち,値あり,
スタジオplus+,スタジオプラス,比較・選択,おすすめ,スタジオプラス おすすめ,値あり,
スタジオplus+,スタジオプラス,比較・選択,他社,スタジオプラス 他社,値あり,
スタジオplus+,スタジオプラス,比較・選択,ランキング,スタジオプラス ランキング,値あり,
スタジオplus+,スタジオプラス,不安・ネガティブ確認,デメリット,スタジオプラス デメリット,値あり,
スタジオplus+,スタジオプラス,不安・ネガティブ確認,メリット,スタジオプラス メリット,値あり,
スタジオplus+,スタジオプラス,不安・ネガティブ確認,怪しい,スタジオプラス 怪しい,値あり,
スタジオplus+,スタジオプラス,不安・ネガティブ確認,最悪,スタジオプラス 最悪,値あり,
スタジオplus+,スタジオプラス,不安・ネガティブ確認,失敗,スタジオプラス 失敗,値あり,
スタジオplus+,スタジオプラス,不安・ネガティブ確認,後悔,スタジオプラス 後悔,値あり,
スタジオplus+,スタジオプラス,不安・ネガティブ確認,合わない,スタジオプラス 合わない,値あり,
スタジオplus+,スタジオプラス,不安・ネガティブ確認,向いてない,スタジオプラス 向いてない,値あり,
スタジオplus+,スタジオプラス,不安・ネガティブ確認,やめたい,スタジオプラス やめたい,値あり,
スタジオplus+,スタジオプラス,不安・ネガティブ確認,辞めたい,スタジオプラス 辞めたい,値あり,
スタジオplus+,スタジオプラス,不安・ネガティブ確認,退会,スタジオプラス 退会,値あり,
スタジオplus+,スタジオプラス,不安・ネガティブ確認,解約,スタジオプラス 解約,値あり,
スタジオplus+,スタジオプラス,申込直前,無料体験,スタジオプラス 無料体験,値あり,
スタジオplus+,スタジオプラス,申込直前,体験,スタジオプラス 体験,値あり,
スタジオplus+,スタジオプラス,申込直前,体験授業,スタジオプラス 体験授業,値あり,
スタジオplus+,スタジオプラス,申込直前,無料相談,スタジオプラス 無料相談,値あり,
スタジオplus+,スタジオプラス,申込直前,資料請求,スタジオプラス 資料請求,値あり,
スタジオplus+,スタジオプラス,申込直前,申し込み,スタジオプラス 申し込み,値あり,
スタジオplus+,スタジオプラス,申込直前,入会,スタジオプラス 入会,値あり,
スタジオplus+,スタジオプラス,発達特性との相性,発達障害,スタジオプラス 発達障害,値あり,
スタジオplus+,スタジオプラス,発達特性との相性,発達障がい,スタジオプラス 発達障がい,値あり,
スタジオplus+,スタジオプラス,発達特性との相性,グレーゾーン,スタジオプラス グレーゾーン,値あり,
スタジオplus+,スタジオプラス,発達特性との相性,ADHD,スタジオプラス ADHD,値あり,
スタジオplus+,スタジオプラス,発達特性との相性,ASD,スタジオプラス ASD,値あり,
スタジオplus+,スタジオプラス,発達特性との相性,自閉症,スタジオプラス 自閉症,値あり,
スタジオplus+,スタジオプラス,発達特性との相性,LD,スタジオプラス LD,値あり,
スタジオplus+,スタジオプラス,発達特性との相性,学習障害,スタジオプラス 学習障害,値あり,
スタジオplus+,スタジオプラス,発達特性との相性,境界知能,スタジオプラス 境界知能,値あり,
スタジオplus+,スタジオプラス,発達特性との相性,不登校,スタジオプラス 不登校,値あり,
スタジオplus+,スタジオプラス,対象・用途,小学生,スタジオプラス 小学生,値あり,
スタジオplus+,スタジオプラス,対象・用途,中学生,スタジオプラス 中学生,値あり,
スタジオplus+,スタジオプラス,対象・用途,高校生,スタジオプラス 高校生,値あり,
スタジオplus+,スタジオプラス,対象・用途,高校受験,スタジオプラス 高校受験,値あり,
スタジオplus+,スタジオプラス,対象・用途,中学受験,スタジオプラス 中学受験,値あり,
スタジオplus+,スタジオプラス,対象・用途,大学受験,スタジオプラス 大学受験,値あり,
スタジオplus+,スタジオプラス,追加：SERP・サジェスト由来,評判 悪い,スタジオプラス 評判 悪い,値あり,
スタジオplus+,スタジオプラス,追加：SERP・サジェスト由来,やばい,スタジオプラス やばい,値あり,
スタジオplus+,スタジオプラス,追加：SERP・サジェスト由来,知恵袋,スタジオプラス 知恵袋,値あり,
スタジオplus+,スタジオプラス,追加：SERP・サジェスト由来,2ch,スタジオプラス 2ch,値あり,
スタジオplus+,スタジオプラス,追加：SERP・サジェスト由来,料金表,スタジオプラス 料金表,値あり,
スタジオplus+,スタジオプラス,追加：SERP・サジェスト由来,授業料,スタジオプラス 授業料,値あり,
スタジオplus+,スタジオプラス,追加：SERP・サジェスト由来,夏期講習,スタジオプラス 夏期講習,値あり,
スタジオplus+,スタジオプラス,追加：SERP・サジェスト由来,意味ない,スタジオプラス 意味ない,値あり,
スタジオplus+,スタジオプラス,追加：SERP・サジェスト由来,バイト,スタジオプラス バイト,値あり,
スタジオplus+,スタジオプラス,追加：SERP・サジェスト由来,求人,スタジオプラス 求人,値あり,
スタジオplus+,スタジオプラス,追加：KWP KeywordSeed由来,クチコミ,スタジオプラス クチコミ,値あり,
スタジオplus+,スタジオプラス,追加：KWP KeywordSeed由来,やめとけ,スタジオプラス やめとけ,値あり,
スタジオplus+,スタジオプラス,追加：KWP KeywordSeed由来,合格実績,スタジオプラス 合格実績,値あり,
スタジオplus+,スタジオプラス,追加：KWP KeywordSeed由来,時間割,スタジオプラス 時間割,値あり,
スタジオplus+,スタジオプラス,追加：KWP KeywordSeed由来,キャンペーン,スタジオプラス キャンペーン,値あり,
スタジオplus+,スタジオプラス,追加：KWP KeywordSeed由来,割引,スタジオプラス 割引,値あり,
スタジオplus+,スタジオプラス,追加：KWP KeywordSeed由来,コース,スタジオプラス コース,値あり,
スタジオplus+,スタジオプラス,追加：KWP KeywordSeed由来,春期講習,スタジオプラス 春期講習,値あり,
スタジオplus+,スタジオプラス,追加：KWP KeywordSeed由来,冬期講習,スタジオプラス 冬期講習,値あり,
スタジオplus+,スタジオプラス,追加：KWP KeywordSeed由来,電話番号,スタジオプラス 電話番号,値あり,
スタジオplus+,スタジオプラス,追加：KWP KeywordSeed由来,ホームページ,スタジオプラス ホームページ,値あり,
スタジオplus+,スタジオプラス,追加：KWP KeywordSeed由来,株式会社,スタジオプラス 株式会社,値あり,
スタジオplus+,スタジオプラス,追加：KWP KeywordSeed由来,講師,スタジオプラス 講師,値あり,
スタジオplus+,スタジオプラス,追加：KWP KeywordSeed由来,とは,スタジオプラス とは,値あり,
スタジオplus+,スタジオプラス,発達特性×口コミ,発達障害 口コミ,スタジオプラス 発達障害 口コミ,値あり,
スタジオplus+,スタジオプラス,発達特性×口コミ,発達障がい 口コミ,スタジオプラス 発達障がい 口コミ,値あり,
スタジオplus+,スタジオプラス,発達特性×口コミ,グレーゾーン 口コミ,スタジオプラス グレーゾーン 口コミ,値あり,
スタジオplus+,スタジオプラス,発達特性×口コミ,ADHD 口コミ,スタジオプラス ADHD 口コミ,値あり,
スタジオplus+,スタジオプラス,発達特性×口コミ,ASD 口コミ,スタジオプラス ASD 口コミ,値あり,
スタジオplus+,スタジオプラス,発達特性×口コミ,自閉症 口コミ,スタジオプラス 自閉症 口コミ,値あり,
スタジオplus+,スタジオプラス,発達特性×口コミ,LD 口コミ,スタジオプラス LD 口コミ,値あり,
スタジオplus+,スタジオプラス,発達特性×口コミ,学習障害 口コミ,スタジオプラス 学習障害 口コミ,値あり,
スタジオplus+,スタジオプラス,発達特性×口コミ,境界知能 口コミ,スタジオプラス 境界知能 口コミ,値あり,
スタジオplus+,スタジオプラス,発達特性×口コミ,不登校 口コミ,スタジオプラス 不登校 口コミ,値あり,
スタジオplus+,スタジオプラス,発達特性×評判,発達障害 評判,スタジオプラス 発達障害 評判,値あり,
スタジオplus+,スタジオプラス,発達特性×評判,発達障がい 評判,スタジオプラス 発達障がい 評判,値あり,
スタジオplus+,スタジオプラス,発達特性×評判,グレーゾーン 評判,スタジオプラス グレーゾーン 評判,値あり,
スタジオplus+,スタジオプラス,発達特性×評判,ADHD 評判,スタジオプラス ADHD 評判,値あり,
スタジオplus+,スタジオプラス,発達特性×評判,ASD 評判,スタジオプラス ASD 評判,値あり,
スタジオplus+,スタジオプラス,発達特性×評判,自閉症 評判,スタジオプラス 自閉症 評判,値あり,
スタジオplus+,スタジオプラス,発達特性×評判,LD 評判,スタジオプラス LD 評判,値あり,
スタジオplus+,スタジオプラス,発達特性×評判,学習障害 評判,スタジオプラス 学習障害 評判,値あり,
スタジオplus+,スタジオプラス,発達特性×評判,境界知能 評判,スタジオプラス 境界知能 評判,値あり,
スタジオplus+,スタジオプラス,発達特性×評判,不登校 評判,スタジオプラス 不登校 評判,値あり,
スタジオplus+,スタジオプラス,発達特性×料金,発達障害 料金,スタジオプラス 発達障害 料金,値あり,
スタジオplus+,スタジオプラス,発達特性×料金,発達障がい 料金,スタジオプラス 発達障がい 料金,値あり,
スタジオplus+,スタジオプラス,発達特性×料金,グレーゾーン 料金,スタジオプラス グレーゾーン 料金,値あり,
スタジオplus+,スタジオプラス,発達特性×料金,ADHD 料金,スタジオプラス ADHD 料金,値あり,
スタジオplus+,スタジオプラス,発達特性×料金,ASD 料金,スタジオプラス ASD 料金,値あり,
スタジオplus+,スタジオプラス,発達特性×料金,自閉症 料金,スタジオプラス 自閉症 料金,値あり,
スタジオplus+,スタジオプラス,発達特性×料金,LD 料金,スタジオプラス LD 料金,値あり,
スタジオplus+,スタジオプラス,発達特性×料金,学習障害 料金,スタジオプラス 学習障害 料金,値あり,
スタジオplus+,スタジオプラス,発達特性×料金,境界知能 料金,スタジオプラス 境界知能 料金,値あり,
スタジオplus+,スタジオプラス,発達特性×料金,不登校 料金,スタジオプラス 不登校 料金,値あり,
スタジオplus+,スタジオplus,評判・第三者評価,口コミ,スタジオplus 口コミ,値あり,
スタジオplus+,スタジオplus,評判・第三者評価,評判,スタジオplus 評判,値あり,
スタジオplus+,スタジオplus,評判・第三者評価,レビュー,スタジオplus レビュー,値あり,
スタジオplus+,スタジオplus,評判・第三者評価,体験談,スタジオplus 体験談,値あり,
スタジオplus+,スタジオplus,評判・第三者評価,感想,スタジオplus 感想,値あり,
スタジオplus+,スタジオplus,評判・第三者評価,評価,スタジオplus 評価,値あり,
スタジオplus+,スタジオplus,料金・契約,料金,スタジオplus 料金,値あり,
スタジオplus+,スタジオplus,料金・契約,費用,スタジオplus 費用,値あり,
スタジオplus+,スタジオplus,料金・契約,月謝,スタジオplus 月謝,値あり,
スタジオplus+,スタジオplus,料金・契約,値段,スタジオplus 値段,値あり,
スタジオplus+,スタジオplus,料金・契約,価格,スタジオplus 価格,値あり,
スタジオplus+,スタジオplus,料金・契約,入会金,スタジオplus 入会金,値あり,
スタジオplus+,スタジオplus,料金・契約,教材費,スタジオplus 教材費,値あり,
スタジオplus+,スタジオplus,料金・契約,高い,スタジオplus 高い,値あり,
スタジオplus+,スタジオplus,料金・契約,安い,スタジオplus 安い,値あり,
スタジオplus+,スタジオplus,比較・選択,比較,スタジオplus 比較,値あり,
スタジオplus+,スタジオplus,比較・選択,違い,スタジオplus 違い,値あり,
スタジオplus+,スタジオplus,比較・選択,どっち,スタジオplus どっち,値あり,
スタジオplus+,スタジオplus,比較・選択,おすすめ,スタジオplus おすすめ,値あり,
スタジオplus+,スタジオplus,比較・選択,他社,スタジオplus 他社,値あり,
スタジオplus+,スタジオplus,比較・選択,ランキング,スタジオplus ランキング,値あり,
スタジオplus+,スタジオplus,不安・ネガティブ確認,デメリット,スタジオplus デメリット,値あり,
スタジオplus+,スタジオplus,不安・ネガティブ確認,メリット,スタジオplus メリット,値あり,
スタジオplus+,スタジオplus,不安・ネガティブ確認,怪しい,スタジオplus 怪しい,値あり,
スタジオplus+,スタジオplus,不安・ネガティブ確認,最悪,スタジオplus 最悪,値あり,
スタジオplus+,スタジオplus,不安・ネガティブ確認,失敗,スタジオplus 失敗,値あり,
スタジオplus+,スタジオplus,不安・ネガティブ確認,後悔,スタジオplus 後悔,値あり,
スタジオplus+,スタジオplus,不安・ネガティブ確認,合わない,スタジオplus 合わない,値あり,
スタジオplus+,スタジオplus,不安・ネガティブ確認,向いてない,スタジオplus 向いてない,値あり,
スタジオplus+,スタジオplus,不安・ネガティブ確認,やめたい,スタジオplus やめたい,値あり,
スタジオplus+,スタジオplus,不安・ネガティブ確認,辞めたい,スタジオplus 辞めたい,値あり,
スタジオplus+,スタジオplus,不安・ネガティブ確認,退会,スタジオplus 退会,値あり,
スタジオplus+,スタジオplus,不安・ネガティブ確認,解約,スタジオplus 解約,値あり,
スタジオplus+,スタジオplus,申込直前,無料体験,スタジオplus 無料体験,値あり,
スタジオplus+,スタジオplus,申込直前,体験,スタジオplus 体験,値あり,
スタジオplus+,スタジオplus,申込直前,体験授業,スタジオplus 体験授業,値あり,
スタジオplus+,スタジオplus,申込直前,無料相談,スタジオplus 無料相談,値あり,
スタジオplus+,スタジオplus,申込直前,資料請求,スタジオplus 資料請求,値あり,
スタジオplus+,スタジオplus,申込直前,申し込み,スタジオplus 申し込み,値あり,
スタジオplus+,スタジオplus,申込直前,入会,スタジオplus 入会,値あり,
スタジオplus+,スタジオplus,発達特性との相性,発達障害,スタジオplus 発達障害,値あり,
スタジオplus+,スタジオplus,発達特性との相性,発達障がい,スタジオplus 発達障がい,値あり,
スタジオplus+,スタジオplus,発達特性との相性,グレーゾーン,スタジオplus グレーゾーン,値あり,
スタジオplus+,スタジオplus,発達特性との相性,ADHD,スタジオplus ADHD,値あり,
スタジオplus+,スタジオplus,発達特性との相性,ASD,スタジオplus ASD,値あり,
スタジオplus+,スタジオplus,発達特性との相性,自閉症,スタジオplus 自閉症,値あり,
スタジオplus+,スタジオplus,発達特性との相性,LD,スタジオplus LD,値あり,
スタジオplus+,スタジオplus,発達特性との相性,学習障害,スタジオplus 学習障害,値あり,
スタジオplus+,スタジオplus,発達特性との相性,境界知能,スタジオplus 境界知能,値あり,
スタジオplus+,スタジオplus,発達特性との相性,不登校,スタジオplus 不登校,値あり,
スタジオplus+,スタジオplus,対象・用途,小学生,スタジオplus 小学生,値あり,
スタジオplus+,スタジオplus,対象・用途,中学生,スタジオplus 中学生,値あり,
スタジオplus+,スタジオplus,対象・用途,高校生,スタジオplus 高校生,値あり,
スタジオplus+,スタジオplus,対象・用途,高校受験,スタジオplus 高校受験,値あり,
スタジオplus+,スタジオplus,対象・用途,中学受験,スタジオplus 中学受験,値あり,
スタジオplus+,スタジオplus,対象・用途,大学受験,スタジオplus 大学受験,値あり,
スタジオplus+,スタジオplus,追加：SERP・サジェスト由来,評判 悪い,スタジオplus 評判 悪い,値あり,
スタジオplus+,スタジオplus,追加：SERP・サジェスト由来,やばい,スタジオplus やばい,値あり,
スタジオplus+,スタジオplus,追加：SERP・サジェスト由来,知恵袋,スタジオplus 知恵袋,値あり,
スタジオplus+,スタジオplus,追加：SERP・サジェスト由来,2ch,スタジオplus 2ch,値あり,
スタジオplus+,スタジオplus,追加：SERP・サジェスト由来,料金表,スタジオplus 料金表,値あり,
スタジオplus+,スタジオplus,追加：SERP・サジェスト由来,授業料,スタジオplus 授業料,値あり,
スタジオplus+,スタジオplus,追加：SERP・サジェスト由来,夏期講習,スタジオplus 夏期講習,値あり,
スタジオplus+,スタジオplus,追加：SERP・サジェスト由来,意味ない,スタジオplus 意味ない,値あり,
スタジオplus+,スタジオplus,追加：SERP・サジェスト由来,バイト,スタジオplus バイト,値あり,
スタジオplus+,スタジオplus,追加：SERP・サジェスト由来,求人,スタジオplus 求人,値あり,
スタジオplus+,スタジオplus,追加：KWP KeywordSeed由来,クチコミ,スタジオplus クチコミ,値あり,
スタジオplus+,スタジオplus,追加：KWP KeywordSeed由来,やめとけ,スタジオplus やめとけ,値あり,
スタジオplus+,スタジオplus,追加：KWP KeywordSeed由来,合格実績,スタジオplus 合格実績,値あり,
スタジオplus+,スタジオplus,追加：KWP KeywordSeed由来,時間割,スタジオplus 時間割,値あり,
スタジオplus+,スタジオplus,追加：KWP KeywordSeed由来,キャンペーン,スタジオplus キャンペーン,値あり,
スタジオplus+,スタジオplus,追加：KWP KeywordSeed由来,割引,スタジオplus 割引,値あり,
スタジオplus+,スタジオplus,追加：KWP KeywordSeed由来,コース,スタジオplus コース,値あり,
スタジオplus+,スタジオplus,追加：KWP KeywordSeed由来,春期講習,スタジオplus 春期講習,値あり,
スタジオplus+,スタジオplus,追加：KWP KeywordSeed由来,冬期講習,スタジオplus 冬期講習,値あり,
スタジオplus+,スタジオplus,追加：KWP KeywordSeed由来,電話番号,スタジオplus 電話番号,値あり,
スタジオplus+,スタジオplus,追加：KWP KeywordSeed由来,ホームページ,スタジオplus ホームページ,値あり,
スタジオplus+,スタジオplus,追加：KWP KeywordSeed由来,株式会社,スタジオplus 株式会社,値あり,
スタジオplus+,スタジオplus,追加：KWP KeywordSeed由来,講師,スタジオplus 講師,値あり,
スタジオplus+,スタジオplus,追加：KWP KeywordSeed由来,とは,スタジオplus とは,値あり,
Branch,ブランチ 不登校,評判・第三者評価,口コミ,ブランチ 不登校 口コミ,値あり,
Branch,ブランチ 不登校,評判・第三者評価,評判,ブランチ 不登校 評判,値あり,
Branch,ブランチ 不登校,評判・第三者評価,レビュー,ブランチ 不登校 レビュー,値あり,
Branch,ブランチ 不登校,評判・第三者評価,体験談,ブランチ 不登校 体験談,値あり,
Branch,ブランチ 不登校,評判・第三者評価,感想,ブランチ 不登校 感想,値あり,
Branch,ブランチ 不登校,評判・第三者評価,評価,ブランチ 不登校 評価,値あり,
Branch,ブランチ 不登校,料金・契約,料金,ブランチ 不登校 料金,値あり,
Branch,ブランチ 不登校,料金・契約,費用,ブランチ 不登校 費用,値あり,
Branch,ブランチ 不登校,料金・契約,月謝,ブランチ 不登校 月謝,値あり,
Branch,ブランチ 不登校,料金・契約,値段,ブランチ 不登校 値段,値あり,
Branch,ブランチ 不登校,料金・契約,価格,ブランチ 不登校 価格,値あり,
Branch,ブランチ 不登校,料金・契約,入会金,ブランチ 不登校 入会金,値あり,
Branch,ブランチ 不登校,料金・契約,教材費,ブランチ 不登校 教材費,値あり,
Branch,ブランチ 不登校,料金・契約,高い,ブランチ 不登校 高い,値あり,
Branch,ブランチ 不登校,料金・契約,安い,ブランチ 不登校 安い,値あり,
Branch,ブランチ 不登校,比較・選択,比較,ブランチ 不登校 比較,値あり,
Branch,ブランチ 不登校,比較・選択,違い,ブランチ 不登校 違い,値あり,
Branch,ブランチ 不登校,比較・選択,どっち,ブランチ 不登校 どっち,値あり,
Branch,ブランチ 不登校,比較・選択,おすすめ,ブランチ 不登校 おすすめ,値あり,
Branch,ブランチ 不登校,比較・選択,他社,ブランチ 不登校 他社,値あり,
Branch,ブランチ 不登校,比較・選択,ランキング,ブランチ 不登校 ランキング,値あり,
Branch,ブランチ 不登校,不安・ネガティブ確認,デメリット,ブランチ 不登校 デメリット,値あり,
Branch,ブランチ 不登校,不安・ネガティブ確認,メリット,ブランチ 不登校 メリット,値あり,
Branch,ブランチ 不登校,不安・ネガティブ確認,怪しい,ブランチ 不登校 怪しい,値あり,
Branch,ブランチ 不登校,不安・ネガティブ確認,最悪,ブランチ 不登校 最悪,値あり,
Branch,ブランチ 不登校,不安・ネガティブ確認,失敗,ブランチ 不登校 失敗,値あり,
Branch,ブランチ 不登校,不安・ネガティブ確認,後悔,ブランチ 不登校 後悔,値あり,
Branch,ブランチ 不登校,不安・ネガティブ確認,合わない,ブランチ 不登校 合わない,値あり,
Branch,ブランチ 不登校,不安・ネガティブ確認,向いてない,ブランチ 不登校 向いてない,値あり,
Branch,ブランチ 不登校,不安・ネガティブ確認,やめたい,ブランチ 不登校 やめたい,値あり,
Branch,ブランチ 不登校,不安・ネガティブ確認,辞めたい,ブランチ 不登校 辞めたい,値あり,
Branch,ブランチ 不登校,不安・ネガティブ確認,退会,ブランチ 不登校 退会,値あり,
Branch,ブランチ 不登校,不安・ネガティブ確認,解約,ブランチ 不登校 解約,値あり,
Branch,ブランチ 不登校,申込直前,無料体験,ブランチ 不登校 無料体験,値あり,
Branch,ブランチ 不登校,申込直前,体験,ブランチ 不登校 体験,値あり,
Branch,ブランチ 不登校,申込直前,体験授業,ブランチ 不登校 体験授業,値あり,
Branch,ブランチ 不登校,申込直前,無料相談,ブランチ 不登校 無料相談,値あり,
Branch,ブランチ 不登校,申込直前,資料請求,ブランチ 不登校 資料請求,値あり,
Branch,ブランチ 不登校,申込直前,申し込み,ブランチ 不登校 申し込み,値あり,
Branch,ブランチ 不登校,申込直前,入会,ブランチ 不登校 入会,値あり,
Branch,ブランチ 不登校,発達特性との相性,発達障害,ブランチ 不登校 発達障害,値あり,
Branch,ブランチ 不登校,発達特性との相性,発達障がい,ブランチ 不登校 発達障がい,値あり,
Branch,ブランチ 不登校,発達特性との相性,グレーゾーン,ブランチ 不登校 グレーゾーン,値あり,
Branch,ブランチ 不登校,発達特性との相性,ADHD,ブランチ 不登校 ADHD,値あり,
Branch,ブランチ 不登校,発達特性との相性,ASD,ブランチ 不登校 ASD,値あり,
Branch,ブランチ 不登校,発達特性との相性,自閉症,ブランチ 不登校 自閉症,値あり,
Branch,ブランチ 不登校,発達特性との相性,LD,ブランチ 不登校 LD,値あり,
Branch,ブランチ 不登校,発達特性との相性,学習障害,ブランチ 不登校 学習障害,値あり,
Branch,ブランチ 不登校,発達特性との相性,境界知能,ブランチ 不登校 境界知能,値あり,
Branch,ブランチ 不登校,発達特性との相性,不登校,ブランチ 不登校 不登校,値あり,
Branch,ブランチ 不登校,対象・用途,小学生,ブランチ 不登校 小学生,値あり,
Branch,ブランチ 不登校,対象・用途,中学生,ブランチ 不登校 中学生,値あり,
Branch,ブランチ 不登校,対象・用途,高校生,ブランチ 不登校 高校生,値あり,
Branch,ブランチ 不登校,対象・用途,高校受験,ブランチ 不登校 高校受験,値あり,
Branch,ブランチ 不登校,対象・用途,中学受験,ブランチ 不登校 中学受験,値あり,
Branch,ブランチ 不登校,対象・用途,大学受験,ブランチ 不登校 大学受験,値あり,
Branch,ブランチ 不登校,追加：SERP・サジェスト由来,評判 悪い,ブランチ 不登校 評判 悪い,値あり,
Branch,ブランチ 不登校,追加：SERP・サジェスト由来,やばい,ブランチ 不登校 やばい,値あり,
Branch,ブランチ 不登校,追加：SERP・サジェスト由来,知恵袋,ブランチ 不登校 知恵袋,値あり,
Branch,ブランチ 不登校,追加：SERP・サジェスト由来,2ch,ブランチ 不登校 2ch,値あり,
Branch,ブランチ 不登校,追加：SERP・サジェスト由来,料金表,ブランチ 不登校 料金表,値あり,
Branch,ブランチ 不登校,追加：SERP・サジェスト由来,授業料,ブランチ 不登校 授業料,値あり,
Branch,ブランチ 不登校,追加：SERP・サジェスト由来,夏期講習,ブランチ 不登校 夏期講習,値あり,
Branch,ブランチ 不登校,追加：SERP・サジェスト由来,意味ない,ブランチ 不登校 意味ない,値あり,
Branch,ブランチ 不登校,追加：SERP・サジェスト由来,バイト,ブランチ 不登校 バイト,値あり,
Branch,ブランチ 不登校,追加：SERP・サジェスト由来,求人,ブランチ 不登校 求人,値あり,
Branch,ブランチ 不登校,追加：KWP KeywordSeed由来,クチコミ,ブランチ 不登校 クチコミ,値あり,
Branch,ブランチ 不登校,追加：KWP KeywordSeed由来,やめとけ,ブランチ 不登校 やめとけ,値あり,
Branch,ブランチ 不登校,追加：KWP KeywordSeed由来,合格実績,ブランチ 不登校 合格実績,値あり,
Branch,ブランチ 不登校,追加：KWP KeywordSeed由来,時間割,ブランチ 不登校 時間割,値あり,
Branch,ブランチ 不登校,追加：KWP KeywordSeed由来,キャンペーン,ブランチ 不登校 キャンペーン,値あり,
Branch,ブランチ 不登校,追加：KWP KeywordSeed由来,割引,ブランチ 不登校 割引,値あり,
Branch,ブランチ 不登校,追加：KWP KeywordSeed由来,コース,ブランチ 不登校 コース,値あり,
Branch,ブランチ 不登校,追加：KWP KeywordSeed由来,春期講習,ブランチ 不登校 春期講習,値あり,
Branch,ブランチ 不登校,追加：KWP KeywordSeed由来,冬期講習,ブランチ 不登校 冬期講習,値あり,
Branch,ブランチ 不登校,追加：KWP KeywordSeed由来,電話番号,ブランチ 不登校 電話番号,値あり,
Branch,ブランチ 不登校,追加：KWP KeywordSeed由来,ホームページ,ブランチ 不登校 ホームページ,値あり,
Branch,ブランチ 不登校,追加：KWP KeywordSeed由来,株式会社,ブランチ 不登校 株式会社,値あり,
Branch,ブランチ 不登校,追加：KWP KeywordSeed由来,講師,ブランチ 不登校 講師,値あり,
Branch,ブランチ 不登校,追加：KWP KeywordSeed由来,とは,ブランチ 不登校 とは,値あり,
Branch,ブランチ 不登校,発達特性×口コミ,発達障害 口コミ,ブランチ 不登校 発達障害 口コミ,値あり,
Branch,ブランチ 不登校,発達特性×口コミ,発達障がい 口コミ,ブランチ 不登校 発達障がい 口コミ,値あり,
Branch,ブランチ 不登校,発達特性×口コミ,グレーゾーン 口コミ,ブランチ 不登校 グレーゾーン 口コミ,値あり,
Branch,ブランチ 不登校,発達特性×口コミ,ADHD 口コミ,ブランチ 不登校 ADHD 口コミ,値あり,
Branch,ブランチ 不登校,発達特性×口コミ,ASD 口コミ,ブランチ 不登校 ASD 口コミ,値あり,
Branch,ブランチ 不登校,発達特性×口コミ,自閉症 口コミ,ブランチ 不登校 自閉症 口コミ,値あり,
Branch,ブランチ 不登校,発達特性×口コミ,LD 口コミ,ブランチ 不登校 LD 口コミ,値あり,
Branch,ブランチ 不登校,発達特性×口コミ,学習障害 口コミ,ブランチ 不登校 学習障害 口コミ,値あり,
Branch,ブランチ 不登校,発達特性×口コミ,境界知能 口コミ,ブランチ 不登校 境界知能 口コミ,値あり,
Branch,ブランチ 不登校,発達特性×口コミ,不登校 口コミ,ブランチ 不登校 不登校 口コミ,値あり,
Branch,ブランチ 不登校,発達特性×評判,発達障害 評判,ブランチ 不登校 発達障害 評判,値あり,
Branch,ブランチ 不登校,発達特性×評判,発達障がい 評判,ブランチ 不登校 発達障がい 評判,値あり,
Branch,ブランチ 不登校,発達特性×評判,グレーゾーン 評判,ブランチ 不登校 グレーゾーン 評判,値あり,
Branch,ブランチ 不登校,発達特性×評判,ADHD 評判,ブランチ 不登校 ADHD 評判,値あり,
Branch,ブランチ 不登校,発達特性×評判,ASD 評判,ブランチ 不登校 ASD 評判,値あり,
Branch,ブランチ 不登校,発達特性×評判,自閉症 評判,ブランチ 不登校 自閉症 評判,値あり,
Branch,ブランチ 不登校,発達特性×評判,LD 評判,ブランチ 不登校 LD 評判,値あり,
Branch,ブランチ 不登校,発達特性×評判,学習障害 評判,ブランチ 不登校 学習障害 評判,値あり,
Branch,ブランチ 不登校,発達特性×評判,境界知能 評判,ブランチ 不登校 境界知能 評判,値あり,
Branch,ブランチ 不登校,発達特性×評判,不登校 評判,ブランチ 不登校 不登校 評判,値あり,
Branch,ブランチ 不登校,発達特性×料金,発達障害 料金,ブランチ 不登校 発達障害 料金,値あり,
Branch,ブランチ 不登校,発達特性×料金,発達障がい 料金,ブランチ 不登校 発達障がい 料金,値あり,
Branch,ブランチ 不登校,発達特性×料金,グレーゾーン 料金,ブランチ 不登校 グレーゾーン 料金,値あり,
Branch,ブランチ 不登校,発達特性×料金,ADHD 料金,ブランチ 不登校 ADHD 料金,値あり,
Branch,ブランチ 不登校,発達特性×料金,ASD 料金,ブランチ 不登校 ASD 料金,値あり,
Branch,ブランチ 不登校,発達特性×料金,自閉症 料金,ブランチ 不登校 自閉症 料金,値あり,
Branch,ブランチ 不登校,発達特性×料金,LD 料金,ブランチ 不登校 LD 料金,値あり,
Branch,ブランチ 不登校,発達特性×料金,学習障害 料金,ブランチ 不登校 学習障害 料金,値あり,
Branch,ブランチ 不登校,発達特性×料金,境界知能 料金,ブランチ 不登校 境界知能 料金,値あり,
Branch,ブランチ 不登校,発達特性×料金,不登校 料金,ブランチ 不登校 不登校 料金,値あり,
Branch,branch 発達障害,評判・第三者評価,口コミ,branch 発達障害 口コミ,値あり,
Branch,branch 発達障害,評判・第三者評価,評判,branch 発達障害 評判,値あり,
Branch,branch 発達障害,評判・第三者評価,レビュー,branch 発達障害 レビュー,値あり,
Branch,branch 発達障害,評判・第三者評価,体験談,branch 発達障害 体験談,値あり,
Branch,branch 発達障害,評判・第三者評価,感想,branch 発達障害 感想,値あり,
Branch,branch 発達障害,評判・第三者評価,評価,branch 発達障害 評価,値あり,
Branch,branch 発達障害,料金・契約,料金,branch 発達障害 料金,値あり,
Branch,branch 発達障害,料金・契約,費用,branch 発達障害 費用,値あり,
Branch,branch 発達障害,料金・契約,月謝,branch 発達障害 月謝,値あり,
Branch,branch 発達障害,料金・契約,値段,branch 発達障害 値段,値あり,
Branch,branch 発達障害,料金・契約,価格,branch 発達障害 価格,値あり,
Branch,branch 発達障害,料金・契約,入会金,branch 発達障害 入会金,値あり,
Branch,branch 発達障害,料金・契約,教材費,branch 発達障害 教材費,値あり,
Branch,branch 発達障害,料金・契約,高い,branch 発達障害 高い,値あり,
Branch,branch 発達障害,料金・契約,安い,branch 発達障害 安い,値あり,
Branch,branch 発達障害,比較・選択,比較,branch 発達障害 比較,値あり,
Branch,branch 発達障害,比較・選択,違い,branch 発達障害 違い,値あり,
Branch,branch 発達障害,比較・選択,どっち,branch 発達障害 どっち,値あり,
Branch,branch 発達障害,比較・選択,おすすめ,branch 発達障害 おすすめ,値あり,
Branch,branch 発達障害,比較・選択,他社,branch 発達障害 他社,値あり,
Branch,branch 発達障害,比較・選択,ランキング,branch 発達障害 ランキング,値あり,
Branch,branch 発達障害,不安・ネガティブ確認,デメリット,branch 発達障害 デメリット,値あり,
Branch,branch 発達障害,不安・ネガティブ確認,メリット,branch 発達障害 メリット,値あり,
Branch,branch 発達障害,不安・ネガティブ確認,怪しい,branch 発達障害 怪しい,値あり,
Branch,branch 発達障害,不安・ネガティブ確認,最悪,branch 発達障害 最悪,値あり,
Branch,branch 発達障害,不安・ネガティブ確認,失敗,branch 発達障害 失敗,値あり,
Branch,branch 発達障害,不安・ネガティブ確認,後悔,branch 発達障害 後悔,値あり,
Branch,branch 発達障害,不安・ネガティブ確認,合わない,branch 発達障害 合わない,値あり,
Branch,branch 発達障害,不安・ネガティブ確認,向いてない,branch 発達障害 向いてない,値あり,
Branch,branch 発達障害,不安・ネガティブ確認,やめたい,branch 発達障害 やめたい,値あり,
Branch,branch 発達障害,不安・ネガティブ確認,辞めたい,branch 発達障害 辞めたい,値あり,
Branch,branch 発達障害,不安・ネガティブ確認,退会,branch 発達障害 退会,値あり,
Branch,branch 発達障害,不安・ネガティブ確認,解約,branch 発達障害 解約,値あり,
Branch,branch 発達障害,申込直前,無料体験,branch 発達障害 無料体験,値あり,
Branch,branch 発達障害,申込直前,体験,branch 発達障害 体験,値あり,
Branch,branch 発達障害,申込直前,体験授業,branch 発達障害 体験授業,値あり,
Branch,branch 発達障害,申込直前,無料相談,branch 発達障害 無料相談,値あり,
Branch,branch 発達障害,申込直前,資料請求,branch 発達障害 資料請求,値あり,
Branch,branch 発達障害,申込直前,申し込み,branch 発達障害 申し込み,値あり,
Branch,branch 発達障害,申込直前,入会,branch 発達障害 入会,値あり,
Branch,branch 発達障害,発達特性との相性,発達障害,branch 発達障害 発達障害,値あり,
Branch,branch 発達障害,発達特性との相性,発達障がい,branch 発達障害 発達障がい,値あり,
Branch,branch 発達障害,発達特性との相性,グレーゾーン,branch 発達障害 グレーゾーン,値あり,
Branch,branch 発達障害,発達特性との相性,ADHD,branch 発達障害 ADHD,値あり,
Branch,branch 発達障害,発達特性との相性,ASD,branch 発達障害 ASD,値あり,
Branch,branch 発達障害,発達特性との相性,自閉症,branch 発達障害 自閉症,値あり,
Branch,branch 発達障害,発達特性との相性,LD,branch 発達障害 LD,値あり,
Branch,branch 発達障害,発達特性との相性,学習障害,branch 発達障害 学習障害,値あり,
Branch,branch 発達障害,発達特性との相性,境界知能,branch 発達障害 境界知能,値あり,
Branch,branch 発達障害,発達特性との相性,不登校,branch 発達障害 不登校,値あり,
Branch,branch 発達障害,対象・用途,小学生,branch 発達障害 小学生,値あり,
Branch,branch 発達障害,対象・用途,中学生,branch 発達障害 中学生,値あり,
Branch,branch 発達障害,対象・用途,高校生,branch 発達障害 高校生,値あり,
Branch,branch 発達障害,対象・用途,高校受験,branch 発達障害 高校受験,値あり,
Branch,branch 発達障害,対象・用途,中学受験,branch 発達障害 中学受験,値あり,
Branch,branch 発達障害,対象・用途,大学受験,branch 発達障害 大学受験,値あり,
Branch,branch 発達障害,追加：SERP・サジェスト由来,評判 悪い,branch 発達障害 評判 悪い,値あり,
Branch,branch 発達障害,追加：SERP・サジェスト由来,やばい,branch 発達障害 やばい,値あり,
Branch,branch 発達障害,追加：SERP・サジェスト由来,知恵袋,branch 発達障害 知恵袋,値あり,
Branch,branch 発達障害,追加：SERP・サジェスト由来,2ch,branch 発達障害 2ch,値あり,
Branch,branch 発達障害,追加：SERP・サジェスト由来,料金表,branch 発達障害 料金表,値あり,
Branch,branch 発達障害,追加：SERP・サジェスト由来,授業料,branch 発達障害 授業料,値あり,
Branch,branch 発達障害,追加：SERP・サジェスト由来,夏期講習,branch 発達障害 夏期講習,値あり,
Branch,branch 発達障害,追加：SERP・サジェスト由来,意味ない,branch 発達障害 意味ない,値あり,
Branch,branch 発達障害,追加：SERP・サジェスト由来,バイト,branch 発達障害 バイト,値あり,
Branch,branch 発達障害,追加：SERP・サジェスト由来,求人,branch 発達障害 求人,値あり,
Branch,branch 発達障害,追加：KWP KeywordSeed由来,クチコミ,branch 発達障害 クチコミ,値あり,
Branch,branch 発達障害,追加：KWP KeywordSeed由来,やめとけ,branch 発達障害 やめとけ,値あり,
Branch,branch 発達障害,追加：KWP KeywordSeed由来,合格実績,branch 発達障害 合格実績,値あり,
Branch,branch 発達障害,追加：KWP KeywordSeed由来,時間割,branch 発達障害 時間割,値あり,
Branch,branch 発達障害,追加：KWP KeywordSeed由来,キャンペーン,branch 発達障害 キャンペーン,値あり,
Branch,branch 発達障害,追加：KWP KeywordSeed由来,割引,branch 発達障害 割引,値あり,
Branch,branch 発達障害,追加：KWP KeywordSeed由来,コース,branch 発達障害 コース,値あり,
Branch,branch 発達障害,追加：KWP KeywordSeed由来,春期講習,branch 発達障害 春期講習,値あり,
Branch,branch 発達障害,追加：KWP KeywordSeed由来,冬期講習,branch 発達障害 冬期講習,値あり,
Branch,branch 発達障害,追加：KWP KeywordSeed由来,電話番号,branch 発達障害 電話番号,値あり,
Branch,branch 発達障害,追加：KWP KeywordSeed由来,ホームページ,branch 発達障害 ホームページ,値あり,
Branch,branch 発達障害,追加：KWP KeywordSeed由来,株式会社,branch 発達障害 株式会社,値あり,
Branch,branch 発達障害,追加：KWP KeywordSeed由来,講師,branch 発達障害 講師,値あり,
Branch,branch 発達障害,追加：KWP KeywordSeed由来,とは,branch 発達障害 とは,値あり,
ウィズ・ユー,ウィズユー,評判・第三者評価,口コミ,ウィズユー 口コミ,値あり,50
ウィズ・ユー,ウィズユー,評判・第三者評価,評判,ウィズユー 評判,値あり,170
ウィズ・ユー,ウィズユー,評判・第三者評価,レビュー,ウィズユー レビュー,値あり,
ウィズ・ユー,ウィズユー,評判・第三者評価,体験談,ウィズユー 体験談,値あり,
ウィズ・ユー,ウィズユー,評判・第三者評価,感想,ウィズユー 感想,値あり,10
ウィズ・ユー,ウィズユー,評判・第三者評価,評価,ウィズユー 評価,値あり,
ウィズ・ユー,ウィズユー,料金・契約,料金,ウィズユー 料金,値あり,20
ウィズ・ユー,ウィズユー,料金・契約,費用,ウィズユー 費用,値あり,
ウィズ・ユー,ウィズユー,料金・契約,月謝,ウィズユー 月謝,値あり,
ウィズ・ユー,ウィズユー,料金・契約,値段,ウィズユー 値段,値あり,10
ウィズ・ユー,ウィズユー,料金・契約,価格,ウィズユー 価格,値あり,
ウィズ・ユー,ウィズユー,料金・契約,入会金,ウィズユー 入会金,値あり,
ウィズ・ユー,ウィズユー,料金・契約,教材費,ウィズユー 教材費,値あり,
ウィズ・ユー,ウィズユー,料金・契約,高い,ウィズユー 高い,値あり,
ウィズ・ユー,ウィズユー,料金・契約,安い,ウィズユー 安い,値あり,
ウィズ・ユー,ウィズユー,比較・選択,比較,ウィズユー 比較,値あり,
ウィズ・ユー,ウィズユー,比較・選択,違い,ウィズユー 違い,値あり,
ウィズ・ユー,ウィズユー,比較・選択,どっち,ウィズユー どっち,値あり,
ウィズ・ユー,ウィズユー,比較・選択,おすすめ,ウィズユー おすすめ,値あり,
ウィズ・ユー,ウィズユー,比較・選択,他社,ウィズユー 他社,値あり,
ウィズ・ユー,ウィズユー,比較・選択,ランキング,ウィズユー ランキング,値あり,
ウィズ・ユー,ウィズユー,不安・ネガティブ確認,デメリット,ウィズユー デメリット,値あり,
ウィズ・ユー,ウィズユー,不安・ネガティブ確認,メリット,ウィズユー メリット,値あり,
ウィズ・ユー,ウィズユー,不安・ネガティブ確認,怪しい,ウィズユー 怪しい,値あり,
ウィズ・ユー,ウィズユー,不安・ネガティブ確認,最悪,ウィズユー 最悪,値あり,
ウィズ・ユー,ウィズユー,不安・ネガティブ確認,失敗,ウィズユー 失敗,値あり,
ウィズ・ユー,ウィズユー,不安・ネガティブ確認,後悔,ウィズユー 後悔,値あり,
ウィズ・ユー,ウィズユー,不安・ネガティブ確認,合わない,ウィズユー 合わない,値あり,
ウィズ・ユー,ウィズユー,不安・ネガティブ確認,向いてない,ウィズユー 向いてない,値あり,
ウィズ・ユー,ウィズユー,不安・ネガティブ確認,やめたい,ウィズユー やめたい,値あり,
ウィズ・ユー,ウィズユー,不安・ネガティブ確認,辞めたい,ウィズユー 辞めたい,値あり,
ウィズ・ユー,ウィズユー,不安・ネガティブ確認,退会,ウィズユー 退会,値あり,
ウィズ・ユー,ウィズユー,不安・ネガティブ確認,解約,ウィズユー 解約,値あり,
ウィズ・ユー,ウィズユー,申込直前,無料体験,ウィズユー 無料体験,値あり,
ウィズ・ユー,ウィズユー,申込直前,体験,ウィズユー 体験,値あり,
ウィズ・ユー,ウィズユー,申込直前,体験授業,ウィズユー 体験授業,値あり,
ウィズ・ユー,ウィズユー,申込直前,無料相談,ウィズユー 無料相談,値あり,
ウィズ・ユー,ウィズユー,申込直前,資料請求,ウィズユー 資料請求,値あり,
ウィズ・ユー,ウィズユー,申込直前,申し込み,ウィズユー 申し込み,値あり,
ウィズ・ユー,ウィズユー,申込直前,入会,ウィズユー 入会,値あり,
ウィズ・ユー,ウィズユー,発達特性との相性,発達障害,ウィズユー 発達障害,値あり,
ウィズ・ユー,ウィズユー,発達特性との相性,発達障がい,ウィズユー 発達障がい,値あり,
ウィズ・ユー,ウィズユー,発達特性との相性,グレーゾーン,ウィズユー グレーゾーン,値あり,
ウィズ・ユー,ウィズユー,発達特性との相性,ADHD,ウィズユー ADHD,値あり,
ウィズ・ユー,ウィズユー,発達特性との相性,ASD,ウィズユー ASD,値あり,
ウィズ・ユー,ウィズユー,発達特性との相性,自閉症,ウィズユー 自閉症,値あり,
ウィズ・ユー,ウィズユー,発達特性との相性,LD,ウィズユー LD,値あり,
ウィズ・ユー,ウィズユー,発達特性との相性,学習障害,ウィズユー 学習障害,値あり,
ウィズ・ユー,ウィズユー,発達特性との相性,境界知能,ウィズユー 境界知能,値あり,
ウィズ・ユー,ウィズユー,発達特性との相性,不登校,ウィズユー 不登校,値あり,
ウィズ・ユー,ウィズユー,対象・用途,小学生,ウィズユー 小学生,値あり,
ウィズ・ユー,ウィズユー,対象・用途,中学生,ウィズユー 中学生,値あり,
ウィズ・ユー,ウィズユー,対象・用途,高校生,ウィズユー 高校生,値あり,
ウィズ・ユー,ウィズユー,対象・用途,高校受験,ウィズユー 高校受験,値あり,
ウィズ・ユー,ウィズユー,対象・用途,中学受験,ウィズユー 中学受験,値あり,
ウィズ・ユー,ウィズユー,対象・用途,大学受験,ウィズユー 大学受験,値あり,
ウィズ・ユー,ウィズユー,追加：SERP・サジェスト由来,評判 悪い,ウィズユー 評判 悪い,値あり,
ウィズ・ユー,ウィズユー,追加：SERP・サジェスト由来,やばい,ウィズユー やばい,値あり,
ウィズ・ユー,ウィズユー,追加：SERP・サジェスト由来,知恵袋,ウィズユー 知恵袋,値あり,
ウィズ・ユー,ウィズユー,追加：SERP・サジェスト由来,2ch,ウィズユー 2ch,値あり,
ウィズ・ユー,ウィズユー,追加：SERP・サジェスト由来,料金表,ウィズユー 料金表,値あり,
ウィズ・ユー,ウィズユー,追加：SERP・サジェスト由来,授業料,ウィズユー 授業料,値あり,
ウィズ・ユー,ウィズユー,追加：SERP・サジェスト由来,夏期講習,ウィズユー 夏期講習,値あり,
ウィズ・ユー,ウィズユー,追加：SERP・サジェスト由来,意味ない,ウィズユー 意味ない,値あり,
ウィズ・ユー,ウィズユー,追加：SERP・サジェスト由来,バイト,ウィズユー バイト,値あり,
ウィズ・ユー,ウィズユー,追加：SERP・サジェスト由来,求人,ウィズユー 求人,値あり,210
ウィズ・ユー,ウィズユー,追加：KWP KeywordSeed由来,クチコミ,ウィズユー クチコミ,値あり,
ウィズ・ユー,ウィズユー,追加：KWP KeywordSeed由来,やめとけ,ウィズユー やめとけ,値あり,
ウィズ・ユー,ウィズユー,追加：KWP KeywordSeed由来,合格実績,ウィズユー 合格実績,値あり,
ウィズ・ユー,ウィズユー,追加：KWP KeywordSeed由来,時間割,ウィズユー 時間割,値あり,
ウィズ・ユー,ウィズユー,追加：KWP KeywordSeed由来,キャンペーン,ウィズユー キャンペーン,値あり,
ウィズ・ユー,ウィズユー,追加：KWP KeywordSeed由来,割引,ウィズユー 割引,値あり,
ウィズ・ユー,ウィズユー,追加：KWP KeywordSeed由来,コース,ウィズユー コース,値あり,
ウィズ・ユー,ウィズユー,追加：KWP KeywordSeed由来,春期講習,ウィズユー 春期講習,値あり,
ウィズ・ユー,ウィズユー,追加：KWP KeywordSeed由来,冬期講習,ウィズユー 冬期講習,値あり,
ウィズ・ユー,ウィズユー,追加：KWP KeywordSeed由来,電話番号,ウィズユー 電話番号,値あり,
ウィズ・ユー,ウィズユー,追加：KWP KeywordSeed由来,ホームページ,ウィズユー ホームページ,値あり,10
ウィズ・ユー,ウィズユー,追加：KWP KeywordSeed由来,株式会社,ウィズユー 株式会社,値あり,90
ウィズ・ユー,ウィズユー,追加：KWP KeywordSeed由来,講師,ウィズユー 講師,値あり,
ウィズ・ユー,ウィズユー,追加：KWP KeywordSeed由来,とは,ウィズユー とは,値あり,10
ウィズ・ユー,ウィズユー,発達特性×口コミ,発達障害 口コミ,ウィズユー 発達障害 口コミ,値あり,
ウィズ・ユー,ウィズユー,発達特性×口コミ,発達障がい 口コミ,ウィズユー 発達障がい 口コミ,値あり,
ウィズ・ユー,ウィズユー,発達特性×口コミ,グレーゾーン 口コミ,ウィズユー グレーゾーン 口コミ,値あり,
ウィズ・ユー,ウィズユー,発達特性×口コミ,ADHD 口コミ,ウィズユー ADHD 口コミ,値あり,
ウィズ・ユー,ウィズユー,発達特性×口コミ,ASD 口コミ,ウィズユー ASD 口コミ,値あり,
ウィズ・ユー,ウィズユー,発達特性×口コミ,自閉症 口コミ,ウィズユー 自閉症 口コミ,値あり,
ウィズ・ユー,ウィズユー,発達特性×口コミ,LD 口コミ,ウィズユー LD 口コミ,値あり,
ウィズ・ユー,ウィズユー,発達特性×口コミ,学習障害 口コミ,ウィズユー 学習障害 口コミ,値あり,
ウィズ・ユー,ウィズユー,発達特性×口コミ,境界知能 口コミ,ウィズユー 境界知能 口コミ,値あり,
ウィズ・ユー,ウィズユー,発達特性×口コミ,不登校 口コミ,ウィズユー 不登校 口コミ,値あり,
ウィズ・ユー,ウィズユー,発達特性×評判,発達障害 評判,ウィズユー 発達障害 評判,値あり,
ウィズ・ユー,ウィズユー,発達特性×評判,発達障がい 評判,ウィズユー 発達障がい 評判,値あり,
ウィズ・ユー,ウィズユー,発達特性×評判,グレーゾーン 評判,ウィズユー グレーゾーン 評判,値あり,
ウィズ・ユー,ウィズユー,発達特性×評判,ADHD 評判,ウィズユー ADHD 評判,値あり,
ウィズ・ユー,ウィズユー,発達特性×評判,ASD 評判,ウィズユー ASD 評判,値あり,
ウィズ・ユー,ウィズユー,発達特性×評判,自閉症 評判,ウィズユー 自閉症 評判,値あり,
ウィズ・ユー,ウィズユー,発達特性×評判,LD 評判,ウィズユー LD 評判,値あり,
ウィズ・ユー,ウィズユー,発達特性×評判,学習障害 評判,ウィズユー 学習障害 評判,値あり,
ウィズ・ユー,ウィズユー,発達特性×評判,境界知能 評判,ウィズユー 境界知能 評判,値あり,
ウィズ・ユー,ウィズユー,発達特性×評判,不登校 評判,ウィズユー 不登校 評判,値あり,
ウィズ・ユー,ウィズユー,発達特性×料金,発達障害 料金,ウィズユー 発達障害 料金,値あり,
ウィズ・ユー,ウィズユー,発達特性×料金,発達障がい 料金,ウィズユー 発達障がい 料金,値あり,
ウィズ・ユー,ウィズユー,発達特性×料金,グレーゾーン 料金,ウィズユー グレーゾーン 料金,値あり,
ウィズ・ユー,ウィズユー,発達特性×料金,ADHD 料金,ウィズユー ADHD 料金,値あり,
ウィズ・ユー,ウィズユー,発達特性×料金,ASD 料金,ウィズユー ASD 料金,値あり,
ウィズ・ユー,ウィズユー,発達特性×料金,自閉症 料金,ウィズユー 自閉症 料金,値あり,
ウィズ・ユー,ウィズユー,発達特性×料金,LD 料金,ウィズユー LD 料金,値あり,
ウィズ・ユー,ウィズユー,発達特性×料金,学習障害 料金,ウィズユー 学習障害 料金,値あり,
ウィズ・ユー,ウィズユー,発達特性×料金,境界知能 料金,ウィズユー 境界知能 料金,値あり,
ウィズ・ユー,ウィズユー,発達特性×料金,不登校 料金,ウィズユー 不登校 料金,値あり,
ウィズ・ユー,ウィズ・ユー,評判・第三者評価,口コミ,ウィズ・ユー 口コミ,値あり,10
ウィズ・ユー,ウィズ・ユー,評判・第三者評価,評判,ウィズ・ユー 評判,値あり,170
ウィズ・ユー,ウィズ・ユー,評判・第三者評価,レビュー,ウィズ・ユー レビュー,値あり,
ウィズ・ユー,ウィズ・ユー,評判・第三者評価,体験談,ウィズ・ユー 体験談,値あり,
ウィズ・ユー,ウィズ・ユー,評判・第三者評価,感想,ウィズ・ユー 感想,値あり,10
ウィズ・ユー,ウィズ・ユー,評判・第三者評価,評価,ウィズ・ユー 評価,値あり,
ウィズ・ユー,ウィズ・ユー,料金・契約,料金,ウィズ・ユー 料金,値あり,
ウィズ・ユー,ウィズ・ユー,料金・契約,費用,ウィズ・ユー 費用,値あり,
ウィズ・ユー,ウィズ・ユー,料金・契約,月謝,ウィズ・ユー 月謝,値あり,
ウィズ・ユー,ウィズ・ユー,料金・契約,値段,ウィズ・ユー 値段,値あり,
ウィズ・ユー,ウィズ・ユー,料金・契約,価格,ウィズ・ユー 価格,値あり,
ウィズ・ユー,ウィズ・ユー,料金・契約,入会金,ウィズ・ユー 入会金,値あり,
ウィズ・ユー,ウィズ・ユー,料金・契約,教材費,ウィズ・ユー 教材費,値あり,
ウィズ・ユー,ウィズ・ユー,料金・契約,高い,ウィズ・ユー 高い,値あり,
ウィズ・ユー,ウィズ・ユー,料金・契約,安い,ウィズ・ユー 安い,値あり,
ウィズ・ユー,ウィズ・ユー,比較・選択,比較,ウィズ・ユー 比較,値あり,
ウィズ・ユー,ウィズ・ユー,比較・選択,違い,ウィズ・ユー 違い,値あり,
ウィズ・ユー,ウィズ・ユー,比較・選択,どっち,ウィズ・ユー どっち,値あり,
ウィズ・ユー,ウィズ・ユー,比較・選択,おすすめ,ウィズ・ユー おすすめ,値あり,
ウィズ・ユー,ウィズ・ユー,比較・選択,他社,ウィズ・ユー 他社,値あり,
ウィズ・ユー,ウィズ・ユー,比較・選択,ランキング,ウィズ・ユー ランキング,値あり,
ウィズ・ユー,ウィズ・ユー,不安・ネガティブ確認,デメリット,ウィズ・ユー デメリット,値あり,
ウィズ・ユー,ウィズ・ユー,不安・ネガティブ確認,メリット,ウィズ・ユー メリット,値あり,
ウィズ・ユー,ウィズ・ユー,不安・ネガティブ確認,怪しい,ウィズ・ユー 怪しい,値あり,
ウィズ・ユー,ウィズ・ユー,不安・ネガティブ確認,最悪,ウィズ・ユー 最悪,値あり,
ウィズ・ユー,ウィズ・ユー,不安・ネガティブ確認,失敗,ウィズ・ユー 失敗,値あり,
ウィズ・ユー,ウィズ・ユー,不安・ネガティブ確認,後悔,ウィズ・ユー 後悔,値あり,
ウィズ・ユー,ウィズ・ユー,不安・ネガティブ確認,合わない,ウィズ・ユー 合わない,値あり,
ウィズ・ユー,ウィズ・ユー,不安・ネガティブ確認,向いてない,ウィズ・ユー 向いてない,値あり,
ウィズ・ユー,ウィズ・ユー,不安・ネガティブ確認,やめたい,ウィズ・ユー やめたい,値あり,
ウィズ・ユー,ウィズ・ユー,不安・ネガティブ確認,辞めたい,ウィズ・ユー 辞めたい,値あり,
ウィズ・ユー,ウィズ・ユー,不安・ネガティブ確認,退会,ウィズ・ユー 退会,値あり,
ウィズ・ユー,ウィズ・ユー,不安・ネガティブ確認,解約,ウィズ・ユー 解約,値あり,
ウィズ・ユー,ウィズ・ユー,申込直前,無料体験,ウィズ・ユー 無料体験,値あり,
ウィズ・ユー,ウィズ・ユー,申込直前,体験,ウィズ・ユー 体験,値あり,
ウィズ・ユー,ウィズ・ユー,申込直前,体験授業,ウィズ・ユー 体験授業,値あり,
ウィズ・ユー,ウィズ・ユー,申込直前,無料相談,ウィズ・ユー 無料相談,値あり,
ウィズ・ユー,ウィズ・ユー,申込直前,資料請求,ウィズ・ユー 資料請求,値あり,
ウィズ・ユー,ウィズ・ユー,申込直前,申し込み,ウィズ・ユー 申し込み,値あり,
ウィズ・ユー,ウィズ・ユー,申込直前,入会,ウィズ・ユー 入会,値あり,
ウィズ・ユー,ウィズ・ユー,発達特性との相性,発達障害,ウィズ・ユー 発達障害,値あり,
ウィズ・ユー,ウィズ・ユー,発達特性との相性,発達障がい,ウィズ・ユー 発達障がい,値あり,
ウィズ・ユー,ウィズ・ユー,発達特性との相性,グレーゾーン,ウィズ・ユー グレーゾーン,値あり,
ウィズ・ユー,ウィズ・ユー,発達特性との相性,ADHD,ウィズ・ユー ADHD,値あり,
ウィズ・ユー,ウィズ・ユー,発達特性との相性,ASD,ウィズ・ユー ASD,値あり,
ウィズ・ユー,ウィズ・ユー,発達特性との相性,自閉症,ウィズ・ユー 自閉症,値あり,
ウィズ・ユー,ウィズ・ユー,発達特性との相性,LD,ウィズ・ユー LD,値あり,
ウィズ・ユー,ウィズ・ユー,発達特性との相性,学習障害,ウィズ・ユー 学習障害,値あり,
ウィズ・ユー,ウィズ・ユー,発達特性との相性,境界知能,ウィズ・ユー 境界知能,値あり,
ウィズ・ユー,ウィズ・ユー,発達特性との相性,不登校,ウィズ・ユー 不登校,値あり,
ウィズ・ユー,ウィズ・ユー,対象・用途,小学生,ウィズ・ユー 小学生,値あり,
ウィズ・ユー,ウィズ・ユー,対象・用途,中学生,ウィズ・ユー 中学生,値あり,
ウィズ・ユー,ウィズ・ユー,対象・用途,高校生,ウィズ・ユー 高校生,値あり,
ウィズ・ユー,ウィズ・ユー,対象・用途,高校受験,ウィズ・ユー 高校受験,値あり,
ウィズ・ユー,ウィズ・ユー,対象・用途,中学受験,ウィズ・ユー 中学受験,値あり,
ウィズ・ユー,ウィズ・ユー,対象・用途,大学受験,ウィズ・ユー 大学受験,値あり,
ウィズ・ユー,ウィズ・ユー,追加：SERP・サジェスト由来,評判 悪い,ウィズ・ユー 評判 悪い,値あり,
ウィズ・ユー,ウィズ・ユー,追加：SERP・サジェスト由来,やばい,ウィズ・ユー やばい,値あり,
ウィズ・ユー,ウィズ・ユー,追加：SERP・サジェスト由来,知恵袋,ウィズ・ユー 知恵袋,値あり,
ウィズ・ユー,ウィズ・ユー,追加：SERP・サジェスト由来,2ch,ウィズ・ユー 2ch,値あり,
ウィズ・ユー,ウィズ・ユー,追加：SERP・サジェスト由来,料金表,ウィズ・ユー 料金表,値あり,
ウィズ・ユー,ウィズ・ユー,追加：SERP・サジェスト由来,授業料,ウィズ・ユー 授業料,値あり,
ウィズ・ユー,ウィズ・ユー,追加：SERP・サジェスト由来,夏期講習,ウィズ・ユー 夏期講習,値あり,
ウィズ・ユー,ウィズ・ユー,追加：SERP・サジェスト由来,意味ない,ウィズ・ユー 意味ない,値あり,
ウィズ・ユー,ウィズ・ユー,追加：SERP・サジェスト由来,バイト,ウィズ・ユー バイト,値あり,
ウィズ・ユー,ウィズ・ユー,追加：SERP・サジェスト由来,求人,ウィズ・ユー 求人,値あり,210
ウィズ・ユー,ウィズ・ユー,追加：KWP KeywordSeed由来,クチコミ,ウィズ・ユー クチコミ,値あり,
ウィズ・ユー,ウィズ・ユー,追加：KWP KeywordSeed由来,やめとけ,ウィズ・ユー やめとけ,値あり,
ウィズ・ユー,ウィズ・ユー,追加：KWP KeywordSeed由来,合格実績,ウィズ・ユー 合格実績,値あり,
ウィズ・ユー,ウィズ・ユー,追加：KWP KeywordSeed由来,時間割,ウィズ・ユー 時間割,値あり,
ウィズ・ユー,ウィズ・ユー,追加：KWP KeywordSeed由来,キャンペーン,ウィズ・ユー キャンペーン,値あり,
ウィズ・ユー,ウィズ・ユー,追加：KWP KeywordSeed由来,割引,ウィズ・ユー 割引,値あり,
ウィズ・ユー,ウィズ・ユー,追加：KWP KeywordSeed由来,コース,ウィズ・ユー コース,値あり,
ウィズ・ユー,ウィズ・ユー,追加：KWP KeywordSeed由来,春期講習,ウィズ・ユー 春期講習,値あり,
ウィズ・ユー,ウィズ・ユー,追加：KWP KeywordSeed由来,冬期講習,ウィズ・ユー 冬期講習,値あり,
ウィズ・ユー,ウィズ・ユー,追加：KWP KeywordSeed由来,電話番号,ウィズ・ユー 電話番号,値あり,
ウィズ・ユー,ウィズ・ユー,追加：KWP KeywordSeed由来,ホームページ,ウィズ・ユー ホームページ,値あり,
ウィズ・ユー,ウィズ・ユー,追加：KWP KeywordSeed由来,株式会社,ウィズ・ユー 株式会社,値あり,90
ウィズ・ユー,ウィズ・ユー,追加：KWP KeywordSeed由来,講師,ウィズ・ユー 講師,値あり,
ウィズ・ユー,ウィズ・ユー,追加：KWP KeywordSeed由来,とは,ウィズ・ユー とは,値あり,
ティーンズ,ティーンズ 発達障害,評判・第三者評価,口コミ,ティーンズ 発達障害 口コミ,値あり,
ティーンズ,ティーンズ 発達障害,評判・第三者評価,評判,ティーンズ 発達障害 評判,値あり,
ティーンズ,ティーンズ 発達障害,評判・第三者評価,レビュー,ティーンズ 発達障害 レビュー,値あり,
ティーンズ,ティーンズ 発達障害,評判・第三者評価,体験談,ティーンズ 発達障害 体験談,値あり,
ティーンズ,ティーンズ 発達障害,評判・第三者評価,感想,ティーンズ 発達障害 感想,値あり,
ティーンズ,ティーンズ 発達障害,評判・第三者評価,評価,ティーンズ 発達障害 評価,値あり,
ティーンズ,ティーンズ 発達障害,料金・契約,料金,ティーンズ 発達障害 料金,値あり,
ティーンズ,ティーンズ 発達障害,料金・契約,費用,ティーンズ 発達障害 費用,値あり,
ティーンズ,ティーンズ 発達障害,料金・契約,月謝,ティーンズ 発達障害 月謝,値あり,
ティーンズ,ティーンズ 発達障害,料金・契約,値段,ティーンズ 発達障害 値段,値あり,
ティーンズ,ティーンズ 発達障害,料金・契約,価格,ティーンズ 発達障害 価格,値あり,
ティーンズ,ティーンズ 発達障害,料金・契約,入会金,ティーンズ 発達障害 入会金,値あり,
ティーンズ,ティーンズ 発達障害,料金・契約,教材費,ティーンズ 発達障害 教材費,値あり,
ティーンズ,ティーンズ 発達障害,料金・契約,高い,ティーンズ 発達障害 高い,値あり,
ティーンズ,ティーンズ 発達障害,料金・契約,安い,ティーンズ 発達障害 安い,値あり,
ティーンズ,ティーンズ 発達障害,比較・選択,比較,ティーンズ 発達障害 比較,値あり,
ティーンズ,ティーンズ 発達障害,比較・選択,違い,ティーンズ 発達障害 違い,値あり,
ティーンズ,ティーンズ 発達障害,比較・選択,どっち,ティーンズ 発達障害 どっち,値あり,
ティーンズ,ティーンズ 発達障害,比較・選択,おすすめ,ティーンズ 発達障害 おすすめ,値あり,
ティーンズ,ティーンズ 発達障害,比較・選択,他社,ティーンズ 発達障害 他社,値あり,
ティーンズ,ティーンズ 発達障害,比較・選択,ランキング,ティーンズ 発達障害 ランキング,値あり,
ティーンズ,ティーンズ 発達障害,不安・ネガティブ確認,デメリット,ティーンズ 発達障害 デメリット,値あり,
ティーンズ,ティーンズ 発達障害,不安・ネガティブ確認,メリット,ティーンズ 発達障害 メリット,値あり,
ティーンズ,ティーンズ 発達障害,不安・ネガティブ確認,怪しい,ティーンズ 発達障害 怪しい,値あり,
ティーンズ,ティーンズ 発達障害,不安・ネガティブ確認,最悪,ティーンズ 発達障害 最悪,値あり,
ティーンズ,ティーンズ 発達障害,不安・ネガティブ確認,失敗,ティーンズ 発達障害 失敗,値あり,
ティーンズ,ティーンズ 発達障害,不安・ネガティブ確認,後悔,ティーンズ 発達障害 後悔,値あり,
ティーンズ,ティーンズ 発達障害,不安・ネガティブ確認,合わない,ティーンズ 発達障害 合わない,値あり,
ティーンズ,ティーンズ 発達障害,不安・ネガティブ確認,向いてない,ティーンズ 発達障害 向いてない,値あり,
ティーンズ,ティーンズ 発達障害,不安・ネガティブ確認,やめたい,ティーンズ 発達障害 やめたい,値あり,
ティーンズ,ティーンズ 発達障害,不安・ネガティブ確認,辞めたい,ティーンズ 発達障害 辞めたい,値あり,
ティーンズ,ティーンズ 発達障害,不安・ネガティブ確認,退会,ティーンズ 発達障害 退会,値あり,
ティーンズ,ティーンズ 発達障害,不安・ネガティブ確認,解約,ティーンズ 発達障害 解約,値あり,
ティーンズ,ティーンズ 発達障害,申込直前,無料体験,ティーンズ 発達障害 無料体験,値あり,
ティーンズ,ティーンズ 発達障害,申込直前,体験,ティーンズ 発達障害 体験,値あり,
ティーンズ,ティーンズ 発達障害,申込直前,体験授業,ティーンズ 発達障害 体験授業,値あり,
ティーンズ,ティーンズ 発達障害,申込直前,無料相談,ティーンズ 発達障害 無料相談,値あり,
ティーンズ,ティーンズ 発達障害,申込直前,資料請求,ティーンズ 発達障害 資料請求,値あり,
ティーンズ,ティーンズ 発達障害,申込直前,申し込み,ティーンズ 発達障害 申し込み,値あり,
ティーンズ,ティーンズ 発達障害,申込直前,入会,ティーンズ 発達障害 入会,値あり,
ティーンズ,ティーンズ 発達障害,発達特性との相性,発達障害,ティーンズ 発達障害 発達障害,値あり,
ティーンズ,ティーンズ 発達障害,発達特性との相性,発達障がい,ティーンズ 発達障害 発達障がい,値あり,
ティーンズ,ティーンズ 発達障害,発達特性との相性,グレーゾーン,ティーンズ 発達障害 グレーゾーン,値あり,
ティーンズ,ティーンズ 発達障害,発達特性との相性,ADHD,ティーンズ 発達障害 ADHD,値あり,
ティーンズ,ティーンズ 発達障害,発達特性との相性,ASD,ティーンズ 発達障害 ASD,値あり,
ティーンズ,ティーンズ 発達障害,発達特性との相性,自閉症,ティーンズ 発達障害 自閉症,値あり,
ティーンズ,ティーンズ 発達障害,発達特性との相性,LD,ティーンズ 発達障害 LD,値あり,
ティーンズ,ティーンズ 発達障害,発達特性との相性,学習障害,ティーンズ 発達障害 学習障害,値あり,
ティーンズ,ティーンズ 発達障害,発達特性との相性,境界知能,ティーンズ 発達障害 境界知能,値あり,
ティーンズ,ティーンズ 発達障害,発達特性との相性,不登校,ティーンズ 発達障害 不登校,値あり,
ティーンズ,ティーンズ 発達障害,対象・用途,小学生,ティーンズ 発達障害 小学生,値あり,
ティーンズ,ティーンズ 発達障害,対象・用途,中学生,ティーンズ 発達障害 中学生,値あり,
ティーンズ,ティーンズ 発達障害,対象・用途,高校生,ティーンズ 発達障害 高校生,値あり,
ティーンズ,ティーンズ 発達障害,対象・用途,高校受験,ティーンズ 発達障害 高校受験,値あり,
ティーンズ,ティーンズ 発達障害,対象・用途,中学受験,ティーンズ 発達障害 中学受験,値あり,
ティーンズ,ティーンズ 発達障害,対象・用途,大学受験,ティーンズ 発達障害 大学受験,値あり,
ティーンズ,ティーンズ 発達障害,追加：SERP・サジェスト由来,評判 悪い,ティーンズ 発達障害 評判 悪い,値あり,
ティーンズ,ティーンズ 発達障害,追加：SERP・サジェスト由来,やばい,ティーンズ 発達障害 やばい,値あり,
ティーンズ,ティーンズ 発達障害,追加：SERP・サジェスト由来,知恵袋,ティーンズ 発達障害 知恵袋,値あり,
ティーンズ,ティーンズ 発達障害,追加：SERP・サジェスト由来,2ch,ティーンズ 発達障害 2ch,値あり,
ティーンズ,ティーンズ 発達障害,追加：SERP・サジェスト由来,料金表,ティーンズ 発達障害 料金表,値あり,
ティーンズ,ティーンズ 発達障害,追加：SERP・サジェスト由来,授業料,ティーンズ 発達障害 授業料,値あり,
ティーンズ,ティーンズ 発達障害,追加：SERP・サジェスト由来,夏期講習,ティーンズ 発達障害 夏期講習,値あり,
ティーンズ,ティーンズ 発達障害,追加：SERP・サジェスト由来,意味ない,ティーンズ 発達障害 意味ない,値あり,
ティーンズ,ティーンズ 発達障害,追加：SERP・サジェスト由来,バイト,ティーンズ 発達障害 バイト,値あり,
ティーンズ,ティーンズ 発達障害,追加：SERP・サジェスト由来,求人,ティーンズ 発達障害 求人,値あり,
ティーンズ,ティーンズ 発達障害,追加：KWP KeywordSeed由来,クチコミ,ティーンズ 発達障害 クチコミ,値あり,
ティーンズ,ティーンズ 発達障害,追加：KWP KeywordSeed由来,やめとけ,ティーンズ 発達障害 やめとけ,値あり,
ティーンズ,ティーンズ 発達障害,追加：KWP KeywordSeed由来,合格実績,ティーンズ 発達障害 合格実績,値あり,
ティーンズ,ティーンズ 発達障害,追加：KWP KeywordSeed由来,時間割,ティーンズ 発達障害 時間割,値あり,
ティーンズ,ティーンズ 発達障害,追加：KWP KeywordSeed由来,キャンペーン,ティーンズ 発達障害 キャンペーン,値あり,
ティーンズ,ティーンズ 発達障害,追加：KWP KeywordSeed由来,割引,ティーンズ 発達障害 割引,値あり,
ティーンズ,ティーンズ 発達障害,追加：KWP KeywordSeed由来,コース,ティーンズ 発達障害 コース,値あり,
ティーンズ,ティーンズ 発達障害,追加：KWP KeywordSeed由来,春期講習,ティーンズ 発達障害 春期講習,値あり,
ティーンズ,ティーンズ 発達障害,追加：KWP KeywordSeed由来,冬期講習,ティーンズ 発達障害 冬期講習,値あり,
ティーンズ,ティーンズ 発達障害,追加：KWP KeywordSeed由来,電話番号,ティーンズ 発達障害 電話番号,値あり,
ティーンズ,ティーンズ 発達障害,追加：KWP KeywordSeed由来,ホームページ,ティーンズ 発達障害 ホームページ,値あり,
ティーンズ,ティーンズ 発達障害,追加：KWP KeywordSeed由来,株式会社,ティーンズ 発達障害 株式会社,値あり,
ティーンズ,ティーンズ 発達障害,追加：KWP KeywordSeed由来,講師,ティーンズ 発達障害 講師,値あり,
ティーンズ,ティーンズ 発達障害,追加：KWP KeywordSeed由来,とは,ティーンズ 発達障害 とは,値あり,
ティーンズ,ティーンズ 発達障害,発達特性×口コミ,発達障害 口コミ,ティーンズ 発達障害 発達障害 口コミ,値あり,
ティーンズ,ティーンズ 発達障害,発達特性×口コミ,発達障がい 口コミ,ティーンズ 発達障害 発達障がい 口コミ,値あり,
ティーンズ,ティーンズ 発達障害,発達特性×口コミ,グレーゾーン 口コミ,ティーンズ 発達障害 グレーゾーン 口コミ,値あり,
ティーンズ,ティーンズ 発達障害,発達特性×口コミ,ADHD 口コミ,ティーンズ 発達障害 ADHD 口コミ,値あり,
ティーンズ,ティーンズ 発達障害,発達特性×口コミ,ASD 口コミ,ティーンズ 発達障害 ASD 口コミ,値あり,
ティーンズ,ティーンズ 発達障害,発達特性×口コミ,自閉症 口コミ,ティーンズ 発達障害 自閉症 口コミ,値あり,
ティーンズ,ティーンズ 発達障害,発達特性×口コミ,LD 口コミ,ティーンズ 発達障害 LD 口コミ,値あり,
ティーンズ,ティーンズ 発達障害,発達特性×口コミ,学習障害 口コミ,ティーンズ 発達障害 学習障害 口コミ,値あり,
ティーンズ,ティーンズ 発達障害,発達特性×口コミ,境界知能 口コミ,ティーンズ 発達障害 境界知能 口コミ,値あり,
ティーンズ,ティーンズ 発達障害,発達特性×口コミ,不登校 口コミ,ティーンズ 発達障害 不登校 口コミ,値あり,
ティーンズ,ティーンズ 発達障害,発達特性×評判,発達障害 評判,ティーンズ 発達障害 発達障害 評判,値あり,
ティーンズ,ティーンズ 発達障害,発達特性×評判,発達障がい 評判,ティーンズ 発達障害 発達障がい 評判,値あり,
ティーンズ,ティーンズ 発達障害,発達特性×評判,グレーゾーン 評判,ティーンズ 発達障害 グレーゾーン 評判,値あり,
ティーンズ,ティーンズ 発達障害,発達特性×評判,ADHD 評判,ティーンズ 発達障害 ADHD 評判,値あり,
ティーンズ,ティーンズ 発達障害,発達特性×評判,ASD 評判,ティーンズ 発達障害 ASD 評判,値あり,
ティーンズ,ティーンズ 発達障害,発達特性×評判,自閉症 評判,ティーンズ 発達障害 自閉症 評判,値あり,
ティーンズ,ティーンズ 発達障害,発達特性×評判,LD 評判,ティーンズ 発達障害 LD 評判,値あり,
ティーンズ,ティーンズ 発達障害,発達特性×評判,学習障害 評判,ティーンズ 発達障害 学習障害 評判,値あり,
ティーンズ,ティーンズ 発達障害,発達特性×評判,境界知能 評判,ティーンズ 発達障害 境界知能 評判,値あり,
ティーンズ,ティーンズ 発達障害,発達特性×評判,不登校 評判,ティーンズ 発達障害 不登校 評判,値あり,
ティーンズ,ティーンズ 発達障害,発達特性×料金,発達障害 料金,ティーンズ 発達障害 発達障害 料金,値あり,
ティーンズ,ティーンズ 発達障害,発達特性×料金,発達障がい 料金,ティーンズ 発達障害 発達障がい 料金,値あり,
ティーンズ,ティーンズ 発達障害,発達特性×料金,グレーゾーン 料金,ティーンズ 発達障害 グレーゾーン 料金,値あり,
ティーンズ,ティーンズ 発達障害,発達特性×料金,ADHD 料金,ティーンズ 発達障害 ADHD 料金,値あり,
ティーンズ,ティーンズ 発達障害,発達特性×料金,ASD 料金,ティーンズ 発達障害 ASD 料金,値あり,
ティーンズ,ティーンズ 発達障害,発達特性×料金,自閉症 料金,ティーンズ 発達障害 自閉症 料金,値あり,
ティーンズ,ティーンズ 発達障害,発達特性×料金,LD 料金,ティーンズ 発達障害 LD 料金,値あり,
ティーンズ,ティーンズ 発達障害,発達特性×料金,学習障害 料金,ティーンズ 発達障害 学習障害 料金,値あり,
ティーンズ,ティーンズ 発達障害,発達特性×料金,境界知能 料金,ティーンズ 発達障害 境界知能 料金,値あり,
ティーンズ,ティーンズ 発達障害,発達特性×料金,不登校 料金,ティーンズ 発達障害 不登校 料金,値あり,
ティーンズ,teens 発達障害,評判・第三者評価,口コミ,teens 発達障害 口コミ,値あり,
ティーンズ,teens 発達障害,評判・第三者評価,評判,teens 発達障害 評判,値あり,0
ティーンズ,teens 発達障害,評判・第三者評価,レビュー,teens 発達障害 レビュー,値あり,
ティーンズ,teens 発達障害,評判・第三者評価,体験談,teens 発達障害 体験談,値あり,
ティーンズ,teens 発達障害,評判・第三者評価,感想,teens 発達障害 感想,値あり,
ティーンズ,teens 発達障害,評判・第三者評価,評価,teens 発達障害 評価,値あり,
ティーンズ,teens 発達障害,料金・契約,料金,teens 発達障害 料金,値あり,
ティーンズ,teens 発達障害,料金・契約,費用,teens 発達障害 費用,値あり,
ティーンズ,teens 発達障害,料金・契約,月謝,teens 発達障害 月謝,値あり,
ティーンズ,teens 発達障害,料金・契約,値段,teens 発達障害 値段,値あり,
ティーンズ,teens 発達障害,料金・契約,価格,teens 発達障害 価格,値あり,
ティーンズ,teens 発達障害,料金・契約,入会金,teens 発達障害 入会金,値あり,
ティーンズ,teens 発達障害,料金・契約,教材費,teens 発達障害 教材費,値あり,
ティーンズ,teens 発達障害,料金・契約,高い,teens 発達障害 高い,値あり,
ティーンズ,teens 発達障害,料金・契約,安い,teens 発達障害 安い,値あり,
ティーンズ,teens 発達障害,比較・選択,比較,teens 発達障害 比較,値あり,
ティーンズ,teens 発達障害,比較・選択,違い,teens 発達障害 違い,値あり,
ティーンズ,teens 発達障害,比較・選択,どっち,teens 発達障害 どっち,値あり,
ティーンズ,teens 発達障害,比較・選択,おすすめ,teens 発達障害 おすすめ,値あり,
ティーンズ,teens 発達障害,比較・選択,他社,teens 発達障害 他社,値あり,
ティーンズ,teens 発達障害,比較・選択,ランキング,teens 発達障害 ランキング,値あり,
ティーンズ,teens 発達障害,不安・ネガティブ確認,デメリット,teens 発達障害 デメリット,値あり,
ティーンズ,teens 発達障害,不安・ネガティブ確認,メリット,teens 発達障害 メリット,値あり,
ティーンズ,teens 発達障害,不安・ネガティブ確認,怪しい,teens 発達障害 怪しい,値あり,
ティーンズ,teens 発達障害,不安・ネガティブ確認,最悪,teens 発達障害 最悪,値あり,
ティーンズ,teens 発達障害,不安・ネガティブ確認,失敗,teens 発達障害 失敗,値あり,
ティーンズ,teens 発達障害,不安・ネガティブ確認,後悔,teens 発達障害 後悔,値あり,
ティーンズ,teens 発達障害,不安・ネガティブ確認,合わない,teens 発達障害 合わない,値あり,
ティーンズ,teens 発達障害,不安・ネガティブ確認,向いてない,teens 発達障害 向いてない,値あり,
ティーンズ,teens 発達障害,不安・ネガティブ確認,やめたい,teens 発達障害 やめたい,値あり,
ティーンズ,teens 発達障害,不安・ネガティブ確認,辞めたい,teens 発達障害 辞めたい,値あり,
ティーンズ,teens 発達障害,不安・ネガティブ確認,退会,teens 発達障害 退会,値あり,
ティーンズ,teens 発達障害,不安・ネガティブ確認,解約,teens 発達障害 解約,値あり,
ティーンズ,teens 発達障害,申込直前,無料体験,teens 発達障害 無料体験,値あり,
ティーンズ,teens 発達障害,申込直前,体験,teens 発達障害 体験,値あり,
ティーンズ,teens 発達障害,申込直前,体験授業,teens 発達障害 体験授業,値あり,
ティーンズ,teens 発達障害,申込直前,無料相談,teens 発達障害 無料相談,値あり,
ティーンズ,teens 発達障害,申込直前,資料請求,teens 発達障害 資料請求,値あり,
ティーンズ,teens 発達障害,申込直前,申し込み,teens 発達障害 申し込み,値あり,
ティーンズ,teens 発達障害,申込直前,入会,teens 発達障害 入会,値あり,
ティーンズ,teens 発達障害,発達特性との相性,発達障害,teens 発達障害 発達障害,値あり,
ティーンズ,teens 発達障害,発達特性との相性,発達障がい,teens 発達障害 発達障がい,値あり,
ティーンズ,teens 発達障害,発達特性との相性,グレーゾーン,teens 発達障害 グレーゾーン,値あり,
ティーンズ,teens 発達障害,発達特性との相性,ADHD,teens 発達障害 ADHD,値あり,
ティーンズ,teens 発達障害,発達特性との相性,ASD,teens 発達障害 ASD,値あり,
ティーンズ,teens 発達障害,発達特性との相性,自閉症,teens 発達障害 自閉症,値あり,
ティーンズ,teens 発達障害,発達特性との相性,LD,teens 発達障害 LD,値あり,
ティーンズ,teens 発達障害,発達特性との相性,学習障害,teens 発達障害 学習障害,値あり,
ティーンズ,teens 発達障害,発達特性との相性,境界知能,teens 発達障害 境界知能,値あり,
ティーンズ,teens 発達障害,発達特性との相性,不登校,teens 発達障害 不登校,値あり,
ティーンズ,teens 発達障害,対象・用途,小学生,teens 発達障害 小学生,値あり,
ティーンズ,teens 発達障害,対象・用途,中学生,teens 発達障害 中学生,値あり,
ティーンズ,teens 発達障害,対象・用途,高校生,teens 発達障害 高校生,値あり,
ティーンズ,teens 発達障害,対象・用途,高校受験,teens 発達障害 高校受験,値あり,
ティーンズ,teens 発達障害,対象・用途,中学受験,teens 発達障害 中学受験,値あり,
ティーンズ,teens 発達障害,対象・用途,大学受験,teens 発達障害 大学受験,値あり,
ティーンズ,teens 発達障害,追加：SERP・サジェスト由来,評判 悪い,teens 発達障害 評判 悪い,値あり,
ティーンズ,teens 発達障害,追加：SERP・サジェスト由来,やばい,teens 発達障害 やばい,値あり,
ティーンズ,teens 発達障害,追加：SERP・サジェスト由来,知恵袋,teens 発達障害 知恵袋,値あり,
ティーンズ,teens 発達障害,追加：SERP・サジェスト由来,2ch,teens 発達障害 2ch,値あり,
ティーンズ,teens 発達障害,追加：SERP・サジェスト由来,料金表,teens 発達障害 料金表,値あり,
ティーンズ,teens 発達障害,追加：SERP・サジェスト由来,授業料,teens 発達障害 授業料,値あり,
ティーンズ,teens 発達障害,追加：SERP・サジェスト由来,夏期講習,teens 発達障害 夏期講習,値あり,
ティーンズ,teens 発達障害,追加：SERP・サジェスト由来,意味ない,teens 発達障害 意味ない,値あり,
ティーンズ,teens 発達障害,追加：SERP・サジェスト由来,バイト,teens 発達障害 バイト,値あり,
ティーンズ,teens 発達障害,追加：SERP・サジェスト由来,求人,teens 発達障害 求人,値あり,
ティーンズ,teens 発達障害,追加：KWP KeywordSeed由来,クチコミ,teens 発達障害 クチコミ,値あり,
ティーンズ,teens 発達障害,追加：KWP KeywordSeed由来,やめとけ,teens 発達障害 やめとけ,値あり,
ティーンズ,teens 発達障害,追加：KWP KeywordSeed由来,合格実績,teens 発達障害 合格実績,値あり,
ティーンズ,teens 発達障害,追加：KWP KeywordSeed由来,時間割,teens 発達障害 時間割,値あり,
ティーンズ,teens 発達障害,追加：KWP KeywordSeed由来,キャンペーン,teens 発達障害 キャンペーン,値あり,
ティーンズ,teens 発達障害,追加：KWP KeywordSeed由来,割引,teens 発達障害 割引,値あり,
ティーンズ,teens 発達障害,追加：KWP KeywordSeed由来,コース,teens 発達障害 コース,値あり,
ティーンズ,teens 発達障害,追加：KWP KeywordSeed由来,春期講習,teens 発達障害 春期講習,値あり,
ティーンズ,teens 発達障害,追加：KWP KeywordSeed由来,冬期講習,teens 発達障害 冬期講習,値あり,
ティーンズ,teens 発達障害,追加：KWP KeywordSeed由来,電話番号,teens 発達障害 電話番号,値あり,
ティーンズ,teens 発達障害,追加：KWP KeywordSeed由来,ホームページ,teens 発達障害 ホームページ,値あり,
ティーンズ,teens 発達障害,追加：KWP KeywordSeed由来,株式会社,teens 発達障害 株式会社,値あり,
ティーンズ,teens 発達障害,追加：KWP KeywordSeed由来,講師,teens 発達障害 講師,値あり,
ティーンズ,teens 発達障害,追加：KWP KeywordSeed由来,とは,teens 発達障害 とは,値あり,
ハッピーテラス,ハッピーテラス,評判・第三者評価,口コミ,ハッピーテラス 口コミ,値あり,30
ハッピーテラス,ハッピーテラス,評判・第三者評価,評判,ハッピーテラス 評判,値あり,90
ハッピーテラス,ハッピーテラス,評判・第三者評価,レビュー,ハッピーテラス レビュー,値あり,20
ハッピーテラス,ハッピーテラス,評判・第三者評価,体験談,ハッピーテラス 体験談,値あり,
ハッピーテラス,ハッピーテラス,評判・第三者評価,感想,ハッピーテラス 感想,値あり,
ハッピーテラス,ハッピーテラス,評判・第三者評価,評価,ハッピーテラス 評価,値あり,
ハッピーテラス,ハッピーテラス,料金・契約,料金,ハッピーテラス 料金,値あり,20
ハッピーテラス,ハッピーテラス,料金・契約,費用,ハッピーテラス 費用,値あり,
ハッピーテラス,ハッピーテラス,料金・契約,月謝,ハッピーテラス 月謝,値あり,
ハッピーテラス,ハッピーテラス,料金・契約,値段,ハッピーテラス 値段,値あり,
ハッピーテラス,ハッピーテラス,料金・契約,価格,ハッピーテラス 価格,値あり,
ハッピーテラス,ハッピーテラス,料金・契約,入会金,ハッピーテラス 入会金,値あり,
ハッピーテラス,ハッピーテラス,料金・契約,教材費,ハッピーテラス 教材費,値あり,
ハッピーテラス,ハッピーテラス,料金・契約,高い,ハッピーテラス 高い,値あり,
ハッピーテラス,ハッピーテラス,料金・契約,安い,ハッピーテラス 安い,値あり,
ハッピーテラス,ハッピーテラス,比較・選択,比較,ハッピーテラス 比較,値あり,
ハッピーテラス,ハッピーテラス,比較・選択,違い,ハッピーテラス 違い,値あり,
ハッピーテラス,ハッピーテラス,比較・選択,どっち,ハッピーテラス どっち,値あり,
ハッピーテラス,ハッピーテラス,比較・選択,おすすめ,ハッピーテラス おすすめ,値あり,
ハッピーテラス,ハッピーテラス,比較・選択,他社,ハッピーテラス 他社,値あり,
ハッピーテラス,ハッピーテラス,比較・選択,ランキング,ハッピーテラス ランキング,値あり,
ハッピーテラス,ハッピーテラス,不安・ネガティブ確認,デメリット,ハッピーテラス デメリット,値あり,
ハッピーテラス,ハッピーテラス,不安・ネガティブ確認,メリット,ハッピーテラス メリット,値あり,
ハッピーテラス,ハッピーテラス,不安・ネガティブ確認,怪しい,ハッピーテラス 怪しい,値あり,
ハッピーテラス,ハッピーテラス,不安・ネガティブ確認,最悪,ハッピーテラス 最悪,値あり,
ハッピーテラス,ハッピーテラス,不安・ネガティブ確認,失敗,ハッピーテラス 失敗,値あり,
ハッピーテラス,ハッピーテラス,不安・ネガティブ確認,後悔,ハッピーテラス 後悔,値あり,
ハッピーテラス,ハッピーテラス,不安・ネガティブ確認,合わない,ハッピーテラス 合わない,値あり,
ハッピーテラス,ハッピーテラス,不安・ネガティブ確認,向いてない,ハッピーテラス 向いてない,値あり,
ハッピーテラス,ハッピーテラス,不安・ネガティブ確認,やめたい,ハッピーテラス やめたい,値あり,
ハッピーテラス,ハッピーテラス,不安・ネガティブ確認,辞めたい,ハッピーテラス 辞めたい,値あり,
ハッピーテラス,ハッピーテラス,不安・ネガティブ確認,退会,ハッピーテラス 退会,値あり,
ハッピーテラス,ハッピーテラス,不安・ネガティブ確認,解約,ハッピーテラス 解約,値あり,
ハッピーテラス,ハッピーテラス,申込直前,無料体験,ハッピーテラス 無料体験,値あり,
ハッピーテラス,ハッピーテラス,申込直前,体験,ハッピーテラス 体験,値あり,
ハッピーテラス,ハッピーテラス,申込直前,体験授業,ハッピーテラス 体験授業,値あり,
ハッピーテラス,ハッピーテラス,申込直前,無料相談,ハッピーテラス 無料相談,値あり,
ハッピーテラス,ハッピーテラス,申込直前,資料請求,ハッピーテラス 資料請求,値あり,
ハッピーテラス,ハッピーテラス,申込直前,申し込み,ハッピーテラス 申し込み,値あり,
ハッピーテラス,ハッピーテラス,申込直前,入会,ハッピーテラス 入会,値あり,
ハッピーテラス,ハッピーテラス,発達特性との相性,発達障害,ハッピーテラス 発達障害,値あり,10
ハッピーテラス,ハッピーテラス,発達特性との相性,発達障がい,ハッピーテラス 発達障がい,値あり,
ハッピーテラス,ハッピーテラス,発達特性との相性,グレーゾーン,ハッピーテラス グレーゾーン,値あり,
ハッピーテラス,ハッピーテラス,発達特性との相性,ADHD,ハッピーテラス ADHD,値あり,
ハッピーテラス,ハッピーテラス,発達特性との相性,ASD,ハッピーテラス ASD,値あり,
ハッピーテラス,ハッピーテラス,発達特性との相性,自閉症,ハッピーテラス 自閉症,値あり,
ハッピーテラス,ハッピーテラス,発達特性との相性,LD,ハッピーテラス LD,値あり,
ハッピーテラス,ハッピーテラス,発達特性との相性,学習障害,ハッピーテラス 学習障害,値あり,
ハッピーテラス,ハッピーテラス,発達特性との相性,境界知能,ハッピーテラス 境界知能,値あり,
ハッピーテラス,ハッピーテラス,発達特性との相性,不登校,ハッピーテラス 不登校,値あり,
ハッピーテラス,ハッピーテラス,対象・用途,小学生,ハッピーテラス 小学生,値あり,
ハッピーテラス,ハッピーテラス,対象・用途,中学生,ハッピーテラス 中学生,値あり,
ハッピーテラス,ハッピーテラス,対象・用途,高校生,ハッピーテラス 高校生,値あり,
ハッピーテラス,ハッピーテラス,対象・用途,高校受験,ハッピーテラス 高校受験,値あり,
ハッピーテラス,ハッピーテラス,対象・用途,中学受験,ハッピーテラス 中学受験,値あり,
ハッピーテラス,ハッピーテラス,対象・用途,大学受験,ハッピーテラス 大学受験,値あり,
ハッピーテラス,ハッピーテラス,追加：SERP・サジェスト由来,評判 悪い,ハッピーテラス 評判 悪い,値あり,
ハッピーテラス,ハッピーテラス,追加：SERP・サジェスト由来,やばい,ハッピーテラス やばい,値あり,480
ハッピーテラス,ハッピーテラス,追加：SERP・サジェスト由来,知恵袋,ハッピーテラス 知恵袋,値あり,
ハッピーテラス,ハッピーテラス,追加：SERP・サジェスト由来,2ch,ハッピーテラス 2ch,値あり,0
ハッピーテラス,ハッピーテラス,追加：SERP・サジェスト由来,料金表,ハッピーテラス 料金表,値あり,
ハッピーテラス,ハッピーテラス,追加：SERP・サジェスト由来,授業料,ハッピーテラス 授業料,値あり,
ハッピーテラス,ハッピーテラス,追加：SERP・サジェスト由来,夏期講習,ハッピーテラス 夏期講習,値あり,
ハッピーテラス,ハッピーテラス,追加：SERP・サジェスト由来,意味ない,ハッピーテラス 意味ない,値あり,
ハッピーテラス,ハッピーテラス,追加：SERP・サジェスト由来,バイト,ハッピーテラス バイト,値あり,10
ハッピーテラス,ハッピーテラス,追加：SERP・サジェスト由来,求人,ハッピーテラス 求人,値あり,140
ハッピーテラス,ハッピーテラス,追加：KWP KeywordSeed由来,クチコミ,ハッピーテラス クチコミ,値あり,
ハッピーテラス,ハッピーテラス,追加：KWP KeywordSeed由来,やめとけ,ハッピーテラス やめとけ,値あり,
ハッピーテラス,ハッピーテラス,追加：KWP KeywordSeed由来,合格実績,ハッピーテラス 合格実績,値あり,
ハッピーテラス,ハッピーテラス,追加：KWP KeywordSeed由来,時間割,ハッピーテラス 時間割,値あり,
ハッピーテラス,ハッピーテラス,追加：KWP KeywordSeed由来,キャンペーン,ハッピーテラス キャンペーン,値あり,
ハッピーテラス,ハッピーテラス,追加：KWP KeywordSeed由来,割引,ハッピーテラス 割引,値あり,
ハッピーテラス,ハッピーテラス,追加：KWP KeywordSeed由来,コース,ハッピーテラス コース,値あり,
ハッピーテラス,ハッピーテラス,追加：KWP KeywordSeed由来,春期講習,ハッピーテラス 春期講習,値あり,
ハッピーテラス,ハッピーテラス,追加：KWP KeywordSeed由来,冬期講習,ハッピーテラス 冬期講習,値あり,
ハッピーテラス,ハッピーテラス,追加：KWP KeywordSeed由来,電話番号,ハッピーテラス 電話番号,値あり,
ハッピーテラス,ハッピーテラス,追加：KWP KeywordSeed由来,ホームページ,ハッピーテラス ホームページ,値あり,10
ハッピーテラス,ハッピーテラス,追加：KWP KeywordSeed由来,株式会社,ハッピーテラス 株式会社,値あり,30
ハッピーテラス,ハッピーテラス,追加：KWP KeywordSeed由来,講師,ハッピーテラス 講師,値あり,
ハッピーテラス,ハッピーテラス,追加：KWP KeywordSeed由来,とは,ハッピーテラス とは,値あり,
ハッピーテラス,ハッピーテラス,発達特性×口コミ,発達障害 口コミ,ハッピーテラス 発達障害 口コミ,値あり,
ハッピーテラス,ハッピーテラス,発達特性×口コミ,発達障がい 口コミ,ハッピーテラス 発達障がい 口コミ,値あり,
ハッピーテラス,ハッピーテラス,発達特性×口コミ,グレーゾーン 口コミ,ハッピーテラス グレーゾーン 口コミ,値あり,
ハッピーテラス,ハッピーテラス,発達特性×口コミ,ADHD 口コミ,ハッピーテラス ADHD 口コミ,値あり,
ハッピーテラス,ハッピーテラス,発達特性×口コミ,ASD 口コミ,ハッピーテラス ASD 口コミ,値あり,
ハッピーテラス,ハッピーテラス,発達特性×口コミ,自閉症 口コミ,ハッピーテラス 自閉症 口コミ,値あり,
ハッピーテラス,ハッピーテラス,発達特性×口コミ,LD 口コミ,ハッピーテラス LD 口コミ,値あり,
ハッピーテラス,ハッピーテラス,発達特性×口コミ,学習障害 口コミ,ハッピーテラス 学習障害 口コミ,値あり,
ハッピーテラス,ハッピーテラス,発達特性×口コミ,境界知能 口コミ,ハッピーテラス 境界知能 口コミ,値あり,
ハッピーテラス,ハッピーテラス,発達特性×口コミ,不登校 口コミ,ハッピーテラス 不登校 口コミ,値あり,
ハッピーテラス,ハッピーテラス,発達特性×評判,発達障害 評判,ハッピーテラス 発達障害 評判,値あり,
ハッピーテラス,ハッピーテラス,発達特性×評判,発達障がい 評判,ハッピーテラス 発達障がい 評判,値あり,
ハッピーテラス,ハッピーテラス,発達特性×評判,グレーゾーン 評判,ハッピーテラス グレーゾーン 評判,値あり,
ハッピーテラス,ハッピーテラス,発達特性×評判,ADHD 評判,ハッピーテラス ADHD 評判,値あり,
ハッピーテラス,ハッピーテラス,発達特性×評判,ASD 評判,ハッピーテラス ASD 評判,値あり,
ハッピーテラス,ハッピーテラス,発達特性×評判,自閉症 評判,ハッピーテラス 自閉症 評判,値あり,
ハッピーテラス,ハッピーテラス,発達特性×評判,LD 評判,ハッピーテラス LD 評判,値あり,
ハッピーテラス,ハッピーテラス,発達特性×評判,学習障害 評判,ハッピーテラス 学習障害 評判,値あり,
ハッピーテラス,ハッピーテラス,発達特性×評判,境界知能 評判,ハッピーテラス 境界知能 評判,値あり,
ハッピーテラス,ハッピーテラス,発達特性×評判,不登校 評判,ハッピーテラス 不登校 評判,値あり,
ハッピーテラス,ハッピーテラス,発達特性×料金,発達障害 料金,ハッピーテラス 発達障害 料金,値あり,
ハッピーテラス,ハッピーテラス,発達特性×料金,発達障がい 料金,ハッピーテラス 発達障がい 料金,値あり,
ハッピーテラス,ハッピーテラス,発達特性×料金,グレーゾーン 料金,ハッピーテラス グレーゾーン 料金,値あり,
ハッピーテラス,ハッピーテラス,発達特性×料金,ADHD 料金,ハッピーテラス ADHD 料金,値あり,
ハッピーテラス,ハッピーテラス,発達特性×料金,ASD 料金,ハッピーテラス ASD 料金,値あり,
ハッピーテラス,ハッピーテラス,発達特性×料金,自閉症 料金,ハッピーテラス 自閉症 料金,値あり,
ハッピーテラス,ハッピーテラス,発達特性×料金,LD 料金,ハッピーテラス LD 料金,値あり,
ハッピーテラス,ハッピーテラス,発達特性×料金,学習障害 料金,ハッピーテラス 学習障害 料金,値あり,
ハッピーテラス,ハッピーテラス,発達特性×料金,境界知能 料金,ハッピーテラス 境界知能 料金,値あり,
ハッピーテラス,ハッピーテラス,発達特性×料金,不登校 料金,ハッピーテラス 不登校 料金,値あり,
コペルプラス,コペルプラス,評判・第三者評価,口コミ,コペルプラス 口コミ,値あり,110
コペルプラス,コペルプラス,評判・第三者評価,評判,コペルプラス 評判,値あり,210
コペルプラス,コペルプラス,評判・第三者評価,レビュー,コペルプラス レビュー,値あり,
コペルプラス,コペルプラス,評判・第三者評価,体験談,コペルプラス 体験談,値あり,
コペルプラス,コペルプラス,評判・第三者評価,感想,コペルプラス 感想,値あり,10
コペルプラス,コペルプラス,評判・第三者評価,評価,コペルプラス 評価,値あり,
コペルプラス,コペルプラス,料金・契約,料金,コペルプラス 料金,値あり,140
コペルプラス,コペルプラス,料金・契約,費用,コペルプラス 費用,値あり,10
コペルプラス,コペルプラス,料金・契約,月謝,コペルプラス 月謝,値あり,10
コペルプラス,コペルプラス,料金・契約,値段,コペルプラス 値段,値あり,10
コペルプラス,コペルプラス,料金・契約,価格,コペルプラス 価格,値あり,
コペルプラス,コペルプラス,料金・契約,入会金,コペルプラス 入会金,値あり,
コペルプラス,コペルプラス,料金・契約,教材費,コペルプラス 教材費,値あり,
コペルプラス,コペルプラス,料金・契約,高い,コペルプラス 高い,値あり,
コペルプラス,コペルプラス,料金・契約,安い,コペルプラス 安い,値あり,
コペルプラス,コペルプラス,比較・選択,比較,コペルプラス 比較,値あり,
コペルプラス,コペルプラス,比較・選択,違い,コペルプラス 違い,値あり,
コペルプラス,コペルプラス,比較・選択,どっち,コペルプラス どっち,値あり,
コペルプラス,コペルプラス,比較・選択,おすすめ,コペルプラス おすすめ,値あり,
コペルプラス,コペルプラス,比較・選択,他社,コペルプラス 他社,値あり,
コペルプラス,コペルプラス,比較・選択,ランキング,コペルプラス ランキング,値あり,
コペルプラス,コペルプラス,不安・ネガティブ確認,デメリット,コペルプラス デメリット,値あり,
コペルプラス,コペルプラス,不安・ネガティブ確認,メリット,コペルプラス メリット,値あり,
コペルプラス,コペルプラス,不安・ネガティブ確認,怪しい,コペルプラス 怪しい,値あり,
コペルプラス,コペルプラス,不安・ネガティブ確認,最悪,コペルプラス 最悪,値あり,
コペルプラス,コペルプラス,不安・ネガティブ確認,失敗,コペルプラス 失敗,値あり,
コペルプラス,コペルプラス,不安・ネガティブ確認,後悔,コペルプラス 後悔,値あり,
コペルプラス,コペルプラス,不安・ネガティブ確認,合わない,コペルプラス 合わない,値あり,
コペルプラス,コペルプラス,不安・ネガティブ確認,向いてない,コペルプラス 向いてない,値あり,
コペルプラス,コペルプラス,不安・ネガティブ確認,やめたい,コペルプラス やめたい,値あり,
コペルプラス,コペルプラス,不安・ネガティブ確認,辞めたい,コペルプラス 辞めたい,値あり,170
コペルプラス,コペルプラス,不安・ネガティブ確認,退会,コペルプラス 退会,値あり,
コペルプラス,コペルプラス,不安・ネガティブ確認,解約,コペルプラス 解約,値あり,
コペルプラス,コペルプラス,申込直前,無料体験,コペルプラス 無料体験,値あり,
コペルプラス,コペルプラス,申込直前,体験,コペルプラス 体験,値あり,10
コペルプラス,コペルプラス,申込直前,体験授業,コペルプラス 体験授業,値あり,
コペルプラス,コペルプラス,申込直前,無料相談,コペルプラス 無料相談,値あり,
コペルプラス,コペルプラス,申込直前,資料請求,コペルプラス 資料請求,値あり,
コペルプラス,コペルプラス,申込直前,申し込み,コペルプラス 申し込み,値あり,
コペルプラス,コペルプラス,申込直前,入会,コペルプラス 入会,値あり,
コペルプラス,コペルプラス,発達特性との相性,発達障害,コペルプラス 発達障害,値あり,10
コペルプラス,コペルプラス,発達特性との相性,発達障がい,コペルプラス 発達障がい,値あり,
コペルプラス,コペルプラス,発達特性との相性,グレーゾーン,コペルプラス グレーゾーン,値あり,
コペルプラス,コペルプラス,発達特性との相性,ADHD,コペルプラス ADHD,値あり,
コペルプラス,コペルプラス,発達特性との相性,ASD,コペルプラス ASD,値あり,
コペルプラス,コペルプラス,発達特性との相性,自閉症,コペルプラス 自閉症,値あり,
コペルプラス,コペルプラス,発達特性との相性,LD,コペルプラス LD,値あり,
コペルプラス,コペルプラス,発達特性との相性,学習障害,コペルプラス 学習障害,値あり,
コペルプラス,コペルプラス,発達特性との相性,境界知能,コペルプラス 境界知能,値あり,
コペルプラス,コペルプラス,発達特性との相性,不登校,コペルプラス 不登校,値あり,
コペルプラス,コペルプラス,対象・用途,小学生,コペルプラス 小学生,値あり,30
コペルプラス,コペルプラス,対象・用途,中学生,コペルプラス 中学生,値あり,
コペルプラス,コペルプラス,対象・用途,高校生,コペルプラス 高校生,値あり,
コペルプラス,コペルプラス,対象・用途,高校受験,コペルプラス 高校受験,値あり,
コペルプラス,コペルプラス,対象・用途,中学受験,コペルプラス 中学受験,値あり,
コペルプラス,コペルプラス,対象・用途,大学受験,コペルプラス 大学受験,値あり,
コペルプラス,コペルプラス,追加：SERP・サジェスト由来,評判 悪い,コペルプラス 評判 悪い,値あり,
コペルプラス,コペルプラス,追加：SERP・サジェスト由来,やばい,コペルプラス やばい,値あり,880
コペルプラス,コペルプラス,追加：SERP・サジェスト由来,知恵袋,コペルプラス 知恵袋,値あり,
コペルプラス,コペルプラス,追加：SERP・サジェスト由来,2ch,コペルプラス 2ch,値あり,10
コペルプラス,コペルプラス,追加：SERP・サジェスト由来,料金表,コペルプラス 料金表,値あり,
コペルプラス,コペルプラス,追加：SERP・サジェスト由来,授業料,コペルプラス 授業料,値あり,
コペルプラス,コペルプラス,追加：SERP・サジェスト由来,夏期講習,コペルプラス 夏期講習,値あり,
コペルプラス,コペルプラス,追加：SERP・サジェスト由来,意味ない,コペルプラス 意味ない,値あり,20
コペルプラス,コペルプラス,追加：SERP・サジェスト由来,バイト,コペルプラス バイト,値あり,
コペルプラス,コペルプラス,追加：SERP・サジェスト由来,求人,コペルプラス 求人,値あり,480
コペルプラス,コペルプラス,追加：KWP KeywordSeed由来,クチコミ,コペルプラス クチコミ,値あり,
コペルプラス,コペルプラス,追加：KWP KeywordSeed由来,やめとけ,コペルプラス やめとけ,値あり,
コペルプラス,コペルプラス,追加：KWP KeywordSeed由来,合格実績,コペルプラス 合格実績,値あり,
コペルプラス,コペルプラス,追加：KWP KeywordSeed由来,時間割,コペルプラス 時間割,値あり,30
コペルプラス,コペルプラス,追加：KWP KeywordSeed由来,キャンペーン,コペルプラス キャンペーン,値あり,
コペルプラス,コペルプラス,追加：KWP KeywordSeed由来,割引,コペルプラス 割引,値あり,
コペルプラス,コペルプラス,追加：KWP KeywordSeed由来,コース,コペルプラス コース,値あり,
コペルプラス,コペルプラス,追加：KWP KeywordSeed由来,春期講習,コペルプラス 春期講習,値あり,
コペルプラス,コペルプラス,追加：KWP KeywordSeed由来,冬期講習,コペルプラス 冬期講習,値あり,
コペルプラス,コペルプラス,追加：KWP KeywordSeed由来,電話番号,コペルプラス 電話番号,値あり,
コペルプラス,コペルプラス,追加：KWP KeywordSeed由来,ホームページ,コペルプラス ホームページ,値あり,10
コペルプラス,コペルプラス,追加：KWP KeywordSeed由来,株式会社,コペルプラス 株式会社,値あり,
コペルプラス,コペルプラス,追加：KWP KeywordSeed由来,講師,コペルプラス 講師,値あり,10
コペルプラス,コペルプラス,追加：KWP KeywordSeed由来,とは,コペルプラス とは,値あり,
コペルプラス,コペルプラス,発達特性×口コミ,発達障害 口コミ,コペルプラス 発達障害 口コミ,値あり,
コペルプラス,コペルプラス,発達特性×口コミ,発達障がい 口コミ,コペルプラス 発達障がい 口コミ,値あり,
コペルプラス,コペルプラス,発達特性×口コミ,グレーゾーン 口コミ,コペルプラス グレーゾーン 口コミ,値あり,
コペルプラス,コペルプラス,発達特性×口コミ,ADHD 口コミ,コペルプラス ADHD 口コミ,値あり,
コペルプラス,コペルプラス,発達特性×口コミ,ASD 口コミ,コペルプラス ASD 口コミ,値あり,
コペルプラス,コペルプラス,発達特性×口コミ,自閉症 口コミ,コペルプラス 自閉症 口コミ,値あり,
コペルプラス,コペルプラス,発達特性×口コミ,LD 口コミ,コペルプラス LD 口コミ,値あり,
コペルプラス,コペルプラス,発達特性×口コミ,学習障害 口コミ,コペルプラス 学習障害 口コミ,値あり,
コペルプラス,コペルプラス,発達特性×口コミ,境界知能 口コミ,コペルプラス 境界知能 口コミ,値あり,
コペルプラス,コペルプラス,発達特性×口コミ,不登校 口コミ,コペルプラス 不登校 口コミ,値あり,
コペルプラス,コペルプラス,発達特性×評判,発達障害 評判,コペルプラス 発達障害 評判,値あり,
コペルプラス,コペルプラス,発達特性×評判,発達障がい 評判,コペルプラス 発達障がい 評判,値あり,
コペルプラス,コペルプラス,発達特性×評判,グレーゾーン 評判,コペルプラス グレーゾーン 評判,値あり,
コペルプラス,コペルプラス,発達特性×評判,ADHD 評判,コペルプラス ADHD 評判,値あり,
コペルプラス,コペルプラス,発達特性×評判,ASD 評判,コペルプラス ASD 評判,値あり,
コペルプラス,コペルプラス,発達特性×評判,自閉症 評判,コペルプラス 自閉症 評判,値あり,
コペルプラス,コペルプラス,発達特性×評判,LD 評判,コペルプラス LD 評判,値あり,
コペルプラス,コペルプラス,発達特性×評判,学習障害 評判,コペルプラス 学習障害 評判,値あり,
コペルプラス,コペルプラス,発達特性×評判,境界知能 評判,コペルプラス 境界知能 評判,値あり,
コペルプラス,コペルプラス,発達特性×評判,不登校 評判,コペルプラス 不登校 評判,値あり,
コペルプラス,コペルプラス,発達特性×料金,発達障害 料金,コペルプラス 発達障害 料金,値あり,
コペルプラス,コペルプラス,発達特性×料金,発達障がい 料金,コペルプラス 発達障がい 料金,値あり,
コペルプラス,コペルプラス,発達特性×料金,グレーゾーン 料金,コペルプラス グレーゾーン 料金,値あり,
コペルプラス,コペルプラス,発達特性×料金,ADHD 料金,コペルプラス ADHD 料金,値あり,
コペルプラス,コペルプラス,発達特性×料金,ASD 料金,コペルプラス ASD 料金,値あり,
コペルプラス,コペルプラス,発達特性×料金,自閉症 料金,コペルプラス 自閉症 料金,値あり,
コペルプラス,コペルプラス,発達特性×料金,LD 料金,コペルプラス LD 料金,値あり,
コペルプラス,コペルプラス,発達特性×料金,学習障害 料金,コペルプラス 学習障害 料金,値あり,
コペルプラス,コペルプラス,発達特性×料金,境界知能 料金,コペルプラス 境界知能 料金,値あり,
コペルプラス,コペルプラス,発達特性×料金,不登校 料金,コペルプラス 不登校 料金,値あり,
こぱんはうすさくら,こぱんはうすさくら,評判・第三者評価,口コミ,こぱんはうすさくら 口コミ,値あり,90
こぱんはうすさくら,こぱんはうすさくら,評判・第三者評価,評判,こぱんはうすさくら 評判,値あり,390
こぱんはうすさくら,こぱんはうすさくら,評判・第三者評価,レビュー,こぱんはうすさくら レビュー,値あり,
こぱんはうすさくら,こぱんはうすさくら,評判・第三者評価,体験談,こぱんはうすさくら 体験談,値あり,
こぱんはうすさくら,こぱんはうすさくら,評判・第三者評価,感想,こぱんはうすさくら 感想,値あり,
こぱんはうすさくら,こぱんはうすさくら,評判・第三者評価,評価,こぱんはうすさくら 評価,値あり,10
こぱんはうすさくら,こぱんはうすさくら,料金・契約,料金,こぱんはうすさくら 料金,値あり,20
こぱんはうすさくら,こぱんはうすさくら,料金・契約,費用,こぱんはうすさくら 費用,値あり,
こぱんはうすさくら,こぱんはうすさくら,料金・契約,月謝,こぱんはうすさくら 月謝,値あり,
こぱんはうすさくら,こぱんはうすさくら,料金・契約,値段,こぱんはうすさくら 値段,値あり,
こぱんはうすさくら,こぱんはうすさくら,料金・契約,価格,こぱんはうすさくら 価格,値あり,
こぱんはうすさくら,こぱんはうすさくら,料金・契約,入会金,こぱんはうすさくら 入会金,値あり,
こぱんはうすさくら,こぱんはうすさくら,料金・契約,教材費,こぱんはうすさくら 教材費,値あり,
こぱんはうすさくら,こぱんはうすさくら,料金・契約,高い,こぱんはうすさくら 高い,値あり,
こぱんはうすさくら,こぱんはうすさくら,料金・契約,安い,こぱんはうすさくら 安い,値あり,
こぱんはうすさくら,こぱんはうすさくら,比較・選択,比較,こぱんはうすさくら 比較,値あり,
こぱんはうすさくら,こぱんはうすさくら,比較・選択,違い,こぱんはうすさくら 違い,値あり,
こぱんはうすさくら,こぱんはうすさくら,比較・選択,どっち,こぱんはうすさくら どっち,値あり,
こぱんはうすさくら,こぱんはうすさくら,比較・選択,おすすめ,こぱんはうすさくら おすすめ,値あり,
こぱんはうすさくら,こぱんはうすさくら,比較・選択,他社,こぱんはうすさくら 他社,値あり,
こぱんはうすさくら,こぱんはうすさくら,比較・選択,ランキング,こぱんはうすさくら ランキング,値あり,
こぱんはうすさくら,こぱんはうすさくら,不安・ネガティブ確認,デメリット,こぱんはうすさくら デメリット,値あり,
こぱんはうすさくら,こぱんはうすさくら,不安・ネガティブ確認,メリット,こぱんはうすさくら メリット,値あり,
こぱんはうすさくら,こぱんはうすさくら,不安・ネガティブ確認,怪しい,こぱんはうすさくら 怪しい,値あり,
こぱんはうすさくら,こぱんはうすさくら,不安・ネガティブ確認,最悪,こぱんはうすさくら 最悪,値あり,
こぱんはうすさくら,こぱんはうすさくら,不安・ネガティブ確認,失敗,こぱんはうすさくら 失敗,値あり,
こぱんはうすさくら,こぱんはうすさくら,不安・ネガティブ確認,後悔,こぱんはうすさくら 後悔,値あり,
こぱんはうすさくら,こぱんはうすさくら,不安・ネガティブ確認,合わない,こぱんはうすさくら 合わない,値あり,
こぱんはうすさくら,こぱんはうすさくら,不安・ネガティブ確認,向いてない,こぱんはうすさくら 向いてない,値あり,
こぱんはうすさくら,こぱんはうすさくら,不安・ネガティブ確認,やめたい,こぱんはうすさくら やめたい,値あり,
こぱんはうすさくら,こぱんはうすさくら,不安・ネガティブ確認,辞めたい,こぱんはうすさくら 辞めたい,値あり,
こぱんはうすさくら,こぱんはうすさくら,不安・ネガティブ確認,退会,こぱんはうすさくら 退会,値あり,
こぱんはうすさくら,こぱんはうすさくら,不安・ネガティブ確認,解約,こぱんはうすさくら 解約,値あり,
こぱんはうすさくら,こぱんはうすさくら,申込直前,無料体験,こぱんはうすさくら 無料体験,値あり,
こぱんはうすさくら,こぱんはうすさくら,申込直前,体験,こぱんはうすさくら 体験,値あり,
こぱんはうすさくら,こぱんはうすさくら,申込直前,体験授業,こぱんはうすさくら 体験授業,値あり,
こぱんはうすさくら,こぱんはうすさくら,申込直前,無料相談,こぱんはうすさくら 無料相談,値あり,
こぱんはうすさくら,こぱんはうすさくら,申込直前,資料請求,こぱんはうすさくら 資料請求,値あり,
こぱんはうすさくら,こぱんはうすさくら,申込直前,申し込み,こぱんはうすさくら 申し込み,値あり,
こぱんはうすさくら,こぱんはうすさくら,申込直前,入会,こぱんはうすさくら 入会,値あり,
こぱんはうすさくら,こぱんはうすさくら,発達特性との相性,発達障害,こぱんはうすさくら 発達障害,値あり,
こぱんはうすさくら,こぱんはうすさくら,発達特性との相性,発達障がい,こぱんはうすさくら 発達障がい,値あり,
こぱんはうすさくら,こぱんはうすさくら,発達特性との相性,グレーゾーン,こぱんはうすさくら グレーゾーン,値あり,
こぱんはうすさくら,こぱんはうすさくら,発達特性との相性,ADHD,こぱんはうすさくら ADHD,値あり,
こぱんはうすさくら,こぱんはうすさくら,発達特性との相性,ASD,こぱんはうすさくら ASD,値あり,
こぱんはうすさくら,こぱんはうすさくら,発達特性との相性,自閉症,こぱんはうすさくら 自閉症,値あり,
こぱんはうすさくら,こぱんはうすさくら,発達特性との相性,LD,こぱんはうすさくら LD,値あり,
こぱんはうすさくら,こぱんはうすさくら,発達特性との相性,学習障害,こぱんはうすさくら 学習障害,値あり,
こぱんはうすさくら,こぱんはうすさくら,発達特性との相性,境界知能,こぱんはうすさくら 境界知能,値あり,
こぱんはうすさくら,こぱんはうすさくら,発達特性との相性,不登校,こぱんはうすさくら 不登校,値あり,
こぱんはうすさくら,こぱんはうすさくら,対象・用途,小学生,こぱんはうすさくら 小学生,値あり,
こぱんはうすさくら,こぱんはうすさくら,対象・用途,中学生,こぱんはうすさくら 中学生,値あり,
こぱんはうすさくら,こぱんはうすさくら,対象・用途,高校生,こぱんはうすさくら 高校生,値あり,
こぱんはうすさくら,こぱんはうすさくら,対象・用途,高校受験,こぱんはうすさくら 高校受験,値あり,
こぱんはうすさくら,こぱんはうすさくら,対象・用途,中学受験,こぱんはうすさくら 中学受験,値あり,
こぱんはうすさくら,こぱんはうすさくら,対象・用途,大学受験,こぱんはうすさくら 大学受験,値あり,
こぱんはうすさくら,こぱんはうすさくら,追加：SERP・サジェスト由来,評判 悪い,こぱんはうすさくら 評判 悪い,値あり,
こぱんはうすさくら,こぱんはうすさくら,追加：SERP・サジェスト由来,やばい,こぱんはうすさくら やばい,値あり,
こぱんはうすさくら,こぱんはうすさくら,追加：SERP・サジェスト由来,知恵袋,こぱんはうすさくら 知恵袋,値あり,
こぱんはうすさくら,こぱんはうすさくら,追加：SERP・サジェスト由来,2ch,こぱんはうすさくら 2ch,値あり,
こぱんはうすさくら,こぱんはうすさくら,追加：SERP・サジェスト由来,料金表,こぱんはうすさくら 料金表,値あり,
こぱんはうすさくら,こぱんはうすさくら,追加：SERP・サジェスト由来,授業料,こぱんはうすさくら 授業料,値あり,
こぱんはうすさくら,こぱんはうすさくら,追加：SERP・サジェスト由来,夏期講習,こぱんはうすさくら 夏期講習,値あり,
こぱんはうすさくら,こぱんはうすさくら,追加：SERP・サジェスト由来,意味ない,こぱんはうすさくら 意味ない,値あり,
こぱんはうすさくら,こぱんはうすさくら,追加：SERP・サジェスト由来,バイト,こぱんはうすさくら バイト,値あり,40
こぱんはうすさくら,こぱんはうすさくら,追加：SERP・サジェスト由来,求人,こぱんはうすさくら 求人,値あり,480
こぱんはうすさくら,こぱんはうすさくら,追加：KWP KeywordSeed由来,クチコミ,こぱんはうすさくら クチコミ,値あり,
こぱんはうすさくら,こぱんはうすさくら,追加：KWP KeywordSeed由来,やめとけ,こぱんはうすさくら やめとけ,値あり,
こぱんはうすさくら,こぱんはうすさくら,追加：KWP KeywordSeed由来,合格実績,こぱんはうすさくら 合格実績,値あり,
こぱんはうすさくら,こぱんはうすさくら,追加：KWP KeywordSeed由来,時間割,こぱんはうすさくら 時間割,値あり,
こぱんはうすさくら,こぱんはうすさくら,追加：KWP KeywordSeed由来,キャンペーン,こぱんはうすさくら キャンペーン,値あり,
こぱんはうすさくら,こぱんはうすさくら,追加：KWP KeywordSeed由来,割引,こぱんはうすさくら 割引,値あり,
こぱんはうすさくら,こぱんはうすさくら,追加：KWP KeywordSeed由来,コース,こぱんはうすさくら コース,値あり,
こぱんはうすさくら,こぱんはうすさくら,追加：KWP KeywordSeed由来,春期講習,こぱんはうすさくら 春期講習,値あり,
こぱんはうすさくら,こぱんはうすさくら,追加：KWP KeywordSeed由来,冬期講習,こぱんはうすさくら 冬期講習,値あり,
こぱんはうすさくら,こぱんはうすさくら,追加：KWP KeywordSeed由来,電話番号,こぱんはうすさくら 電話番号,値あり,
こぱんはうすさくら,こぱんはうすさくら,追加：KWP KeywordSeed由来,ホームページ,こぱんはうすさくら ホームページ,値あり,
こぱんはうすさくら,こぱんはうすさくら,追加：KWP KeywordSeed由来,株式会社,こぱんはうすさくら 株式会社,値あり,
こぱんはうすさくら,こぱんはうすさくら,追加：KWP KeywordSeed由来,講師,こぱんはうすさくら 講師,値あり,
こぱんはうすさくら,こぱんはうすさくら,追加：KWP KeywordSeed由来,とは,こぱんはうすさくら とは,値あり,
こぱんはうすさくら,こぱんはうすさくら,発達特性×口コミ,発達障害 口コミ,こぱんはうすさくら 発達障害 口コミ,値あり,
こぱんはうすさくら,こぱんはうすさくら,発達特性×口コミ,発達障がい 口コミ,こぱんはうすさくら 発達障がい 口コミ,値あり,
こぱんはうすさくら,こぱんはうすさくら,発達特性×口コミ,グレーゾーン 口コミ,こぱんはうすさくら グレーゾーン 口コミ,値あり,
こぱんはうすさくら,こぱんはうすさくら,発達特性×口コミ,ADHD 口コミ,こぱんはうすさくら ADHD 口コミ,値あり,
こぱんはうすさくら,こぱんはうすさくら,発達特性×口コミ,ASD 口コミ,こぱんはうすさくら ASD 口コミ,値あり,
こぱんはうすさくら,こぱんはうすさくら,発達特性×口コミ,自閉症 口コミ,こぱんはうすさくら 自閉症 口コミ,値あり,
こぱんはうすさくら,こぱんはうすさくら,発達特性×口コミ,LD 口コミ,こぱんはうすさくら LD 口コミ,値あり,
こぱんはうすさくら,こぱんはうすさくら,発達特性×口コミ,学習障害 口コミ,こぱんはうすさくら 学習障害 口コミ,値あり,
こぱんはうすさくら,こぱんはうすさくら,発達特性×口コミ,境界知能 口コミ,こぱんはうすさくら 境界知能 口コミ,値あり,
こぱんはうすさくら,こぱんはうすさくら,発達特性×口コミ,不登校 口コミ,こぱんはうすさくら 不登校 口コミ,値あり,
こぱんはうすさくら,こぱんはうすさくら,発達特性×評判,発達障害 評判,こぱんはうすさくら 発達障害 評判,値あり,
こぱんはうすさくら,こぱんはうすさくら,発達特性×評判,発達障がい 評判,こぱんはうすさくら 発達障がい 評判,値あり,
こぱんはうすさくら,こぱんはうすさくら,発達特性×評判,グレーゾーン 評判,こぱんはうすさくら グレーゾーン 評判,値あり,
こぱんはうすさくら,こぱんはうすさくら,発達特性×評判,ADHD 評判,こぱんはうすさくら ADHD 評判,値あり,
こぱんはうすさくら,こぱんはうすさくら,発達特性×評判,ASD 評判,こぱんはうすさくら ASD 評判,値あり,
こぱんはうすさくら,こぱんはうすさくら,発達特性×評判,自閉症 評判,こぱんはうすさくら 自閉症 評判,値あり,
こぱんはうすさくら,こぱんはうすさくら,発達特性×評判,LD 評判,こぱんはうすさくら LD 評判,値あり,
こぱんはうすさくら,こぱんはうすさくら,発達特性×評判,学習障害 評判,こぱんはうすさくら 学習障害 評判,値あり,
こぱんはうすさくら,こぱんはうすさくら,発達特性×評判,境界知能 評判,こぱんはうすさくら 境界知能 評判,値あり,
こぱんはうすさくら,こぱんはうすさくら,発達特性×評判,不登校 評判,こぱんはうすさくら 不登校 評判,値あり,
こぱんはうすさくら,こぱんはうすさくら,発達特性×料金,発達障害 料金,こぱんはうすさくら 発達障害 料金,値あり,
こぱんはうすさくら,こぱんはうすさくら,発達特性×料金,発達障がい 料金,こぱんはうすさくら 発達障がい 料金,値あり,
こぱんはうすさくら,こぱんはうすさくら,発達特性×料金,グレーゾーン 料金,こぱんはうすさくら グレーゾーン 料金,値あり,
こぱんはうすさくら,こぱんはうすさくら,発達特性×料金,ADHD 料金,こぱんはうすさくら ADHD 料金,値あり,
こぱんはうすさくら,こぱんはうすさくら,発達特性×料金,ASD 料金,こぱんはうすさくら ASD 料金,値あり,
こぱんはうすさくら,こぱんはうすさくら,発達特性×料金,自閉症 料金,こぱんはうすさくら 自閉症 料金,値あり,
こぱんはうすさくら,こぱんはうすさくら,発達特性×料金,LD 料金,こぱんはうすさくら LD 料金,値あり,
こぱんはうすさくら,こぱんはうすさくら,発達特性×料金,学習障害 料金,こぱんはうすさくら 学習障害 料金,値あり,
こぱんはうすさくら,こぱんはうすさくら,発達特性×料金,境界知能 料金,こぱんはうすさくら 境界知能 料金,値あり,
こぱんはうすさくら,こぱんはうすさくら,発達特性×料金,不登校 料金,こぱんはうすさくら 不登校 料金,値あり,
こぱんはうすさくら,こぱん,評判・第三者評価,口コミ,こぱん 口コミ,値あり,
こぱんはうすさくら,こぱん,評判・第三者評価,評判,こぱん 評判,値あり,
こぱんはうすさくら,こぱん,評判・第三者評価,レビュー,こぱん レビュー,値あり,40
こぱんはうすさくら,こぱん,評判・第三者評価,体験談,こぱん 体験談,値あり,
こぱんはうすさくら,こぱん,評判・第三者評価,感想,こぱん 感想,値あり,
こぱんはうすさくら,こぱん,評判・第三者評価,評価,こぱん 評価,値あり,
こぱんはうすさくら,こぱん,料金・契約,料金,こぱん 料金,値あり,
こぱんはうすさくら,こぱん,料金・契約,費用,こぱん 費用,値あり,
こぱんはうすさくら,こぱん,料金・契約,月謝,こぱん 月謝,値あり,
こぱんはうすさくら,こぱん,料金・契約,値段,こぱん 値段,値あり,
こぱんはうすさくら,こぱん,料金・契約,価格,こぱん 価格,値あり,
こぱんはうすさくら,こぱん,料金・契約,入会金,こぱん 入会金,値あり,
こぱんはうすさくら,こぱん,料金・契約,教材費,こぱん 教材費,値あり,
こぱんはうすさくら,こぱん,料金・契約,高い,こぱん 高い,値あり,
こぱんはうすさくら,こぱん,料金・契約,安い,こぱん 安い,値あり,
こぱんはうすさくら,こぱん,比較・選択,比較,こぱん 比較,値あり,
こぱんはうすさくら,こぱん,比較・選択,違い,こぱん 違い,値あり,
こぱんはうすさくら,こぱん,比較・選択,どっち,こぱん どっち,値あり,
こぱんはうすさくら,こぱん,比較・選択,おすすめ,こぱん おすすめ,値あり,
こぱんはうすさくら,こぱん,比較・選択,他社,こぱん 他社,値あり,
こぱんはうすさくら,こぱん,比較・選択,ランキング,こぱん ランキング,値あり,
こぱんはうすさくら,こぱん,不安・ネガティブ確認,デメリット,こぱん デメリット,値あり,
こぱんはうすさくら,こぱん,不安・ネガティブ確認,メリット,こぱん メリット,値あり,
こぱんはうすさくら,こぱん,不安・ネガティブ確認,怪しい,こぱん 怪しい,値あり,
こぱんはうすさくら,こぱん,不安・ネガティブ確認,最悪,こぱん 最悪,値あり,
こぱんはうすさくら,こぱん,不安・ネガティブ確認,失敗,こぱん 失敗,値あり,
こぱんはうすさくら,こぱん,不安・ネガティブ確認,後悔,こぱん 後悔,値あり,
こぱんはうすさくら,こぱん,不安・ネガティブ確認,合わない,こぱん 合わない,値あり,
こぱんはうすさくら,こぱん,不安・ネガティブ確認,向いてない,こぱん 向いてない,値あり,
こぱんはうすさくら,こぱん,不安・ネガティブ確認,やめたい,こぱん やめたい,値あり,
こぱんはうすさくら,こぱん,不安・ネガティブ確認,辞めたい,こぱん 辞めたい,値あり,
こぱんはうすさくら,こぱん,不安・ネガティブ確認,退会,こぱん 退会,値あり,
こぱんはうすさくら,こぱん,不安・ネガティブ確認,解約,こぱん 解約,値あり,
こぱんはうすさくら,こぱん,申込直前,無料体験,こぱん 無料体験,値あり,
こぱんはうすさくら,こぱん,申込直前,体験,こぱん 体験,値あり,
こぱんはうすさくら,こぱん,申込直前,体験授業,こぱん 体験授業,値あり,
こぱんはうすさくら,こぱん,申込直前,無料相談,こぱん 無料相談,値あり,
こぱんはうすさくら,こぱん,申込直前,資料請求,こぱん 資料請求,値あり,
こぱんはうすさくら,こぱん,申込直前,申し込み,こぱん 申し込み,値あり,
こぱんはうすさくら,こぱん,申込直前,入会,こぱん 入会,値あり,
こぱんはうすさくら,こぱん,発達特性との相性,発達障害,こぱん 発達障害,値あり,
こぱんはうすさくら,こぱん,発達特性との相性,発達障がい,こぱん 発達障がい,値あり,
こぱんはうすさくら,こぱん,発達特性との相性,グレーゾーン,こぱん グレーゾーン,値あり,
こぱんはうすさくら,こぱん,発達特性との相性,ADHD,こぱん ADHD,値あり,
こぱんはうすさくら,こぱん,発達特性との相性,ASD,こぱん ASD,値あり,
こぱんはうすさくら,こぱん,発達特性との相性,自閉症,こぱん 自閉症,値あり,
こぱんはうすさくら,こぱん,発達特性との相性,LD,こぱん LD,値あり,
こぱんはうすさくら,こぱん,発達特性との相性,学習障害,こぱん 学習障害,値あり,
こぱんはうすさくら,こぱん,発達特性との相性,境界知能,こぱん 境界知能,値あり,
こぱんはうすさくら,こぱん,発達特性との相性,不登校,こぱん 不登校,値あり,
こぱんはうすさくら,こぱん,対象・用途,小学生,こぱん 小学生,値あり,
こぱんはうすさくら,こぱん,対象・用途,中学生,こぱん 中学生,値あり,
こぱんはうすさくら,こぱん,対象・用途,高校生,こぱん 高校生,値あり,
こぱんはうすさくら,こぱん,対象・用途,高校受験,こぱん 高校受験,値あり,
こぱんはうすさくら,こぱん,対象・用途,中学受験,こぱん 中学受験,値あり,
こぱんはうすさくら,こぱん,対象・用途,大学受験,こぱん 大学受験,値あり,
こぱんはうすさくら,こぱん,追加：SERP・サジェスト由来,評判 悪い,こぱん 評判 悪い,値あり,
こぱんはうすさくら,こぱん,追加：SERP・サジェスト由来,やばい,こぱん やばい,値あり,
こぱんはうすさくら,こぱん,追加：SERP・サジェスト由来,知恵袋,こぱん 知恵袋,値あり,
こぱんはうすさくら,こぱん,追加：SERP・サジェスト由来,2ch,こぱん 2ch,値あり,
こぱんはうすさくら,こぱん,追加：SERP・サジェスト由来,料金表,こぱん 料金表,値あり,
こぱんはうすさくら,こぱん,追加：SERP・サジェスト由来,授業料,こぱん 授業料,値あり,
こぱんはうすさくら,こぱん,追加：SERP・サジェスト由来,夏期講習,こぱん 夏期講習,値あり,
こぱんはうすさくら,こぱん,追加：SERP・サジェスト由来,意味ない,こぱん 意味ない,値あり,
こぱんはうすさくら,こぱん,追加：SERP・サジェスト由来,バイト,こぱん バイト,値あり,
こぱんはうすさくら,こぱん,追加：SERP・サジェスト由来,求人,こぱん 求人,値あり,
こぱんはうすさくら,こぱん,追加：KWP KeywordSeed由来,クチコミ,こぱん クチコミ,値あり,10
こぱんはうすさくら,こぱん,追加：KWP KeywordSeed由来,やめとけ,こぱん やめとけ,値あり,
こぱんはうすさくら,こぱん,追加：KWP KeywordSeed由来,合格実績,こぱん 合格実績,値あり,
こぱんはうすさくら,こぱん,追加：KWP KeywordSeed由来,時間割,こぱん 時間割,値あり,
こぱんはうすさくら,こぱん,追加：KWP KeywordSeed由来,キャンペーン,こぱん キャンペーン,値あり,
こぱんはうすさくら,こぱん,追加：KWP KeywordSeed由来,割引,こぱん 割引,値あり,
こぱんはうすさくら,こぱん,追加：KWP KeywordSeed由来,コース,こぱん コース,値あり,
こぱんはうすさくら,こぱん,追加：KWP KeywordSeed由来,春期講習,こぱん 春期講習,値あり,
こぱんはうすさくら,こぱん,追加：KWP KeywordSeed由来,冬期講習,こぱん 冬期講習,値あり,
こぱんはうすさくら,こぱん,追加：KWP KeywordSeed由来,電話番号,こぱん 電話番号,値あり,
こぱんはうすさくら,こぱん,追加：KWP KeywordSeed由来,ホームページ,こぱん ホームページ,値あり,
こぱんはうすさくら,こぱん,追加：KWP KeywordSeed由来,株式会社,こぱん 株式会社,値あり,
こぱんはうすさくら,こぱん,追加：KWP KeywordSeed由来,講師,こぱん 講師,値あり,
こぱんはうすさくら,こぱん,追加：KWP KeywordSeed由来,とは,こぱん とは,値あり,
オンラインフリースクール シンガク,シンガク フリースクール,評判・第三者評価,口コミ,シンガク フリースクール 口コミ,値あり,
オンラインフリースクール シンガク,シンガク フリースクール,評判・第三者評価,評判,シンガク フリースクール 評判,値あり,
オンラインフリースクール シンガク,シンガク フリースクール,評判・第三者評価,レビュー,シンガク フリースクール レビュー,値あり,
オンラインフリースクール シンガク,シンガク フリースクール,評判・第三者評価,体験談,シンガク フリースクール 体験談,値あり,
オンラインフリースクール シンガク,シンガク フリースクール,評判・第三者評価,感想,シンガク フリースクール 感想,値あり,
オンラインフリースクール シンガク,シンガク フリースクール,評判・第三者評価,評価,シンガク フリースクール 評価,値あり,
オンラインフリースクール シンガク,シンガク フリースクール,料金・契約,料金,シンガク フリースクール 料金,値あり,
オンラインフリースクール シンガク,シンガク フリースクール,料金・契約,費用,シンガク フリースクール 費用,値あり,
オンラインフリースクール シンガク,シンガク フリースクール,料金・契約,月謝,シンガク フリースクール 月謝,値あり,
オンラインフリースクール シンガク,シンガク フリースクール,料金・契約,値段,シンガク フリースクール 値段,値あり,
オンラインフリースクール シンガク,シンガク フリースクール,料金・契約,価格,シンガク フリースクール 価格,値あり,
オンラインフリースクール シンガク,シンガク フリースクール,料金・契約,入会金,シンガク フリースクール 入会金,値あり,
オンラインフリースクール シンガク,シンガク フリースクール,料金・契約,教材費,シンガク フリースクール 教材費,値あり,
オンラインフリースクール シンガク,シンガク フリースクール,料金・契約,高い,シンガク フリースクール 高い,値あり,
オンラインフリースクール シンガク,シンガク フリースクール,料金・契約,安い,シンガク フリースクール 安い,値あり,
オンラインフリースクール シンガク,シンガク フリースクール,比較・選択,比較,シンガク フリースクール 比較,値あり,
オンラインフリースクール シンガク,シンガク フリースクール,比較・選択,違い,シンガク フリースクール 違い,値あり,
オンラインフリースクール シンガク,シンガク フリースクール,比較・選択,どっち,シンガク フリースクール どっち,値あり,
オンラインフリースクール シンガク,シンガク フリースクール,比較・選択,おすすめ,シンガク フリースクール おすすめ,値あり,
オンラインフリースクール シンガク,シンガク フリースクール,比較・選択,他社,シンガク フリースクール 他社,値あり,
オンラインフリースクール シンガク,シンガク フリースクール,比較・選択,ランキング,シンガク フリースクール ランキング,値あり,
オンラインフリースクール シンガク,シンガク フリースクール,不安・ネガティブ確認,デメリット,シンガク フリースクール デメリット,値あり,
オンラインフリースクール シンガク,シンガク フリースクール,不安・ネガティブ確認,メリット,シンガク フリースクール メリット,値あり,
オンラインフリースクール シンガク,シンガク フリースクール,不安・ネガティブ確認,怪しい,シンガク フリースクール 怪しい,値あり,
オンラインフリースクール シンガク,シンガク フリースクール,不安・ネガティブ確認,最悪,シンガク フリースクール 最悪,値あり,
オンラインフリースクール シンガク,シンガク フリースクール,不安・ネガティブ確認,失敗,シンガク フリースクール 失敗,値あり,
オンラインフリースクール シンガク,シンガク フリースクール,不安・ネガティブ確認,後悔,シンガク フリースクール 後悔,値あり,
オンラインフリースクール シンガク,シンガク フリースクール,不安・ネガティブ確認,合わない,シンガク フリースクール 合わない,値あり,
オンラインフリースクール シンガク,シンガク フリースクール,不安・ネガティブ確認,向いてない,シンガク フリースクール 向いてない,値あり,
オンラインフリースクール シンガク,シンガク フリースクール,不安・ネガティブ確認,やめたい,シンガク フリースクール やめたい,値あり,
オンラインフリースクール シンガク,シンガク フリースクール,不安・ネガティブ確認,辞めたい,シンガク フリースクール 辞めたい,値あり,
オンラインフリースクール シンガク,シンガク フリースクール,不安・ネガティブ確認,退会,シンガク フリースクール 退会,値あり,
オンラインフリースクール シンガク,シンガク フリースクール,不安・ネガティブ確認,解約,シンガク フリースクール 解約,値あり,
オンラインフリースクール シンガク,シンガク フリースクール,申込直前,無料体験,シンガク フリースクール 無料体験,値あり,
オンラインフリースクール シンガク,シンガク フリースクール,申込直前,体験,シンガク フリースクール 体験,値あり,
オンラインフリースクール シンガク,シンガク フリースクール,申込直前,体験授業,シンガク フリースクール 体験授業,値あり,
オンラインフリースクール シンガク,シンガク フリースクール,申込直前,無料相談,シンガク フリースクール 無料相談,値あり,
オンラインフリースクール シンガク,シンガク フリースクール,申込直前,資料請求,シンガク フリースクール 資料請求,値あり,
オンラインフリースクール シンガク,シンガク フリースクール,申込直前,申し込み,シンガク フリースクール 申し込み,値あり,
オンラインフリースクール シンガク,シンガク フリースクール,申込直前,入会,シンガク フリースクール 入会,値あり,
オンラインフリースクール シンガク,シンガク フリースクール,発達特性との相性,発達障害,シンガク フリースクール 発達障害,値あり,
オンラインフリースクール シンガク,シンガク フリースクール,発達特性との相性,発達障がい,シンガク フリースクール 発達障がい,値あり,
オンラインフリースクール シンガク,シンガク フリースクール,発達特性との相性,グレーゾーン,シンガク フリースクール グレーゾーン,値あり,
オンラインフリースクール シンガク,シンガク フリースクール,発達特性との相性,ADHD,シンガク フリースクール ADHD,値あり,
オンラインフリースクール シンガク,シンガク フリースクール,発達特性との相性,ASD,シンガク フリースクール ASD,値あり,
オンラインフリースクール シンガク,シンガク フリースクール,発達特性との相性,自閉症,シンガク フリースクール 自閉症,値あり,
オンラインフリースクール シンガク,シンガク フリースクール,発達特性との相性,LD,シンガク フリースクール LD,値あり,
オンラインフリースクール シンガク,シンガク フリースクール,発達特性との相性,学習障害,シンガク フリースクール 学習障害,値あり,
オンラインフリースクール シンガク,シンガク フリースクール,発達特性との相性,境界知能,シンガク フリースクール 境界知能,値あり,
オンラインフリースクール シンガク,シンガク フリースクール,発達特性との相性,不登校,シンガク フリースクール 不登校,値あり,
オンラインフリースクール シンガク,シンガク フリースクール,対象・用途,小学生,シンガク フリースクール 小学生,値あり,
オンラインフリースクール シンガク,シンガク フリースクール,対象・用途,中学生,シンガク フリースクール 中学生,値あり,
オンラインフリースクール シンガク,シンガク フリースクール,対象・用途,高校生,シンガク フリースクール 高校生,値あり,
オンラインフリースクール シンガク,シンガク フリースクール,対象・用途,高校受験,シンガク フリースクール 高校受験,値あり,
オンラインフリースクール シンガク,シンガク フリースクール,対象・用途,中学受験,シンガク フリースクール 中学受験,値あり,
オンラインフリースクール シンガク,シンガク フリースクール,対象・用途,大学受験,シンガク フリースクール 大学受験,値あり,
オンラインフリースクール シンガク,シンガク フリースクール,追加：SERP・サジェスト由来,評判 悪い,シンガク フリースクール 評判 悪い,値あり,
オンラインフリースクール シンガク,シンガク フリースクール,追加：SERP・サジェスト由来,やばい,シンガク フリースクール やばい,値あり,
オンラインフリースクール シンガク,シンガク フリースクール,追加：SERP・サジェスト由来,知恵袋,シンガク フリースクール 知恵袋,値あり,
オンラインフリースクール シンガク,シンガク フリースクール,追加：SERP・サジェスト由来,2ch,シンガク フリースクール 2ch,値あり,
オンラインフリースクール シンガク,シンガク フリースクール,追加：SERP・サジェスト由来,料金表,シンガク フリースクール 料金表,値あり,
オンラインフリースクール シンガク,シンガク フリースクール,追加：SERP・サジェスト由来,授業料,シンガク フリースクール 授業料,値あり,
オンラインフリースクール シンガク,シンガク フリースクール,追加：SERP・サジェスト由来,夏期講習,シンガク フリースクール 夏期講習,値あり,
オンラインフリースクール シンガク,シンガク フリースクール,追加：SERP・サジェスト由来,意味ない,シンガク フリースクール 意味ない,値あり,
オンラインフリースクール シンガク,シンガク フリースクール,追加：SERP・サジェスト由来,バイト,シンガク フリースクール バイト,値あり,
オンラインフリースクール シンガク,シンガク フリースクール,追加：SERP・サジェスト由来,求人,シンガク フリースクール 求人,値あり,
オンラインフリースクール シンガク,シンガク フリースクール,追加：KWP KeywordSeed由来,クチコミ,シンガク フリースクール クチコミ,値あり,
オンラインフリースクール シンガク,シンガク フリースクール,追加：KWP KeywordSeed由来,やめとけ,シンガク フリースクール やめとけ,値あり,
オンラインフリースクール シンガク,シンガク フリースクール,追加：KWP KeywordSeed由来,合格実績,シンガク フリースクール 合格実績,値あり,
オンラインフリースクール シンガク,シンガク フリースクール,追加：KWP KeywordSeed由来,時間割,シンガク フリースクール 時間割,値あり,
オンラインフリースクール シンガク,シンガク フリースクール,追加：KWP KeywordSeed由来,キャンペーン,シンガク フリースクール キャンペーン,値あり,
オンラインフリースクール シンガク,シンガク フリースクール,追加：KWP KeywordSeed由来,割引,シンガク フリースクール 割引,値あり,
オンラインフリースクール シンガク,シンガク フリースクール,追加：KWP KeywordSeed由来,コース,シンガク フリースクール コース,値あり,
オンラインフリースクール シンガク,シンガク フリースクール,追加：KWP KeywordSeed由来,春期講習,シンガク フリースクール 春期講習,値あり,
オンラインフリースクール シンガク,シンガク フリースクール,追加：KWP KeywordSeed由来,冬期講習,シンガク フリースクール 冬期講習,値あり,
オンラインフリースクール シンガク,シンガク フリースクール,追加：KWP KeywordSeed由来,電話番号,シンガク フリースクール 電話番号,値あり,
オンラインフリースクール シンガク,シンガク フリースクール,追加：KWP KeywordSeed由来,ホームページ,シンガク フリースクール ホームページ,値あり,
オンラインフリースクール シンガク,シンガク フリースクール,追加：KWP KeywordSeed由来,株式会社,シンガク フリースクール 株式会社,値あり,
オンラインフリースクール シンガク,シンガク フリースクール,追加：KWP KeywordSeed由来,講師,シンガク フリースクール 講師,値あり,
オンラインフリースクール シンガク,シンガク フリースクール,追加：KWP KeywordSeed由来,とは,シンガク フリースクール とは,値あり,
オンラインフリースクール シンガク,シンガク フリースクール,発達特性×口コミ,発達障害 口コミ,シンガク フリースクール 発達障害 口コミ,値あり,
オンラインフリースクール シンガク,シンガク フリースクール,発達特性×口コミ,発達障がい 口コミ,シンガク フリースクール 発達障がい 口コミ,値あり,
オンラインフリースクール シンガク,シンガク フリースクール,発達特性×口コミ,グレーゾーン 口コミ,シンガク フリースクール グレーゾーン 口コミ,値あり,
オンラインフリースクール シンガク,シンガク フリースクール,発達特性×口コミ,ADHD 口コミ,シンガク フリースクール ADHD 口コミ,値あり,
オンラインフリースクール シンガク,シンガク フリースクール,発達特性×口コミ,ASD 口コミ,シンガク フリースクール ASD 口コミ,値あり,
オンラインフリースクール シンガク,シンガク フリースクール,発達特性×口コミ,自閉症 口コミ,シンガク フリースクール 自閉症 口コミ,値あり,
オンラインフリースクール シンガク,シンガク フリースクール,発達特性×口コミ,LD 口コミ,シンガク フリースクール LD 口コミ,値あり,
オンラインフリースクール シンガク,シンガク フリースクール,発達特性×口コミ,学習障害 口コミ,シンガク フリースクール 学習障害 口コミ,値あり,
オンラインフリースクール シンガク,シンガク フリースクール,発達特性×口コミ,境界知能 口コミ,シンガク フリースクール 境界知能 口コミ,値あり,
オンラインフリースクール シンガク,シンガク フリースクール,発達特性×口コミ,不登校 口コミ,シンガク フリースクール 不登校 口コミ,値あり,
オンラインフリースクール シンガク,シンガク フリースクール,発達特性×評判,発達障害 評判,シンガク フリースクール 発達障害 評判,値あり,
オンラインフリースクール シンガク,シンガク フリースクール,発達特性×評判,発達障がい 評判,シンガク フリースクール 発達障がい 評判,値あり,
オンラインフリースクール シンガク,シンガク フリースクール,発達特性×評判,グレーゾーン 評判,シンガク フリースクール グレーゾーン 評判,値あり,
オンラインフリースクール シンガク,シンガク フリースクール,発達特性×評判,ADHD 評判,シンガク フリースクール ADHD 評判,値あり,
オンラインフリースクール シンガク,シンガク フリースクール,発達特性×評判,ASD 評判,シンガク フリースクール ASD 評判,値あり,
オンラインフリースクール シンガク,シンガク フリースクール,発達特性×評判,自閉症 評判,シンガク フリースクール 自閉症 評判,値あり,
オンラインフリースクール シンガク,シンガク フリースクール,発達特性×評判,LD 評判,シンガク フリースクール LD 評判,値あり,
オンラインフリースクール シンガク,シンガク フリースクール,発達特性×評判,学習障害 評判,シンガク フリースクール 学習障害 評判,値あり,
オンラインフリースクール シンガク,シンガク フリースクール,発達特性×評判,境界知能 評判,シンガク フリースクール 境界知能 評判,値あり,
オンラインフリースクール シンガク,シンガク フリースクール,発達特性×評判,不登校 評判,シンガク フリースクール 不登校 評判,値あり,
オンラインフリースクール シンガク,シンガク フリースクール,発達特性×料金,発達障害 料金,シンガク フリースクール 発達障害 料金,値あり,
オンラインフリースクール シンガク,シンガク フリースクール,発達特性×料金,発達障がい 料金,シンガク フリースクール 発達障がい 料金,値あり,
オンラインフリースクール シンガク,シンガク フリースクール,発達特性×料金,グレーゾーン 料金,シンガク フリースクール グレーゾーン 料金,値あり,
オンラインフリースクール シンガク,シンガク フリースクール,発達特性×料金,ADHD 料金,シンガク フリースクール ADHD 料金,値あり,
オンラインフリースクール シンガク,シンガク フリースクール,発達特性×料金,ASD 料金,シンガク フリースクール ASD 料金,値あり,
オンラインフリースクール シンガク,シンガク フリースクール,発達特性×料金,自閉症 料金,シンガク フリースクール 自閉症 料金,値あり,
オンラインフリースクール シンガク,シンガク フリースクール,発達特性×料金,LD 料金,シンガク フリースクール LD 料金,値あり,
オンラインフリースクール シンガク,シンガク フリースクール,発達特性×料金,学習障害 料金,シンガク フリースクール 学習障害 料金,値あり,
オンラインフリースクール シンガク,シンガク フリースクール,発達特性×料金,境界知能 料金,シンガク フリースクール 境界知能 料金,値あり,
オンラインフリースクール シンガク,シンガク フリースクール,発達特性×料金,不登校 料金,シンガク フリースクール 不登校 料金,値あり,
オンラインフリースクール シンガク,シンガク 不登校,評判・第三者評価,口コミ,シンガク 不登校 口コミ,値あり,
オンラインフリースクール シンガク,シンガク 不登校,評判・第三者評価,評判,シンガク 不登校 評判,値あり,
オンラインフリースクール シンガク,シンガク 不登校,評判・第三者評価,レビュー,シンガク 不登校 レビュー,値あり,
オンラインフリースクール シンガク,シンガク 不登校,評判・第三者評価,体験談,シンガク 不登校 体験談,値あり,
オンラインフリースクール シンガク,シンガク 不登校,評判・第三者評価,感想,シンガク 不登校 感想,値あり,
オンラインフリースクール シンガク,シンガク 不登校,評判・第三者評価,評価,シンガク 不登校 評価,値あり,
オンラインフリースクール シンガク,シンガク 不登校,料金・契約,料金,シンガク 不登校 料金,値あり,
オンラインフリースクール シンガク,シンガク 不登校,料金・契約,費用,シンガク 不登校 費用,値あり,
オンラインフリースクール シンガク,シンガク 不登校,料金・契約,月謝,シンガク 不登校 月謝,値あり,
オンラインフリースクール シンガク,シンガク 不登校,料金・契約,値段,シンガク 不登校 値段,値あり,
オンラインフリースクール シンガク,シンガク 不登校,料金・契約,価格,シンガク 不登校 価格,値あり,
オンラインフリースクール シンガク,シンガク 不登校,料金・契約,入会金,シンガク 不登校 入会金,値あり,
オンラインフリースクール シンガク,シンガク 不登校,料金・契約,教材費,シンガク 不登校 教材費,値あり,
オンラインフリースクール シンガク,シンガク 不登校,料金・契約,高い,シンガク 不登校 高い,値あり,
オンラインフリースクール シンガク,シンガク 不登校,料金・契約,安い,シンガク 不登校 安い,値あり,
オンラインフリースクール シンガク,シンガク 不登校,比較・選択,比較,シンガク 不登校 比較,値あり,
オンラインフリースクール シンガク,シンガク 不登校,比較・選択,違い,シンガク 不登校 違い,値あり,
オンラインフリースクール シンガク,シンガク 不登校,比較・選択,どっち,シンガク 不登校 どっち,値あり,
オンラインフリースクール シンガク,シンガク 不登校,比較・選択,おすすめ,シンガク 不登校 おすすめ,値あり,
オンラインフリースクール シンガク,シンガク 不登校,比較・選択,他社,シンガク 不登校 他社,値あり,
オンラインフリースクール シンガク,シンガク 不登校,比較・選択,ランキング,シンガク 不登校 ランキング,値あり,
オンラインフリースクール シンガク,シンガク 不登校,不安・ネガティブ確認,デメリット,シンガク 不登校 デメリット,値あり,
オンラインフリースクール シンガク,シンガク 不登校,不安・ネガティブ確認,メリット,シンガク 不登校 メリット,値あり,
オンラインフリースクール シンガク,シンガク 不登校,不安・ネガティブ確認,怪しい,シンガク 不登校 怪しい,値あり,
オンラインフリースクール シンガク,シンガク 不登校,不安・ネガティブ確認,最悪,シンガク 不登校 最悪,値あり,
オンラインフリースクール シンガク,シンガク 不登校,不安・ネガティブ確認,失敗,シンガク 不登校 失敗,値あり,
オンラインフリースクール シンガク,シンガク 不登校,不安・ネガティブ確認,後悔,シンガク 不登校 後悔,値あり,
オンラインフリースクール シンガク,シンガク 不登校,不安・ネガティブ確認,合わない,シンガク 不登校 合わない,値あり,
オンラインフリースクール シンガク,シンガク 不登校,不安・ネガティブ確認,向いてない,シンガク 不登校 向いてない,値あり,
オンラインフリースクール シンガク,シンガク 不登校,不安・ネガティブ確認,やめたい,シンガク 不登校 やめたい,値あり,
オンラインフリースクール シンガク,シンガク 不登校,不安・ネガティブ確認,辞めたい,シンガク 不登校 辞めたい,値あり,
オンラインフリースクール シンガク,シンガク 不登校,不安・ネガティブ確認,退会,シンガク 不登校 退会,値あり,
オンラインフリースクール シンガク,シンガク 不登校,不安・ネガティブ確認,解約,シンガク 不登校 解約,値あり,
オンラインフリースクール シンガク,シンガク 不登校,申込直前,無料体験,シンガク 不登校 無料体験,値あり,
オンラインフリースクール シンガク,シンガク 不登校,申込直前,体験,シンガク 不登校 体験,値あり,
オンラインフリースクール シンガク,シンガク 不登校,申込直前,体験授業,シンガク 不登校 体験授業,値あり,
オンラインフリースクール シンガク,シンガク 不登校,申込直前,無料相談,シンガク 不登校 無料相談,値あり,
オンラインフリースクール シンガク,シンガク 不登校,申込直前,資料請求,シンガク 不登校 資料請求,値あり,
オンラインフリースクール シンガク,シンガク 不登校,申込直前,申し込み,シンガク 不登校 申し込み,値あり,
オンラインフリースクール シンガク,シンガク 不登校,申込直前,入会,シンガク 不登校 入会,値あり,
オンラインフリースクール シンガク,シンガク 不登校,発達特性との相性,発達障害,シンガク 不登校 発達障害,値あり,
オンラインフリースクール シンガク,シンガク 不登校,発達特性との相性,発達障がい,シンガク 不登校 発達障がい,値あり,
オンラインフリースクール シンガク,シンガク 不登校,発達特性との相性,グレーゾーン,シンガク 不登校 グレーゾーン,値あり,
オンラインフリースクール シンガク,シンガク 不登校,発達特性との相性,ADHD,シンガク 不登校 ADHD,値あり,
オンラインフリースクール シンガク,シンガク 不登校,発達特性との相性,ASD,シンガク 不登校 ASD,値あり,
オンラインフリースクール シンガク,シンガク 不登校,発達特性との相性,自閉症,シンガク 不登校 自閉症,値あり,
オンラインフリースクール シンガク,シンガク 不登校,発達特性との相性,LD,シンガク 不登校 LD,値あり,
オンラインフリースクール シンガク,シンガク 不登校,発達特性との相性,学習障害,シンガク 不登校 学習障害,値あり,
オンラインフリースクール シンガク,シンガク 不登校,発達特性との相性,境界知能,シンガク 不登校 境界知能,値あり,
オンラインフリースクール シンガク,シンガク 不登校,発達特性との相性,不登校,シンガク 不登校 不登校,値あり,
オンラインフリースクール シンガク,シンガク 不登校,対象・用途,小学生,シンガク 不登校 小学生,値あり,
オンラインフリースクール シンガク,シンガク 不登校,対象・用途,中学生,シンガク 不登校 中学生,値あり,
オンラインフリースクール シンガク,シンガク 不登校,対象・用途,高校生,シンガク 不登校 高校生,値あり,
オンラインフリースクール シンガク,シンガク 不登校,対象・用途,高校受験,シンガク 不登校 高校受験,値あり,
オンラインフリースクール シンガク,シンガク 不登校,対象・用途,中学受験,シンガク 不登校 中学受験,値あり,
オンラインフリースクール シンガク,シンガク 不登校,対象・用途,大学受験,シンガク 不登校 大学受験,値あり,
オンラインフリースクール シンガク,シンガク 不登校,追加：SERP・サジェスト由来,評判 悪い,シンガク 不登校 評判 悪い,値あり,
オンラインフリースクール シンガク,シンガク 不登校,追加：SERP・サジェスト由来,やばい,シンガク 不登校 やばい,値あり,
オンラインフリースクール シンガク,シンガク 不登校,追加：SERP・サジェスト由来,知恵袋,シンガク 不登校 知恵袋,値あり,
オンラインフリースクール シンガク,シンガク 不登校,追加：SERP・サジェスト由来,2ch,シンガク 不登校 2ch,値あり,
オンラインフリースクール シンガク,シンガク 不登校,追加：SERP・サジェスト由来,料金表,シンガク 不登校 料金表,値あり,
オンラインフリースクール シンガク,シンガク 不登校,追加：SERP・サジェスト由来,授業料,シンガク 不登校 授業料,値あり,
オンラインフリースクール シンガク,シンガク 不登校,追加：SERP・サジェスト由来,夏期講習,シンガク 不登校 夏期講習,値あり,
オンラインフリースクール シンガク,シンガク 不登校,追加：SERP・サジェスト由来,意味ない,シンガク 不登校 意味ない,値あり,
オンラインフリースクール シンガク,シンガク 不登校,追加：SERP・サジェスト由来,バイト,シンガク 不登校 バイト,値あり,
オンラインフリースクール シンガク,シンガク 不登校,追加：SERP・サジェスト由来,求人,シンガク 不登校 求人,値あり,
オンラインフリースクール シンガク,シンガク 不登校,追加：KWP KeywordSeed由来,クチコミ,シンガク 不登校 クチコミ,値あり,
オンラインフリースクール シンガク,シンガク 不登校,追加：KWP KeywordSeed由来,やめとけ,シンガク 不登校 やめとけ,値あり,
オンラインフリースクール シンガク,シンガク 不登校,追加：KWP KeywordSeed由来,合格実績,シンガク 不登校 合格実績,値あり,
オンラインフリースクール シンガク,シンガク 不登校,追加：KWP KeywordSeed由来,時間割,シンガク 不登校 時間割,値あり,
オンラインフリースクール シンガク,シンガク 不登校,追加：KWP KeywordSeed由来,キャンペーン,シンガク 不登校 キャンペーン,値あり,
オンラインフリースクール シンガク,シンガク 不登校,追加：KWP KeywordSeed由来,割引,シンガク 不登校 割引,値あり,
オンラインフリースクール シンガク,シンガク 不登校,追加：KWP KeywordSeed由来,コース,シンガク 不登校 コース,値あり,
オンラインフリースクール シンガク,シンガク 不登校,追加：KWP KeywordSeed由来,春期講習,シンガク 不登校 春期講習,値あり,
オンラインフリースクール シンガク,シンガク 不登校,追加：KWP KeywordSeed由来,冬期講習,シンガク 不登校 冬期講習,値あり,
オンラインフリースクール シンガク,シンガク 不登校,追加：KWP KeywordSeed由来,電話番号,シンガク 不登校 電話番号,値あり,
オンラインフリースクール シンガク,シンガク 不登校,追加：KWP KeywordSeed由来,ホームページ,シンガク 不登校 ホームページ,値あり,
オンラインフリースクール シンガク,シンガク 不登校,追加：KWP KeywordSeed由来,株式会社,シンガク 不登校 株式会社,値あり,
オンラインフリースクール シンガク,シンガク 不登校,追加：KWP KeywordSeed由来,講師,シンガク 不登校 講師,値あり,
オンラインフリースクール シンガク,シンガク 不登校,追加：KWP KeywordSeed由来,とは,シンガク 不登校 とは,値あり,
学研WILL学園,WILL学園,評判・第三者評価,口コミ,WILL学園 口コミ,値あり,10
学研WILL学園,WILL学園,評判・第三者評価,評判,WILL学園 評判,値あり,90
学研WILL学園,WILL学園,評判・第三者評価,レビュー,WILL学園 レビュー,値あり,
学研WILL学園,WILL学園,評判・第三者評価,体験談,WILL学園 体験談,値あり,
学研WILL学園,WILL学園,評判・第三者評価,感想,WILL学園 感想,値あり,
学研WILL学園,WILL学園,評判・第三者評価,評価,WILL学園 評価,値あり,
学研WILL学園,WILL学園,料金・契約,料金,WILL学園 料金,値あり,
学研WILL学園,WILL学園,料金・契約,費用,WILL学園 費用,値あり,
学研WILL学園,WILL学園,料金・契約,月謝,WILL学園 月謝,値あり,
学研WILL学園,WILL学園,料金・契約,値段,WILL学園 値段,値あり,
学研WILL学園,WILL学園,料金・契約,価格,WILL学園 価格,値あり,
学研WILL学園,WILL学園,料金・契約,入会金,WILL学園 入会金,値あり,
学研WILL学園,WILL学園,料金・契約,教材費,WILL学園 教材費,値あり,
学研WILL学園,WILL学園,料金・契約,高い,WILL学園 高い,値あり,
学研WILL学園,WILL学園,料金・契約,安い,WILL学園 安い,値あり,
学研WILL学園,WILL学園,比較・選択,比較,WILL学園 比較,値あり,
学研WILL学園,WILL学園,比較・選択,違い,WILL学園 違い,値あり,
学研WILL学園,WILL学園,比較・選択,どっち,WILL学園 どっち,値あり,
学研WILL学園,WILL学園,比較・選択,おすすめ,WILL学園 おすすめ,値あり,
学研WILL学園,WILL学園,比較・選択,他社,WILL学園 他社,値あり,
学研WILL学園,WILL学園,比較・選択,ランキング,WILL学園 ランキング,値あり,
学研WILL学園,WILL学園,不安・ネガティブ確認,デメリット,WILL学園 デメリット,値あり,
学研WILL学園,WILL学園,不安・ネガティブ確認,メリット,WILL学園 メリット,値あり,
学研WILL学園,WILL学園,不安・ネガティブ確認,怪しい,WILL学園 怪しい,値あり,
学研WILL学園,WILL学園,不安・ネガティブ確認,最悪,WILL学園 最悪,値あり,
学研WILL学園,WILL学園,不安・ネガティブ確認,失敗,WILL学園 失敗,値あり,
学研WILL学園,WILL学園,不安・ネガティブ確認,後悔,WILL学園 後悔,値あり,
学研WILL学園,WILL学園,不安・ネガティブ確認,合わない,WILL学園 合わない,値あり,
学研WILL学園,WILL学園,不安・ネガティブ確認,向いてない,WILL学園 向いてない,値あり,
学研WILL学園,WILL学園,不安・ネガティブ確認,やめたい,WILL学園 やめたい,値あり,
学研WILL学園,WILL学園,不安・ネガティブ確認,辞めたい,WILL学園 辞めたい,値あり,
学研WILL学園,WILL学園,不安・ネガティブ確認,退会,WILL学園 退会,値あり,
学研WILL学園,WILL学園,不安・ネガティブ確認,解約,WILL学園 解約,値あり,
学研WILL学園,WILL学園,申込直前,無料体験,WILL学園 無料体験,値あり,
学研WILL学園,WILL学園,申込直前,体験,WILL学園 体験,値あり,
学研WILL学園,WILL学園,申込直前,体験授業,WILL学園 体験授業,値あり,
学研WILL学園,WILL学園,申込直前,無料相談,WILL学園 無料相談,値あり,
学研WILL学園,WILL学園,申込直前,資料請求,WILL学園 資料請求,値あり,
学研WILL学園,WILL学園,申込直前,申し込み,WILL学園 申し込み,値あり,
学研WILL学園,WILL学園,申込直前,入会,WILL学園 入会,値あり,
学研WILL学園,WILL学園,発達特性との相性,発達障害,WILL学園 発達障害,値あり,20
学研WILL学園,WILL学園,発達特性との相性,発達障がい,WILL学園 発達障がい,値あり,
学研WILL学園,WILL学園,発達特性との相性,グレーゾーン,WILL学園 グレーゾーン,値あり,
学研WILL学園,WILL学園,発達特性との相性,ADHD,WILL学園 ADHD,値あり,
学研WILL学園,WILL学園,発達特性との相性,ASD,WILL学園 ASD,値あり,
学研WILL学園,WILL学園,発達特性との相性,自閉症,WILL学園 自閉症,値あり,
学研WILL学園,WILL学園,発達特性との相性,LD,WILL学園 LD,値あり,
学研WILL学園,WILL学園,発達特性との相性,学習障害,WILL学園 学習障害,値あり,
学研WILL学園,WILL学園,発達特性との相性,境界知能,WILL学園 境界知能,値あり,
学研WILL学園,WILL学園,発達特性との相性,不登校,WILL学園 不登校,値あり,
学研WILL学園,WILL学園,対象・用途,小学生,WILL学園 小学生,値あり,
学研WILL学園,WILL学園,対象・用途,中学生,WILL学園 中学生,値あり,10
学研WILL学園,WILL学園,対象・用途,高校生,WILL学園 高校生,値あり,
学研WILL学園,WILL学園,対象・用途,高校受験,WILL学園 高校受験,値あり,
学研WILL学園,WILL学園,対象・用途,中学受験,WILL学園 中学受験,値あり,
学研WILL学園,WILL学園,対象・用途,大学受験,WILL学園 大学受験,値あり,
学研WILL学園,WILL学園,追加：SERP・サジェスト由来,評判 悪い,WILL学園 評判 悪い,値あり,
学研WILL学園,WILL学園,追加：SERP・サジェスト由来,やばい,WILL学園 やばい,値あり,
学研WILL学園,WILL学園,追加：SERP・サジェスト由来,知恵袋,WILL学園 知恵袋,値あり,
学研WILL学園,WILL学園,追加：SERP・サジェスト由来,2ch,WILL学園 2ch,値あり,
学研WILL学園,WILL学園,追加：SERP・サジェスト由来,料金表,WILL学園 料金表,値あり,
学研WILL学園,WILL学園,追加：SERP・サジェスト由来,授業料,WILL学園 授業料,値あり,
学研WILL学園,WILL学園,追加：SERP・サジェスト由来,夏期講習,WILL学園 夏期講習,値あり,
学研WILL学園,WILL学園,追加：SERP・サジェスト由来,意味ない,WILL学園 意味ない,値あり,
学研WILL学園,WILL学園,追加：SERP・サジェスト由来,バイト,WILL学園 バイト,値あり,
学研WILL学園,WILL学園,追加：SERP・サジェスト由来,求人,WILL学園 求人,値あり,30
学研WILL学園,WILL学園,追加：KWP KeywordSeed由来,クチコミ,WILL学園 クチコミ,値あり,
学研WILL学園,WILL学園,追加：KWP KeywordSeed由来,やめとけ,WILL学園 やめとけ,値あり,
学研WILL学園,WILL学園,追加：KWP KeywordSeed由来,合格実績,WILL学園 合格実績,値あり,
学研WILL学園,WILL学園,追加：KWP KeywordSeed由来,時間割,WILL学園 時間割,値あり,
学研WILL学園,WILL学園,追加：KWP KeywordSeed由来,キャンペーン,WILL学園 キャンペーン,値あり,
学研WILL学園,WILL学園,追加：KWP KeywordSeed由来,割引,WILL学園 割引,値あり,
学研WILL学園,WILL学園,追加：KWP KeywordSeed由来,コース,WILL学園 コース,値あり,
学研WILL学園,WILL学園,追加：KWP KeywordSeed由来,春期講習,WILL学園 春期講習,値あり,
学研WILL学園,WILL学園,追加：KWP KeywordSeed由来,冬期講習,WILL学園 冬期講習,値あり,
学研WILL学園,WILL学園,追加：KWP KeywordSeed由来,電話番号,WILL学園 電話番号,値あり,
学研WILL学園,WILL学園,追加：KWP KeywordSeed由来,ホームページ,WILL学園 ホームページ,値あり,
学研WILL学園,WILL学園,追加：KWP KeywordSeed由来,株式会社,WILL学園 株式会社,値あり,
学研WILL学園,WILL学園,追加：KWP KeywordSeed由来,講師,WILL学園 講師,値あり,
学研WILL学園,WILL学園,追加：KWP KeywordSeed由来,とは,WILL学園 とは,値あり,
学研WILL学園,WILL学園,発達特性×口コミ,発達障害 口コミ,WILL学園 発達障害 口コミ,値あり,
学研WILL学園,WILL学園,発達特性×口コミ,発達障がい 口コミ,WILL学園 発達障がい 口コミ,値あり,
学研WILL学園,WILL学園,発達特性×口コミ,グレーゾーン 口コミ,WILL学園 グレーゾーン 口コミ,値あり,
学研WILL学園,WILL学園,発達特性×口コミ,ADHD 口コミ,WILL学園 ADHD 口コミ,値あり,
学研WILL学園,WILL学園,発達特性×口コミ,ASD 口コミ,WILL学園 ASD 口コミ,値あり,
学研WILL学園,WILL学園,発達特性×口コミ,自閉症 口コミ,WILL学園 自閉症 口コミ,値あり,
学研WILL学園,WILL学園,発達特性×口コミ,LD 口コミ,WILL学園 LD 口コミ,値あり,
学研WILL学園,WILL学園,発達特性×口コミ,学習障害 口コミ,WILL学園 学習障害 口コミ,値あり,
学研WILL学園,WILL学園,発達特性×口コミ,境界知能 口コミ,WILL学園 境界知能 口コミ,値あり,
学研WILL学園,WILL学園,発達特性×口コミ,不登校 口コミ,WILL学園 不登校 口コミ,値あり,
学研WILL学園,WILL学園,発達特性×評判,発達障害 評判,WILL学園 発達障害 評判,値あり,
学研WILL学園,WILL学園,発達特性×評判,発達障がい 評判,WILL学園 発達障がい 評判,値あり,
学研WILL学園,WILL学園,発達特性×評判,グレーゾーン 評判,WILL学園 グレーゾーン 評判,値あり,
学研WILL学園,WILL学園,発達特性×評判,ADHD 評判,WILL学園 ADHD 評判,値あり,
学研WILL学園,WILL学園,発達特性×評判,ASD 評判,WILL学園 ASD 評判,値あり,
学研WILL学園,WILL学園,発達特性×評判,自閉症 評判,WILL学園 自閉症 評判,値あり,
学研WILL学園,WILL学園,発達特性×評判,LD 評判,WILL学園 LD 評判,値あり,
学研WILL学園,WILL学園,発達特性×評判,学習障害 評判,WILL学園 学習障害 評判,値あり,
学研WILL学園,WILL学園,発達特性×評判,境界知能 評判,WILL学園 境界知能 評判,値あり,
学研WILL学園,WILL学園,発達特性×評判,不登校 評判,WILL学園 不登校 評判,値あり,
学研WILL学園,WILL学園,発達特性×料金,発達障害 料金,WILL学園 発達障害 料金,値あり,
学研WILL学園,WILL学園,発達特性×料金,発達障がい 料金,WILL学園 発達障がい 料金,値あり,
学研WILL学園,WILL学園,発達特性×料金,グレーゾーン 料金,WILL学園 グレーゾーン 料金,値あり,
学研WILL学園,WILL学園,発達特性×料金,ADHD 料金,WILL学園 ADHD 料金,値あり,
学研WILL学園,WILL学園,発達特性×料金,ASD 料金,WILL学園 ASD 料金,値あり,
学研WILL学園,WILL学園,発達特性×料金,自閉症 料金,WILL学園 自閉症 料金,値あり,
学研WILL学園,WILL学園,発達特性×料金,LD 料金,WILL学園 LD 料金,値あり,
学研WILL学園,WILL学園,発達特性×料金,学習障害 料金,WILL学園 学習障害 料金,値あり,
学研WILL学園,WILL学園,発達特性×料金,境界知能 料金,WILL学園 境界知能 料金,値あり,
学研WILL学園,WILL学園,発達特性×料金,不登校 料金,WILL学園 不登校 料金,値あり,
学研WILL学園,学研WILL学園,評判・第三者評価,口コミ,学研WILL学園 口コミ,値あり,
学研WILL学園,学研WILL学園,評判・第三者評価,評判,学研WILL学園 評判,値あり,
学研WILL学園,学研WILL学園,評判・第三者評価,レビュー,学研WILL学園 レビュー,値あり,
学研WILL学園,学研WILL学園,評判・第三者評価,体験談,学研WILL学園 体験談,値あり,
学研WILL学園,学研WILL学園,評判・第三者評価,感想,学研WILL学園 感想,値あり,
学研WILL学園,学研WILL学園,評判・第三者評価,評価,学研WILL学園 評価,値あり,
学研WILL学園,学研WILL学園,料金・契約,料金,学研WILL学園 料金,値あり,
学研WILL学園,学研WILL学園,料金・契約,費用,学研WILL学園 費用,値あり,
学研WILL学園,学研WILL学園,料金・契約,月謝,学研WILL学園 月謝,値あり,
学研WILL学園,学研WILL学園,料金・契約,値段,学研WILL学園 値段,値あり,
学研WILL学園,学研WILL学園,料金・契約,価格,学研WILL学園 価格,値あり,
学研WILL学園,学研WILL学園,料金・契約,入会金,学研WILL学園 入会金,値あり,
学研WILL学園,学研WILL学園,料金・契約,教材費,学研WILL学園 教材費,値あり,
学研WILL学園,学研WILL学園,料金・契約,高い,学研WILL学園 高い,値あり,
学研WILL学園,学研WILL学園,料金・契約,安い,学研WILL学園 安い,値あり,
学研WILL学園,学研WILL学園,比較・選択,比較,学研WILL学園 比較,値あり,
学研WILL学園,学研WILL学園,比較・選択,違い,学研WILL学園 違い,値あり,
学研WILL学園,学研WILL学園,比較・選択,どっち,学研WILL学園 どっち,値あり,
学研WILL学園,学研WILL学園,比較・選択,おすすめ,学研WILL学園 おすすめ,値あり,
学研WILL学園,学研WILL学園,比較・選択,他社,学研WILL学園 他社,値あり,
学研WILL学園,学研WILL学園,比較・選択,ランキング,学研WILL学園 ランキング,値あり,
学研WILL学園,学研WILL学園,不安・ネガティブ確認,デメリット,学研WILL学園 デメリット,値あり,
学研WILL学園,学研WILL学園,不安・ネガティブ確認,メリット,学研WILL学園 メリット,値あり,
学研WILL学園,学研WILL学園,不安・ネガティブ確認,怪しい,学研WILL学園 怪しい,値あり,
学研WILL学園,学研WILL学園,不安・ネガティブ確認,最悪,学研WILL学園 最悪,値あり,
学研WILL学園,学研WILL学園,不安・ネガティブ確認,失敗,学研WILL学園 失敗,値あり,
学研WILL学園,学研WILL学園,不安・ネガティブ確認,後悔,学研WILL学園 後悔,値あり,
学研WILL学園,学研WILL学園,不安・ネガティブ確認,合わない,学研WILL学園 合わない,値あり,
学研WILL学園,学研WILL学園,不安・ネガティブ確認,向いてない,学研WILL学園 向いてない,値あり,
学研WILL学園,学研WILL学園,不安・ネガティブ確認,やめたい,学研WILL学園 やめたい,値あり,
学研WILL学園,学研WILL学園,不安・ネガティブ確認,辞めたい,学研WILL学園 辞めたい,値あり,
学研WILL学園,学研WILL学園,不安・ネガティブ確認,退会,学研WILL学園 退会,値あり,
学研WILL学園,学研WILL学園,不安・ネガティブ確認,解約,学研WILL学園 解約,値あり,
学研WILL学園,学研WILL学園,申込直前,無料体験,学研WILL学園 無料体験,値あり,
学研WILL学園,学研WILL学園,申込直前,体験,学研WILL学園 体験,値あり,
学研WILL学園,学研WILL学園,申込直前,体験授業,学研WILL学園 体験授業,値あり,
学研WILL学園,学研WILL学園,申込直前,無料相談,学研WILL学園 無料相談,値あり,
学研WILL学園,学研WILL学園,申込直前,資料請求,学研WILL学園 資料請求,値あり,
学研WILL学園,学研WILL学園,申込直前,申し込み,学研WILL学園 申し込み,値あり,
学研WILL学園,学研WILL学園,申込直前,入会,学研WILL学園 入会,値あり,
学研WILL学園,学研WILL学園,発達特性との相性,発達障害,学研WILL学園 発達障害,値あり,
学研WILL学園,学研WILL学園,発達特性との相性,発達障がい,学研WILL学園 発達障がい,値あり,
学研WILL学園,学研WILL学園,発達特性との相性,グレーゾーン,学研WILL学園 グレーゾーン,値あり,
学研WILL学園,学研WILL学園,発達特性との相性,ADHD,学研WILL学園 ADHD,値あり,
学研WILL学園,学研WILL学園,発達特性との相性,ASD,学研WILL学園 ASD,値あり,
学研WILL学園,学研WILL学園,発達特性との相性,自閉症,学研WILL学園 自閉症,値あり,
学研WILL学園,学研WILL学園,発達特性との相性,LD,学研WILL学園 LD,値あり,
学研WILL学園,学研WILL学園,発達特性との相性,学習障害,学研WILL学園 学習障害,値あり,
学研WILL学園,学研WILL学園,発達特性との相性,境界知能,学研WILL学園 境界知能,値あり,
学研WILL学園,学研WILL学園,発達特性との相性,不登校,学研WILL学園 不登校,値あり,
学研WILL学園,学研WILL学園,対象・用途,小学生,学研WILL学園 小学生,値あり,
学研WILL学園,学研WILL学園,対象・用途,中学生,学研WILL学園 中学生,値あり,
学研WILL学園,学研WILL学園,対象・用途,高校生,学研WILL学園 高校生,値あり,
学研WILL学園,学研WILL学園,対象・用途,高校受験,学研WILL学園 高校受験,値あり,
学研WILL学園,学研WILL学園,対象・用途,中学受験,学研WILL学園 中学受験,値あり,
学研WILL学園,学研WILL学園,対象・用途,大学受験,学研WILL学園 大学受験,値あり,
学研WILL学園,学研WILL学園,追加：SERP・サジェスト由来,評判 悪い,学研WILL学園 評判 悪い,値あり,
学研WILL学園,学研WILL学園,追加：SERP・サジェスト由来,やばい,学研WILL学園 やばい,値あり,
学研WILL学園,学研WILL学園,追加：SERP・サジェスト由来,知恵袋,学研WILL学園 知恵袋,値あり,
学研WILL学園,学研WILL学園,追加：SERP・サジェスト由来,2ch,学研WILL学園 2ch,値あり,
学研WILL学園,学研WILL学園,追加：SERP・サジェスト由来,料金表,学研WILL学園 料金表,値あり,
学研WILL学園,学研WILL学園,追加：SERP・サジェスト由来,授業料,学研WILL学園 授業料,値あり,
学研WILL学園,学研WILL学園,追加：SERP・サジェスト由来,夏期講習,学研WILL学園 夏期講習,値あり,
学研WILL学園,学研WILL学園,追加：SERP・サジェスト由来,意味ない,学研WILL学園 意味ない,値あり,
学研WILL学園,学研WILL学園,追加：SERP・サジェスト由来,バイト,学研WILL学園 バイト,値あり,
学研WILL学園,学研WILL学園,追加：SERP・サジェスト由来,求人,学研WILL学園 求人,値あり,50
学研WILL学園,学研WILL学園,追加：KWP KeywordSeed由来,クチコミ,学研WILL学園 クチコミ,値あり,
学研WILL学園,学研WILL学園,追加：KWP KeywordSeed由来,やめとけ,学研WILL学園 やめとけ,値あり,
学研WILL学園,学研WILL学園,追加：KWP KeywordSeed由来,合格実績,学研WILL学園 合格実績,値あり,
学研WILL学園,学研WILL学園,追加：KWP KeywordSeed由来,時間割,学研WILL学園 時間割,値あり,
学研WILL学園,学研WILL学園,追加：KWP KeywordSeed由来,キャンペーン,学研WILL学園 キャンペーン,値あり,
学研WILL学園,学研WILL学園,追加：KWP KeywordSeed由来,割引,学研WILL学園 割引,値あり,
学研WILL学園,学研WILL学園,追加：KWP KeywordSeed由来,コース,学研WILL学園 コース,値あり,
学研WILL学園,学研WILL学園,追加：KWP KeywordSeed由来,春期講習,学研WILL学園 春期講習,値あり,
学研WILL学園,学研WILL学園,追加：KWP KeywordSeed由来,冬期講習,学研WILL学園 冬期講習,値あり,
学研WILL学園,学研WILL学園,追加：KWP KeywordSeed由来,電話番号,学研WILL学園 電話番号,値あり,
学研WILL学園,学研WILL学園,追加：KWP KeywordSeed由来,ホームページ,学研WILL学園 ホームページ,値あり,
学研WILL学園,学研WILL学園,追加：KWP KeywordSeed由来,株式会社,学研WILL学園 株式会社,値あり,
学研WILL学園,学研WILL学園,追加：KWP KeywordSeed由来,講師,学研WILL学園 講師,値あり,
学研WILL学園,学研WILL学園,追加：KWP KeywordSeed由来,とは,学研WILL学園 とは,値あり,
クラスジャパン小中学園,クラスジャパン,評判・第三者評価,口コミ,クラスジャパン 口コミ,値あり,10
クラスジャパン小中学園,クラスジャパン,評判・第三者評価,評判,クラスジャパン 評判,値あり,10
クラスジャパン小中学園,クラスジャパン,評判・第三者評価,レビュー,クラスジャパン レビュー,値あり,
クラスジャパン小中学園,クラスジャパン,評判・第三者評価,体験談,クラスジャパン 体験談,値あり,
クラスジャパン小中学園,クラスジャパン,評判・第三者評価,感想,クラスジャパン 感想,値あり,
クラスジャパン小中学園,クラスジャパン,評判・第三者評価,評価,クラスジャパン 評価,値あり,0
クラスジャパン小中学園,クラスジャパン,料金・契約,料金,クラスジャパン 料金,値あり,
クラスジャパン小中学園,クラスジャパン,料金・契約,費用,クラスジャパン 費用,値あり,10
クラスジャパン小中学園,クラスジャパン,料金・契約,月謝,クラスジャパン 月謝,値あり,
クラスジャパン小中学園,クラスジャパン,料金・契約,値段,クラスジャパン 値段,値あり,
クラスジャパン小中学園,クラスジャパン,料金・契約,価格,クラスジャパン 価格,値あり,
クラスジャパン小中学園,クラスジャパン,料金・契約,入会金,クラスジャパン 入会金,値あり,
クラスジャパン小中学園,クラスジャパン,料金・契約,教材費,クラスジャパン 教材費,値あり,
クラスジャパン小中学園,クラスジャパン,料金・契約,高い,クラスジャパン 高い,値あり,
クラスジャパン小中学園,クラスジャパン,料金・契約,安い,クラスジャパン 安い,値あり,
クラスジャパン小中学園,クラスジャパン,比較・選択,比較,クラスジャパン 比較,値あり,
クラスジャパン小中学園,クラスジャパン,比較・選択,違い,クラスジャパン 違い,値あり,
クラスジャパン小中学園,クラスジャパン,比較・選択,どっち,クラスジャパン どっち,値あり,
クラスジャパン小中学園,クラスジャパン,比較・選択,おすすめ,クラスジャパン おすすめ,値あり,
クラスジャパン小中学園,クラスジャパン,比較・選択,他社,クラスジャパン 他社,値あり,
クラスジャパン小中学園,クラスジャパン,比較・選択,ランキング,クラスジャパン ランキング,値あり,
クラスジャパン小中学園,クラスジャパン,不安・ネガティブ確認,デメリット,クラスジャパン デメリット,値あり,
クラスジャパン小中学園,クラスジャパン,不安・ネガティブ確認,メリット,クラスジャパン メリット,値あり,
クラスジャパン小中学園,クラスジャパン,不安・ネガティブ確認,怪しい,クラスジャパン 怪しい,値あり,10
クラスジャパン小中学園,クラスジャパン,不安・ネガティブ確認,最悪,クラスジャパン 最悪,値あり,
クラスジャパン小中学園,クラスジャパン,不安・ネガティブ確認,失敗,クラスジャパン 失敗,値あり,
クラスジャパン小中学園,クラスジャパン,不安・ネガティブ確認,後悔,クラスジャパン 後悔,値あり,
クラスジャパン小中学園,クラスジャパン,不安・ネガティブ確認,合わない,クラスジャパン 合わない,値あり,
クラスジャパン小中学園,クラスジャパン,不安・ネガティブ確認,向いてない,クラスジャパン 向いてない,値あり,
クラスジャパン小中学園,クラスジャパン,不安・ネガティブ確認,やめたい,クラスジャパン やめたい,値あり,
クラスジャパン小中学園,クラスジャパン,不安・ネガティブ確認,辞めたい,クラスジャパン 辞めたい,値あり,
クラスジャパン小中学園,クラスジャパン,不安・ネガティブ確認,退会,クラスジャパン 退会,値あり,
クラスジャパン小中学園,クラスジャパン,不安・ネガティブ確認,解約,クラスジャパン 解約,値あり,
クラスジャパン小中学園,クラスジャパン,申込直前,無料体験,クラスジャパン 無料体験,値あり,
クラスジャパン小中学園,クラスジャパン,申込直前,体験,クラスジャパン 体験,値あり,
クラスジャパン小中学園,クラスジャパン,申込直前,体験授業,クラスジャパン 体験授業,値あり,
クラスジャパン小中学園,クラスジャパン,申込直前,無料相談,クラスジャパン 無料相談,値あり,
クラスジャパン小中学園,クラスジャパン,申込直前,資料請求,クラスジャパン 資料請求,値あり,
クラスジャパン小中学園,クラスジャパン,申込直前,申し込み,クラスジャパン 申し込み,値あり,
クラスジャパン小中学園,クラスジャパン,申込直前,入会,クラスジャパン 入会,値あり,
クラスジャパン小中学園,クラスジャパン,発達特性との相性,発達障害,クラスジャパン 発達障害,値あり,
クラスジャパン小中学園,クラスジャパン,発達特性との相性,発達障がい,クラスジャパン 発達障がい,値あり,
クラスジャパン小中学園,クラスジャパン,発達特性との相性,グレーゾーン,クラスジャパン グレーゾーン,値あり,
クラスジャパン小中学園,クラスジャパン,発達特性との相性,ADHD,クラスジャパン ADHD,値あり,
クラスジャパン小中学園,クラスジャパン,発達特性との相性,ASD,クラスジャパン ASD,値あり,
クラスジャパン小中学園,クラスジャパン,発達特性との相性,自閉症,クラスジャパン 自閉症,値あり,
クラスジャパン小中学園,クラスジャパン,発達特性との相性,LD,クラスジャパン LD,値あり,
クラスジャパン小中学園,クラスジャパン,発達特性との相性,学習障害,クラスジャパン 学習障害,値あり,
クラスジャパン小中学園,クラスジャパン,発達特性との相性,境界知能,クラスジャパン 境界知能,値あり,
クラスジャパン小中学園,クラスジャパン,発達特性との相性,不登校,クラスジャパン 不登校,値あり,10
クラスジャパン小中学園,クラスジャパン,対象・用途,小学生,クラスジャパン 小学生,値あり,
クラスジャパン小中学園,クラスジャパン,対象・用途,中学生,クラスジャパン 中学生,値あり,
クラスジャパン小中学園,クラスジャパン,対象・用途,高校生,クラスジャパン 高校生,値あり,
クラスジャパン小中学園,クラスジャパン,対象・用途,高校受験,クラスジャパン 高校受験,値あり,
クラスジャパン小中学園,クラスジャパン,対象・用途,中学受験,クラスジャパン 中学受験,値あり,
クラスジャパン小中学園,クラスジャパン,対象・用途,大学受験,クラスジャパン 大学受験,値あり,
クラスジャパン小中学園,クラスジャパン,追加：SERP・サジェスト由来,評判 悪い,クラスジャパン 評判 悪い,値あり,
クラスジャパン小中学園,クラスジャパン,追加：SERP・サジェスト由来,やばい,クラスジャパン やばい,値あり,
クラスジャパン小中学園,クラスジャパン,追加：SERP・サジェスト由来,知恵袋,クラスジャパン 知恵袋,値あり,
クラスジャパン小中学園,クラスジャパン,追加：SERP・サジェスト由来,2ch,クラスジャパン 2ch,値あり,
クラスジャパン小中学園,クラスジャパン,追加：SERP・サジェスト由来,料金表,クラスジャパン 料金表,値あり,
クラスジャパン小中学園,クラスジャパン,追加：SERP・サジェスト由来,授業料,クラスジャパン 授業料,値あり,
クラスジャパン小中学園,クラスジャパン,追加：SERP・サジェスト由来,夏期講習,クラスジャパン 夏期講習,値あり,
クラスジャパン小中学園,クラスジャパン,追加：SERP・サジェスト由来,意味ない,クラスジャパン 意味ない,値あり,
クラスジャパン小中学園,クラスジャパン,追加：SERP・サジェスト由来,バイト,クラスジャパン バイト,値あり,
クラスジャパン小中学園,クラスジャパン,追加：SERP・サジェスト由来,求人,クラスジャパン 求人,値あり,10
クラスジャパン小中学園,クラスジャパン,追加：KWP KeywordSeed由来,クチコミ,クラスジャパン クチコミ,値あり,
クラスジャパン小中学園,クラスジャパン,追加：KWP KeywordSeed由来,やめとけ,クラスジャパン やめとけ,値あり,
クラスジャパン小中学園,クラスジャパン,追加：KWP KeywordSeed由来,合格実績,クラスジャパン 合格実績,値あり,
クラスジャパン小中学園,クラスジャパン,追加：KWP KeywordSeed由来,時間割,クラスジャパン 時間割,値あり,
クラスジャパン小中学園,クラスジャパン,追加：KWP KeywordSeed由来,キャンペーン,クラスジャパン キャンペーン,値あり,
クラスジャパン小中学園,クラスジャパン,追加：KWP KeywordSeed由来,割引,クラスジャパン 割引,値あり,
クラスジャパン小中学園,クラスジャパン,追加：KWP KeywordSeed由来,コース,クラスジャパン コース,値あり,
クラスジャパン小中学園,クラスジャパン,追加：KWP KeywordSeed由来,春期講習,クラスジャパン 春期講習,値あり,
クラスジャパン小中学園,クラスジャパン,追加：KWP KeywordSeed由来,冬期講習,クラスジャパン 冬期講習,値あり,
クラスジャパン小中学園,クラスジャパン,追加：KWP KeywordSeed由来,電話番号,クラスジャパン 電話番号,値あり,
クラスジャパン小中学園,クラスジャパン,追加：KWP KeywordSeed由来,ホームページ,クラスジャパン ホームページ,値あり,
クラスジャパン小中学園,クラスジャパン,追加：KWP KeywordSeed由来,株式会社,クラスジャパン 株式会社,値あり,
クラスジャパン小中学園,クラスジャパン,追加：KWP KeywordSeed由来,講師,クラスジャパン 講師,値あり,
クラスジャパン小中学園,クラスジャパン,追加：KWP KeywordSeed由来,とは,クラスジャパン とは,値あり,
クラスジャパン小中学園,クラスジャパン,発達特性×口コミ,発達障害 口コミ,クラスジャパン 発達障害 口コミ,値あり,
クラスジャパン小中学園,クラスジャパン,発達特性×口コミ,発達障がい 口コミ,クラスジャパン 発達障がい 口コミ,値あり,
クラスジャパン小中学園,クラスジャパン,発達特性×口コミ,グレーゾーン 口コミ,クラスジャパン グレーゾーン 口コミ,値あり,
クラスジャパン小中学園,クラスジャパン,発達特性×口コミ,ADHD 口コミ,クラスジャパン ADHD 口コミ,値あり,
クラスジャパン小中学園,クラスジャパン,発達特性×口コミ,ASD 口コミ,クラスジャパン ASD 口コミ,値あり,
クラスジャパン小中学園,クラスジャパン,発達特性×口コミ,自閉症 口コミ,クラスジャパン 自閉症 口コミ,値あり,
クラスジャパン小中学園,クラスジャパン,発達特性×口コミ,LD 口コミ,クラスジャパン LD 口コミ,値あり,
クラスジャパン小中学園,クラスジャパン,発達特性×口コミ,学習障害 口コミ,クラスジャパン 学習障害 口コミ,値あり,
クラスジャパン小中学園,クラスジャパン,発達特性×口コミ,境界知能 口コミ,クラスジャパン 境界知能 口コミ,値あり,
クラスジャパン小中学園,クラスジャパン,発達特性×口コミ,不登校 口コミ,クラスジャパン 不登校 口コミ,値あり,
クラスジャパン小中学園,クラスジャパン,発達特性×評判,発達障害 評判,クラスジャパン 発達障害 評判,値あり,
クラスジャパン小中学園,クラスジャパン,発達特性×評判,発達障がい 評判,クラスジャパン 発達障がい 評判,値あり,
クラスジャパン小中学園,クラスジャパン,発達特性×評判,グレーゾーン 評判,クラスジャパン グレーゾーン 評判,値あり,
クラスジャパン小中学園,クラスジャパン,発達特性×評判,ADHD 評判,クラスジャパン ADHD 評判,値あり,
クラスジャパン小中学園,クラスジャパン,発達特性×評判,ASD 評判,クラスジャパン ASD 評判,値あり,
クラスジャパン小中学園,クラスジャパン,発達特性×評判,自閉症 評判,クラスジャパン 自閉症 評判,値あり,
クラスジャパン小中学園,クラスジャパン,発達特性×評判,LD 評判,クラスジャパン LD 評判,値あり,
クラスジャパン小中学園,クラスジャパン,発達特性×評判,学習障害 評判,クラスジャパン 学習障害 評判,値あり,
クラスジャパン小中学園,クラスジャパン,発達特性×評判,境界知能 評判,クラスジャパン 境界知能 評判,値あり,
クラスジャパン小中学園,クラスジャパン,発達特性×評判,不登校 評判,クラスジャパン 不登校 評判,値あり,
クラスジャパン小中学園,クラスジャパン,発達特性×料金,発達障害 料金,クラスジャパン 発達障害 料金,値あり,
クラスジャパン小中学園,クラスジャパン,発達特性×料金,発達障がい 料金,クラスジャパン 発達障がい 料金,値あり,
クラスジャパン小中学園,クラスジャパン,発達特性×料金,グレーゾーン 料金,クラスジャパン グレーゾーン 料金,値あり,
クラスジャパン小中学園,クラスジャパン,発達特性×料金,ADHD 料金,クラスジャパン ADHD 料金,値あり,
クラスジャパン小中学園,クラスジャパン,発達特性×料金,ASD 料金,クラスジャパン ASD 料金,値あり,
クラスジャパン小中学園,クラスジャパン,発達特性×料金,自閉症 料金,クラスジャパン 自閉症 料金,値あり,
クラスジャパン小中学園,クラスジャパン,発達特性×料金,LD 料金,クラスジャパン LD 料金,値あり,
クラスジャパン小中学園,クラスジャパン,発達特性×料金,学習障害 料金,クラスジャパン 学習障害 料金,値あり,
クラスジャパン小中学園,クラスジャパン,発達特性×料金,境界知能 料金,クラスジャパン 境界知能 料金,値あり,
クラスジャパン小中学園,クラスジャパン,発達特性×料金,不登校 料金,クラスジャパン 不登校 料金,値あり,
クラスジャパン小中学園,クラスジャパン小中学園,評判・第三者評価,口コミ,クラスジャパン小中学園 口コミ,値あり,40
クラスジャパン小中学園,クラスジャパン小中学園,評判・第三者評価,評判,クラスジャパン小中学園 評判,値あり,10
クラスジャパン小中学園,クラスジャパン小中学園,評判・第三者評価,レビュー,クラスジャパン小中学園 レビュー,値あり,
クラスジャパン小中学園,クラスジャパン小中学園,評判・第三者評価,体験談,クラスジャパン小中学園 体験談,値あり,
クラスジャパン小中学園,クラスジャパン小中学園,評判・第三者評価,感想,クラスジャパン小中学園 感想,値あり,
クラスジャパン小中学園,クラスジャパン小中学園,評判・第三者評価,評価,クラスジャパン小中学園 評価,値あり,
クラスジャパン小中学園,クラスジャパン小中学園,料金・契約,料金,クラスジャパン小中学園 料金,値あり,10
クラスジャパン小中学園,クラスジャパン小中学園,料金・契約,費用,クラスジャパン小中学園 費用,値あり,
クラスジャパン小中学園,クラスジャパン小中学園,料金・契約,月謝,クラスジャパン小中学園 月謝,値あり,
クラスジャパン小中学園,クラスジャパン小中学園,料金・契約,値段,クラスジャパン小中学園 値段,値あり,
クラスジャパン小中学園,クラスジャパン小中学園,料金・契約,価格,クラスジャパン小中学園 価格,値あり,
クラスジャパン小中学園,クラスジャパン小中学園,料金・契約,入会金,クラスジャパン小中学園 入会金,値あり,
クラスジャパン小中学園,クラスジャパン小中学園,料金・契約,教材費,クラスジャパン小中学園 教材費,値あり,
クラスジャパン小中学園,クラスジャパン小中学園,料金・契約,高い,クラスジャパン小中学園 高い,値あり,
クラスジャパン小中学園,クラスジャパン小中学園,料金・契約,安い,クラスジャパン小中学園 安い,値あり,
クラスジャパン小中学園,クラスジャパン小中学園,比較・選択,比較,クラスジャパン小中学園 比較,値あり,
クラスジャパン小中学園,クラスジャパン小中学園,比較・選択,違い,クラスジャパン小中学園 違い,値あり,
クラスジャパン小中学園,クラスジャパン小中学園,比較・選択,どっち,クラスジャパン小中学園 どっち,値あり,
クラスジャパン小中学園,クラスジャパン小中学園,比較・選択,おすすめ,クラスジャパン小中学園 おすすめ,値あり,
クラスジャパン小中学園,クラスジャパン小中学園,比較・選択,他社,クラスジャパン小中学園 他社,値あり,
クラスジャパン小中学園,クラスジャパン小中学園,比較・選択,ランキング,クラスジャパン小中学園 ランキング,値あり,
クラスジャパン小中学園,クラスジャパン小中学園,不安・ネガティブ確認,デメリット,クラスジャパン小中学園 デメリット,値あり,
クラスジャパン小中学園,クラスジャパン小中学園,不安・ネガティブ確認,メリット,クラスジャパン小中学園 メリット,値あり,
クラスジャパン小中学園,クラスジャパン小中学園,不安・ネガティブ確認,怪しい,クラスジャパン小中学園 怪しい,値あり,
クラスジャパン小中学園,クラスジャパン小中学園,不安・ネガティブ確認,最悪,クラスジャパン小中学園 最悪,値あり,
クラスジャパン小中学園,クラスジャパン小中学園,不安・ネガティブ確認,失敗,クラスジャパン小中学園 失敗,値あり,
クラスジャパン小中学園,クラスジャパン小中学園,不安・ネガティブ確認,後悔,クラスジャパン小中学園 後悔,値あり,
クラスジャパン小中学園,クラスジャパン小中学園,不安・ネガティブ確認,合わない,クラスジャパン小中学園 合わない,値あり,
クラスジャパン小中学園,クラスジャパン小中学園,不安・ネガティブ確認,向いてない,クラスジャパン小中学園 向いてない,値あり,
クラスジャパン小中学園,クラスジャパン小中学園,不安・ネガティブ確認,やめたい,クラスジャパン小中学園 やめたい,値あり,
クラスジャパン小中学園,クラスジャパン小中学園,不安・ネガティブ確認,辞めたい,クラスジャパン小中学園 辞めたい,値あり,
クラスジャパン小中学園,クラスジャパン小中学園,不安・ネガティブ確認,退会,クラスジャパン小中学園 退会,値あり,
クラスジャパン小中学園,クラスジャパン小中学園,不安・ネガティブ確認,解約,クラスジャパン小中学園 解約,値あり,
クラスジャパン小中学園,クラスジャパン小中学園,申込直前,無料体験,クラスジャパン小中学園 無料体験,値あり,
クラスジャパン小中学園,クラスジャパン小中学園,申込直前,体験,クラスジャパン小中学園 体験,値あり,
クラスジャパン小中学園,クラスジャパン小中学園,申込直前,体験授業,クラスジャパン小中学園 体験授業,値あり,
クラスジャパン小中学園,クラスジャパン小中学園,申込直前,無料相談,クラスジャパン小中学園 無料相談,値あり,
クラスジャパン小中学園,クラスジャパン小中学園,申込直前,資料請求,クラスジャパン小中学園 資料請求,値あり,
クラスジャパン小中学園,クラスジャパン小中学園,申込直前,申し込み,クラスジャパン小中学園 申し込み,値あり,
クラスジャパン小中学園,クラスジャパン小中学園,申込直前,入会,クラスジャパン小中学園 入会,値あり,
クラスジャパン小中学園,クラスジャパン小中学園,発達特性との相性,発達障害,クラスジャパン小中学園 発達障害,値あり,
クラスジャパン小中学園,クラスジャパン小中学園,発達特性との相性,発達障がい,クラスジャパン小中学園 発達障がい,値あり,
クラスジャパン小中学園,クラスジャパン小中学園,発達特性との相性,グレーゾーン,クラスジャパン小中学園 グレーゾーン,値あり,
クラスジャパン小中学園,クラスジャパン小中学園,発達特性との相性,ADHD,クラスジャパン小中学園 ADHD,値あり,
クラスジャパン小中学園,クラスジャパン小中学園,発達特性との相性,ASD,クラスジャパン小中学園 ASD,値あり,
クラスジャパン小中学園,クラスジャパン小中学園,発達特性との相性,自閉症,クラスジャパン小中学園 自閉症,値あり,
クラスジャパン小中学園,クラスジャパン小中学園,発達特性との相性,LD,クラスジャパン小中学園 LD,値あり,
クラスジャパン小中学園,クラスジャパン小中学園,発達特性との相性,学習障害,クラスジャパン小中学園 学習障害,値あり,
クラスジャパン小中学園,クラスジャパン小中学園,発達特性との相性,境界知能,クラスジャパン小中学園 境界知能,値あり,
クラスジャパン小中学園,クラスジャパン小中学園,発達特性との相性,不登校,クラスジャパン小中学園 不登校,値あり,
クラスジャパン小中学園,クラスジャパン小中学園,対象・用途,小学生,クラスジャパン小中学園 小学生,値あり,
クラスジャパン小中学園,クラスジャパン小中学園,対象・用途,中学生,クラスジャパン小中学園 中学生,値あり,
クラスジャパン小中学園,クラスジャパン小中学園,対象・用途,高校生,クラスジャパン小中学園 高校生,値あり,
クラスジャパン小中学園,クラスジャパン小中学園,対象・用途,高校受験,クラスジャパン小中学園 高校受験,値あり,
クラスジャパン小中学園,クラスジャパン小中学園,対象・用途,中学受験,クラスジャパン小中学園 中学受験,値あり,
クラスジャパン小中学園,クラスジャパン小中学園,対象・用途,大学受験,クラスジャパン小中学園 大学受験,値あり,
クラスジャパン小中学園,クラスジャパン小中学園,追加：SERP・サジェスト由来,評判 悪い,クラスジャパン小中学園 評判 悪い,値あり,
クラスジャパン小中学園,クラスジャパン小中学園,追加：SERP・サジェスト由来,やばい,クラスジャパン小中学園 やばい,値あり,
クラスジャパン小中学園,クラスジャパン小中学園,追加：SERP・サジェスト由来,知恵袋,クラスジャパン小中学園 知恵袋,値あり,
クラスジャパン小中学園,クラスジャパン小中学園,追加：SERP・サジェスト由来,2ch,クラスジャパン小中学園 2ch,値あり,
クラスジャパン小中学園,クラスジャパン小中学園,追加：SERP・サジェスト由来,料金表,クラスジャパン小中学園 料金表,値あり,
クラスジャパン小中学園,クラスジャパン小中学園,追加：SERP・サジェスト由来,授業料,クラスジャパン小中学園 授業料,値あり,
クラスジャパン小中学園,クラスジャパン小中学園,追加：SERP・サジェスト由来,夏期講習,クラスジャパン小中学園 夏期講習,値あり,
クラスジャパン小中学園,クラスジャパン小中学園,追加：SERP・サジェスト由来,意味ない,クラスジャパン小中学園 意味ない,値あり,
クラスジャパン小中学園,クラスジャパン小中学園,追加：SERP・サジェスト由来,バイト,クラスジャパン小中学園 バイト,値あり,
クラスジャパン小中学園,クラスジャパン小中学園,追加：SERP・サジェスト由来,求人,クラスジャパン小中学園 求人,値あり,
クラスジャパン小中学園,クラスジャパン小中学園,追加：KWP KeywordSeed由来,クチコミ,クラスジャパン小中学園 クチコミ,値あり,
クラスジャパン小中学園,クラスジャパン小中学園,追加：KWP KeywordSeed由来,やめとけ,クラスジャパン小中学園 やめとけ,値あり,
クラスジャパン小中学園,クラスジャパン小中学園,追加：KWP KeywordSeed由来,合格実績,クラスジャパン小中学園 合格実績,値あり,
クラスジャパン小中学園,クラスジャパン小中学園,追加：KWP KeywordSeed由来,時間割,クラスジャパン小中学園 時間割,値あり,
クラスジャパン小中学園,クラスジャパン小中学園,追加：KWP KeywordSeed由来,キャンペーン,クラスジャパン小中学園 キャンペーン,値あり,
クラスジャパン小中学園,クラスジャパン小中学園,追加：KWP KeywordSeed由来,割引,クラスジャパン小中学園 割引,値あり,
クラスジャパン小中学園,クラスジャパン小中学園,追加：KWP KeywordSeed由来,コース,クラスジャパン小中学園 コース,値あり,
クラスジャパン小中学園,クラスジャパン小中学園,追加：KWP KeywordSeed由来,春期講習,クラスジャパン小中学園 春期講習,値あり,
クラスジャパン小中学園,クラスジャパン小中学園,追加：KWP KeywordSeed由来,冬期講習,クラスジャパン小中学園 冬期講習,値あり,
クラスジャパン小中学園,クラスジャパン小中学園,追加：KWP KeywordSeed由来,電話番号,クラスジャパン小中学園 電話番号,値あり,
クラスジャパン小中学園,クラスジャパン小中学園,追加：KWP KeywordSeed由来,ホームページ,クラスジャパン小中学園 ホームページ,値あり,
クラスジャパン小中学園,クラスジャパン小中学園,追加：KWP KeywordSeed由来,株式会社,クラスジャパン小中学園 株式会社,値あり,
クラスジャパン小中学園,クラスジャパン小中学園,追加：KWP KeywordSeed由来,講師,クラスジャパン小中学園 講師,値あり,
クラスジャパン小中学園,クラスジャパン小中学園,追加：KWP KeywordSeed由来,とは,クラスジャパン小中学園 とは,値あり,
トウコベ,トウコベ,評判・第三者評価,口コミ,トウコベ 口コミ,値あり,590
トウコベ,トウコベ,評判・第三者評価,評判,トウコベ 評判,値あり,90
トウコベ,トウコベ,評判・第三者評価,レビュー,トウコベ レビュー,値あり,10
トウコベ,トウコベ,評判・第三者評価,体験談,トウコベ 体験談,値あり,
トウコベ,トウコベ,評判・第三者評価,感想,トウコベ 感想,値あり,
トウコベ,トウコベ,評判・第三者評価,評価,トウコベ 評価,値あり,
トウコベ,トウコベ,料金・契約,料金,トウコベ 料金,値あり,880
トウコベ,トウコベ,料金・契約,費用,トウコベ 費用,値あり,20
トウコベ,トウコベ,料金・契約,月謝,トウコベ 月謝,値あり,
トウコベ,トウコベ,料金・契約,値段,トウコベ 値段,値あり,
トウコベ,トウコベ,料金・契約,価格,トウコベ 価格,値あり,
トウコベ,トウコベ,料金・契約,入会金,トウコベ 入会金,値あり,
トウコベ,トウコベ,料金・契約,教材費,トウコベ 教材費,値あり,
トウコベ,トウコベ,料金・契約,高い,トウコベ 高い,値あり,10
トウコベ,トウコベ,料金・契約,安い,トウコベ 安い,値あり,
トウコベ,トウコベ,比較・選択,比較,トウコベ 比較,値あり,
トウコベ,トウコベ,比較・選択,違い,トウコベ 違い,値あり,
トウコベ,トウコベ,比較・選択,どっち,トウコベ どっち,値あり,
トウコベ,トウコベ,比較・選択,おすすめ,トウコベ おすすめ,値あり,
トウコベ,トウコベ,比較・選択,他社,トウコベ 他社,値あり,
トウコベ,トウコベ,比較・選択,ランキング,トウコベ ランキング,値あり,
トウコベ,トウコベ,不安・ネガティブ確認,デメリット,トウコベ デメリット,値あり,
トウコベ,トウコベ,不安・ネガティブ確認,メリット,トウコベ メリット,値あり,
トウコベ,トウコベ,不安・ネガティブ確認,怪しい,トウコベ 怪しい,値あり,90
トウコベ,トウコベ,不安・ネガティブ確認,最悪,トウコベ 最悪,値あり,
トウコベ,トウコベ,不安・ネガティブ確認,失敗,トウコベ 失敗,値あり,
トウコベ,トウコベ,不安・ネガティブ確認,後悔,トウコベ 後悔,値あり,
トウコベ,トウコベ,不安・ネガティブ確認,合わない,トウコベ 合わない,値あり,
トウコベ,トウコベ,不安・ネガティブ確認,向いてない,トウコベ 向いてない,値あり,
トウコベ,トウコベ,不安・ネガティブ確認,やめたい,トウコベ やめたい,値あり,
トウコベ,トウコベ,不安・ネガティブ確認,辞めたい,トウコベ 辞めたい,値あり,50
トウコベ,トウコベ,不安・ネガティブ確認,退会,トウコベ 退会,値あり,30
トウコベ,トウコベ,不安・ネガティブ確認,解約,トウコベ 解約,値あり,
トウコベ,トウコベ,申込直前,無料体験,トウコベ 無料体験,値あり,
トウコベ,トウコベ,申込直前,体験,トウコベ 体験,値あり,
トウコベ,トウコベ,申込直前,体験授業,トウコベ 体験授業,値あり,
トウコベ,トウコベ,申込直前,無料相談,トウコベ 無料相談,値あり,
トウコベ,トウコベ,申込直前,資料請求,トウコベ 資料請求,値あり,
トウコベ,トウコベ,申込直前,申し込み,トウコベ 申し込み,値あり,
トウコベ,トウコベ,申込直前,入会,トウコベ 入会,値あり,
トウコベ,トウコベ,発達特性との相性,発達障害,トウコベ 発達障害,値あり,
トウコベ,トウコベ,発達特性との相性,発達障がい,トウコベ 発達障がい,値あり,
トウコベ,トウコベ,発達特性との相性,グレーゾーン,トウコベ グレーゾーン,値あり,
トウコベ,トウコベ,発達特性との相性,ADHD,トウコベ ADHD,値あり,
トウコベ,トウコベ,発達特性との相性,ASD,トウコベ ASD,値あり,
トウコベ,トウコベ,発達特性との相性,自閉症,トウコベ 自閉症,値あり,
トウコベ,トウコベ,発達特性との相性,LD,トウコベ LD,値あり,
トウコベ,トウコベ,発達特性との相性,学習障害,トウコベ 学習障害,値あり,
トウコベ,トウコベ,発達特性との相性,境界知能,トウコベ 境界知能,値あり,
トウコベ,トウコベ,発達特性との相性,不登校,トウコベ 不登校,値あり,
トウコベ,トウコベ,対象・用途,小学生,トウコベ 小学生,値あり,
トウコベ,トウコベ,対象・用途,中学生,トウコベ 中学生,値あり,
トウコベ,トウコベ,対象・用途,高校生,トウコベ 高校生,値あり,
トウコベ,トウコベ,対象・用途,高校受験,トウコベ 高校受験,値あり,
トウコベ,トウコベ,対象・用途,中学受験,トウコベ 中学受験,値あり,20
トウコベ,トウコベ,対象・用途,大学受験,トウコベ 大学受験,値あり,
トウコベ,トウコベ,追加：SERP・サジェスト由来,評判 悪い,トウコベ 評判 悪い,値あり,
トウコベ,トウコベ,追加：SERP・サジェスト由来,やばい,トウコベ やばい,値あり,
トウコベ,トウコベ,追加：SERP・サジェスト由来,知恵袋,トウコベ 知恵袋,値あり,40
トウコベ,トウコベ,追加：SERP・サジェスト由来,2ch,トウコベ 2ch,値あり,
トウコベ,トウコベ,追加：SERP・サジェスト由来,料金表,トウコベ 料金表,値あり,
トウコベ,トウコベ,追加：SERP・サジェスト由来,授業料,トウコベ 授業料,値あり,10
トウコベ,トウコベ,追加：SERP・サジェスト由来,夏期講習,トウコベ 夏期講習,値あり,
トウコベ,トウコベ,追加：SERP・サジェスト由来,意味ない,トウコベ 意味ない,値あり,
トウコベ,トウコベ,追加：SERP・サジェスト由来,バイト,トウコベ バイト,値あり,140
トウコベ,トウコベ,追加：SERP・サジェスト由来,求人,トウコベ 求人,値あり,
トウコベ,トウコベ,追加：KWP KeywordSeed由来,クチコミ,トウコベ クチコミ,値あり,10
トウコベ,トウコベ,追加：KWP KeywordSeed由来,やめとけ,トウコベ やめとけ,値あり,
トウコベ,トウコベ,追加：KWP KeywordSeed由来,合格実績,トウコベ 合格実績,値あり,10
トウコベ,トウコベ,追加：KWP KeywordSeed由来,時間割,トウコベ 時間割,値あり,
トウコベ,トウコベ,追加：KWP KeywordSeed由来,キャンペーン,トウコベ キャンペーン,値あり,10
トウコベ,トウコベ,追加：KWP KeywordSeed由来,割引,トウコベ 割引,値あり,
トウコベ,トウコベ,追加：KWP KeywordSeed由来,コース,トウコベ コース,値あり,
トウコベ,トウコベ,追加：KWP KeywordSeed由来,春期講習,トウコベ 春期講習,値あり,
トウコベ,トウコベ,追加：KWP KeywordSeed由来,冬期講習,トウコベ 冬期講習,値あり,
トウコベ,トウコベ,追加：KWP KeywordSeed由来,電話番号,トウコベ 電話番号,値あり,
トウコベ,トウコベ,追加：KWP KeywordSeed由来,ホームページ,トウコベ ホームページ,値あり,
トウコベ,トウコベ,追加：KWP KeywordSeed由来,株式会社,トウコベ 株式会社,値あり,
トウコベ,トウコベ,追加：KWP KeywordSeed由来,講師,トウコベ 講師,値あり,20
トウコベ,トウコベ,追加：KWP KeywordSeed由来,とは,トウコベ とは,値あり,
トウコベ,トウコベ,発達特性×口コミ,発達障害 口コミ,トウコベ 発達障害 口コミ,値あり,
トウコベ,トウコベ,発達特性×口コミ,発達障がい 口コミ,トウコベ 発達障がい 口コミ,値あり,
トウコベ,トウコベ,発達特性×口コミ,グレーゾーン 口コミ,トウコベ グレーゾーン 口コミ,値あり,
トウコベ,トウコベ,発達特性×口コミ,ADHD 口コミ,トウコベ ADHD 口コミ,値あり,
トウコベ,トウコベ,発達特性×口コミ,ASD 口コミ,トウコベ ASD 口コミ,値あり,
トウコベ,トウコベ,発達特性×口コミ,自閉症 口コミ,トウコベ 自閉症 口コミ,値あり,
トウコベ,トウコベ,発達特性×口コミ,LD 口コミ,トウコベ LD 口コミ,値あり,
トウコベ,トウコベ,発達特性×口コミ,学習障害 口コミ,トウコベ 学習障害 口コミ,値あり,
トウコベ,トウコベ,発達特性×口コミ,境界知能 口コミ,トウコベ 境界知能 口コミ,値あり,
トウコベ,トウコベ,発達特性×口コミ,不登校 口コミ,トウコベ 不登校 口コミ,値あり,
トウコベ,トウコベ,発達特性×評判,発達障害 評判,トウコベ 発達障害 評判,値あり,
トウコベ,トウコベ,発達特性×評判,発達障がい 評判,トウコベ 発達障がい 評判,値あり,
トウコベ,トウコベ,発達特性×評判,グレーゾーン 評判,トウコベ グレーゾーン 評判,値あり,
トウコベ,トウコベ,発達特性×評判,ADHD 評判,トウコベ ADHD 評判,値あり,
トウコベ,トウコベ,発達特性×評判,ASD 評判,トウコベ ASD 評判,値あり,
トウコベ,トウコベ,発達特性×評判,自閉症 評判,トウコベ 自閉症 評判,値あり,
トウコベ,トウコベ,発達特性×評判,LD 評判,トウコベ LD 評判,値あり,
トウコベ,トウコベ,発達特性×評判,学習障害 評判,トウコベ 学習障害 評判,値あり,
トウコベ,トウコベ,発達特性×評判,境界知能 評判,トウコベ 境界知能 評判,値あり,
トウコベ,トウコベ,発達特性×評判,不登校 評判,トウコベ 不登校 評判,値あり,
トウコベ,トウコベ,発達特性×料金,発達障害 料金,トウコベ 発達障害 料金,値あり,
トウコベ,トウコベ,発達特性×料金,発達障がい 料金,トウコベ 発達障がい 料金,値あり,
トウコベ,トウコベ,発達特性×料金,グレーゾーン 料金,トウコベ グレーゾーン 料金,値あり,
トウコベ,トウコベ,発達特性×料金,ADHD 料金,トウコベ ADHD 料金,値あり,
トウコベ,トウコベ,発達特性×料金,ASD 料金,トウコベ ASD 料金,値あり,
トウコベ,トウコベ,発達特性×料金,自閉症 料金,トウコベ 自閉症 料金,値あり,
トウコベ,トウコベ,発達特性×料金,LD 料金,トウコベ LD 料金,値あり,
トウコベ,トウコベ,発達特性×料金,学習障害 料金,トウコベ 学習障害 料金,値あり,
トウコベ,トウコベ,発達特性×料金,境界知能 料金,トウコベ 境界知能 料金,値あり,
トウコベ,トウコベ,発達特性×料金,不登校 料金,トウコベ 不登校 料金,値あり,
青楓館高等学院,青楓館高等学院,評判・第三者評価,口コミ,青楓館高等学院 口コミ,値あり,70
青楓館高等学院,青楓館高等学院,評判・第三者評価,評判,青楓館高等学院 評判,値あり,
青楓館高等学院,青楓館高等学院,評判・第三者評価,レビュー,青楓館高等学院 レビュー,値あり,10
青楓館高等学院,青楓館高等学院,評判・第三者評価,体験談,青楓館高等学院 体験談,値あり,
青楓館高等学院,青楓館高等学院,評判・第三者評価,感想,青楓館高等学院 感想,値あり,
青楓館高等学院,青楓館高等学院,評判・第三者評価,評価,青楓館高等学院 評価,値あり,
青楓館高等学院,青楓館高等学院,料金・契約,料金,青楓館高等学院 料金,値あり,
青楓館高等学院,青楓館高等学院,料金・契約,費用,青楓館高等学院 費用,値あり,
青楓館高等学院,青楓館高等学院,料金・契約,月謝,青楓館高等学院 月謝,値あり,
青楓館高等学院,青楓館高等学院,料金・契約,値段,青楓館高等学院 値段,値あり,
青楓館高等学院,青楓館高等学院,料金・契約,価格,青楓館高等学院 価格,値あり,
青楓館高等学院,青楓館高等学院,料金・契約,入会金,青楓館高等学院 入会金,値あり,
青楓館高等学院,青楓館高等学院,料金・契約,教材費,青楓館高等学院 教材費,値あり,
青楓館高等学院,青楓館高等学院,料金・契約,高い,青楓館高等学院 高い,値あり,
青楓館高等学院,青楓館高等学院,料金・契約,安い,青楓館高等学院 安い,値あり,
青楓館高等学院,青楓館高等学院,比較・選択,比較,青楓館高等学院 比較,値あり,
青楓館高等学院,青楓館高等学院,比較・選択,違い,青楓館高等学院 違い,値あり,
青楓館高等学院,青楓館高等学院,比較・選択,どっち,青楓館高等学院 どっち,値あり,
青楓館高等学院,青楓館高等学院,比較・選択,おすすめ,青楓館高等学院 おすすめ,値あり,
青楓館高等学院,青楓館高等学院,比較・選択,他社,青楓館高等学院 他社,値あり,
青楓館高等学院,青楓館高等学院,比較・選択,ランキング,青楓館高等学院 ランキング,値あり,
青楓館高等学院,青楓館高等学院,不安・ネガティブ確認,デメリット,青楓館高等学院 デメリット,値あり,
青楓館高等学院,青楓館高等学院,不安・ネガティブ確認,メリット,青楓館高等学院 メリット,値あり,
青楓館高等学院,青楓館高等学院,不安・ネガティブ確認,怪しい,青楓館高等学院 怪しい,値あり,140
青楓館高等学院,青楓館高等学院,不安・ネガティブ確認,最悪,青楓館高等学院 最悪,値あり,
青楓館高等学院,青楓館高等学院,不安・ネガティブ確認,失敗,青楓館高等学院 失敗,値あり,
青楓館高等学院,青楓館高等学院,不安・ネガティブ確認,後悔,青楓館高等学院 後悔,値あり,
青楓館高等学院,青楓館高等学院,不安・ネガティブ確認,合わない,青楓館高等学院 合わない,値あり,
青楓館高等学院,青楓館高等学院,不安・ネガティブ確認,向いてない,青楓館高等学院 向いてない,値あり,
青楓館高等学院,青楓館高等学院,不安・ネガティブ確認,やめたい,青楓館高等学院 やめたい,値あり,
青楓館高等学院,青楓館高等学院,不安・ネガティブ確認,辞めたい,青楓館高等学院 辞めたい,値あり,
青楓館高等学院,青楓館高等学院,不安・ネガティブ確認,退会,青楓館高等学院 退会,値あり,
青楓館高等学院,青楓館高等学院,不安・ネガティブ確認,解約,青楓館高等学院 解約,値あり,
青楓館高等学院,青楓館高等学院,申込直前,無料体験,青楓館高等学院 無料体験,値あり,
青楓館高等学院,青楓館高等学院,申込直前,体験,青楓館高等学院 体験,値あり,
青楓館高等学院,青楓館高等学院,申込直前,体験授業,青楓館高等学院 体験授業,値あり,
青楓館高等学院,青楓館高等学院,申込直前,無料相談,青楓館高等学院 無料相談,値あり,
青楓館高等学院,青楓館高等学院,申込直前,資料請求,青楓館高等学院 資料請求,値あり,
青楓館高等学院,青楓館高等学院,申込直前,申し込み,青楓館高等学院 申し込み,値あり,
青楓館高等学院,青楓館高等学院,申込直前,入会,青楓館高等学院 入会,値あり,
青楓館高等学院,青楓館高等学院,発達特性との相性,発達障害,青楓館高等学院 発達障害,値あり,
青楓館高等学院,青楓館高等学院,発達特性との相性,発達障がい,青楓館高等学院 発達障がい,値あり,
青楓館高等学院,青楓館高等学院,発達特性との相性,グレーゾーン,青楓館高等学院 グレーゾーン,値あり,
青楓館高等学院,青楓館高等学院,発達特性との相性,ADHD,青楓館高等学院 ADHD,値あり,
青楓館高等学院,青楓館高等学院,発達特性との相性,ASD,青楓館高等学院 ASD,値あり,
青楓館高等学院,青楓館高等学院,発達特性との相性,自閉症,青楓館高等学院 自閉症,値あり,
青楓館高等学院,青楓館高等学院,発達特性との相性,LD,青楓館高等学院 LD,値あり,
青楓館高等学院,青楓館高等学院,発達特性との相性,学習障害,青楓館高等学院 学習障害,値あり,
青楓館高等学院,青楓館高等学院,発達特性との相性,境界知能,青楓館高等学院 境界知能,値あり,
青楓館高等学院,青楓館高等学院,発達特性との相性,不登校,青楓館高等学院 不登校,値あり,
青楓館高等学院,青楓館高等学院,対象・用途,小学生,青楓館高等学院 小学生,値あり,
青楓館高等学院,青楓館高等学院,対象・用途,中学生,青楓館高等学院 中学生,値あり,
青楓館高等学院,青楓館高等学院,対象・用途,高校生,青楓館高等学院 高校生,値あり,
青楓館高等学院,青楓館高等学院,対象・用途,高校受験,青楓館高等学院 高校受験,値あり,
青楓館高等学院,青楓館高等学院,対象・用途,中学受験,青楓館高等学院 中学受験,値あり,
青楓館高等学院,青楓館高等学院,対象・用途,大学受験,青楓館高等学院 大学受験,値あり,
青楓館高等学院,青楓館高等学院,追加：SERP・サジェスト由来,評判 悪い,青楓館高等学院 評判 悪い,値あり,
青楓館高等学院,青楓館高等学院,追加：SERP・サジェスト由来,やばい,青楓館高等学院 やばい,値あり,
青楓館高等学院,青楓館高等学院,追加：SERP・サジェスト由来,知恵袋,青楓館高等学院 知恵袋,値あり,
青楓館高等学院,青楓館高等学院,追加：SERP・サジェスト由来,2ch,青楓館高等学院 2ch,値あり,
青楓館高等学院,青楓館高等学院,追加：SERP・サジェスト由来,料金表,青楓館高等学院 料金表,値あり,
青楓館高等学院,青楓館高等学院,追加：SERP・サジェスト由来,授業料,青楓館高等学院 授業料,値あり,
青楓館高等学院,青楓館高等学院,追加：SERP・サジェスト由来,夏期講習,青楓館高等学院 夏期講習,値あり,
青楓館高等学院,青楓館高等学院,追加：SERP・サジェスト由来,意味ない,青楓館高等学院 意味ない,値あり,
青楓館高等学院,青楓館高等学院,追加：SERP・サジェスト由来,バイト,青楓館高等学院 バイト,値あり,
青楓館高等学院,青楓館高等学院,追加：SERP・サジェスト由来,求人,青楓館高等学院 求人,値あり,30
青楓館高等学院,青楓館高等学院,追加：KWP KeywordSeed由来,クチコミ,青楓館高等学院 クチコミ,値あり,0
青楓館高等学院,青楓館高等学院,追加：KWP KeywordSeed由来,やめとけ,青楓館高等学院 やめとけ,値あり,
青楓館高等学院,青楓館高等学院,追加：KWP KeywordSeed由来,合格実績,青楓館高等学院 合格実績,値あり,
青楓館高等学院,青楓館高等学院,追加：KWP KeywordSeed由来,時間割,青楓館高等学院 時間割,値あり,
青楓館高等学院,青楓館高等学院,追加：KWP KeywordSeed由来,キャンペーン,青楓館高等学院 キャンペーン,値あり,
青楓館高等学院,青楓館高等学院,追加：KWP KeywordSeed由来,割引,青楓館高等学院 割引,値あり,
青楓館高等学院,青楓館高等学院,追加：KWP KeywordSeed由来,コース,青楓館高等学院 コース,値あり,
青楓館高等学院,青楓館高等学院,追加：KWP KeywordSeed由来,春期講習,青楓館高等学院 春期講習,値あり,
青楓館高等学院,青楓館高等学院,追加：KWP KeywordSeed由来,冬期講習,青楓館高等学院 冬期講習,値あり,
青楓館高等学院,青楓館高等学院,追加：KWP KeywordSeed由来,電話番号,青楓館高等学院 電話番号,値あり,
青楓館高等学院,青楓館高等学院,追加：KWP KeywordSeed由来,ホームページ,青楓館高等学院 ホームページ,値あり,
青楓館高等学院,青楓館高等学院,追加：KWP KeywordSeed由来,株式会社,青楓館高等学院 株式会社,値あり,
青楓館高等学院,青楓館高等学院,追加：KWP KeywordSeed由来,講師,青楓館高等学院 講師,値あり,
青楓館高等学院,青楓館高等学院,追加：KWP KeywordSeed由来,とは,青楓館高等学院 とは,値あり,
青楓館高等学院,青楓館高等学院,発達特性×口コミ,発達障害 口コミ,青楓館高等学院 発達障害 口コミ,値あり,
青楓館高等学院,青楓館高等学院,発達特性×口コミ,発達障がい 口コミ,青楓館高等学院 発達障がい 口コミ,値あり,
青楓館高等学院,青楓館高等学院,発達特性×口コミ,グレーゾーン 口コミ,青楓館高等学院 グレーゾーン 口コミ,値あり,
青楓館高等学院,青楓館高等学院,発達特性×口コミ,ADHD 口コミ,青楓館高等学院 ADHD 口コミ,値あり,
青楓館高等学院,青楓館高等学院,発達特性×口コミ,ASD 口コミ,青楓館高等学院 ASD 口コミ,値あり,
青楓館高等学院,青楓館高等学院,発達特性×口コミ,自閉症 口コミ,青楓館高等学院 自閉症 口コミ,値あり,
青楓館高等学院,青楓館高等学院,発達特性×口コミ,LD 口コミ,青楓館高等学院 LD 口コミ,値あり,
青楓館高等学院,青楓館高等学院,発達特性×口コミ,学習障害 口コミ,青楓館高等学院 学習障害 口コミ,値あり,
青楓館高等学院,青楓館高等学院,発達特性×口コミ,境界知能 口コミ,青楓館高等学院 境界知能 口コミ,値あり,
青楓館高等学院,青楓館高等学院,発達特性×口コミ,不登校 口コミ,青楓館高等学院 不登校 口コミ,値あり,
青楓館高等学院,青楓館高等学院,発達特性×評判,発達障害 評判,青楓館高等学院 発達障害 評判,値あり,
青楓館高等学院,青楓館高等学院,発達特性×評判,発達障がい 評判,青楓館高等学院 発達障がい 評判,値あり,
青楓館高等学院,青楓館高等学院,発達特性×評判,グレーゾーン 評判,青楓館高等学院 グレーゾーン 評判,値あり,
青楓館高等学院,青楓館高等学院,発達特性×評判,ADHD 評判,青楓館高等学院 ADHD 評判,値あり,
青楓館高等学院,青楓館高等学院,発達特性×評判,ASD 評判,青楓館高等学院 ASD 評判,値あり,
青楓館高等学院,青楓館高等学院,発達特性×評判,自閉症 評判,青楓館高等学院 自閉症 評判,値あり,
青楓館高等学院,青楓館高等学院,発達特性×評判,LD 評判,青楓館高等学院 LD 評判,値あり,
青楓館高等学院,青楓館高等学院,発達特性×評判,学習障害 評判,青楓館高等学院 学習障害 評判,値あり,
青楓館高等学院,青楓館高等学院,発達特性×評判,境界知能 評判,青楓館高等学院 境界知能 評判,値あり,
青楓館高等学院,青楓館高等学院,発達特性×評判,不登校 評判,青楓館高等学院 不登校 評判,値あり,
青楓館高等学院,青楓館高等学院,発達特性×料金,発達障害 料金,青楓館高等学院 発達障害 料金,値あり,
青楓館高等学院,青楓館高等学院,発達特性×料金,発達障がい 料金,青楓館高等学院 発達障がい 料金,値あり,
青楓館高等学院,青楓館高等学院,発達特性×料金,グレーゾーン 料金,青楓館高等学院 グレーゾーン 料金,値あり,
青楓館高等学院,青楓館高等学院,発達特性×料金,ADHD 料金,青楓館高等学院 ADHD 料金,値あり,
青楓館高等学院,青楓館高等学院,発達特性×料金,ASD 料金,青楓館高等学院 ASD 料金,値あり,
青楓館高等学院,青楓館高等学院,発達特性×料金,自閉症 料金,青楓館高等学院 自閉症 料金,値あり,
青楓館高等学院,青楓館高等学院,発達特性×料金,LD 料金,青楓館高等学院 LD 料金,値あり,
青楓館高等学院,青楓館高等学院,発達特性×料金,学習障害 料金,青楓館高等学院 学習障害 料金,値あり,
青楓館高等学院,青楓館高等学院,発達特性×料金,境界知能 料金,青楓館高等学院 境界知能 料金,値あり,
青楓館高等学院,青楓館高等学院,発達特性×料金,不登校 料金,青楓館高等学院 不登校 料金,値あり,
青楓館高等学院,青楓館,評判・第三者評価,口コミ,青楓館 口コミ,値あり,
青楓館高等学院,青楓館,評判・第三者評価,評判,青楓館 評判,値あり,
青楓館高等学院,青楓館,評判・第三者評価,レビュー,青楓館 レビュー,値あり,
青楓館高等学院,青楓館,評判・第三者評価,体験談,青楓館 体験談,値あり,
青楓館高等学院,青楓館,評判・第三者評価,感想,青楓館 感想,値あり,
青楓館高等学院,青楓館,評判・第三者評価,評価,青楓館 評価,値あり,
青楓館高等学院,青楓館,料金・契約,料金,青楓館 料金,値あり,
青楓館高等学院,青楓館,料金・契約,費用,青楓館 費用,値あり,
青楓館高等学院,青楓館,料金・契約,月謝,青楓館 月謝,値あり,
青楓館高等学院,青楓館,料金・契約,値段,青楓館 値段,値あり,
青楓館高等学院,青楓館,料金・契約,価格,青楓館 価格,値あり,
青楓館高等学院,青楓館,料金・契約,入会金,青楓館 入会金,値あり,
青楓館高等学院,青楓館,料金・契約,教材費,青楓館 教材費,値あり,
青楓館高等学院,青楓館,料金・契約,高い,青楓館 高い,値あり,
青楓館高等学院,青楓館,料金・契約,安い,青楓館 安い,値あり,
青楓館高等学院,青楓館,比較・選択,比較,青楓館 比較,値あり,
青楓館高等学院,青楓館,比較・選択,違い,青楓館 違い,値あり,
青楓館高等学院,青楓館,比較・選択,どっち,青楓館 どっち,値あり,
青楓館高等学院,青楓館,比較・選択,おすすめ,青楓館 おすすめ,値あり,
青楓館高等学院,青楓館,比較・選択,他社,青楓館 他社,値あり,
青楓館高等学院,青楓館,比較・選択,ランキング,青楓館 ランキング,値あり,
青楓館高等学院,青楓館,不安・ネガティブ確認,デメリット,青楓館 デメリット,値あり,
青楓館高等学院,青楓館,不安・ネガティブ確認,メリット,青楓館 メリット,値あり,
青楓館高等学院,青楓館,不安・ネガティブ確認,怪しい,青楓館 怪しい,値あり,
青楓館高等学院,青楓館,不安・ネガティブ確認,最悪,青楓館 最悪,値あり,
青楓館高等学院,青楓館,不安・ネガティブ確認,失敗,青楓館 失敗,値あり,
青楓館高等学院,青楓館,不安・ネガティブ確認,後悔,青楓館 後悔,値あり,
青楓館高等学院,青楓館,不安・ネガティブ確認,合わない,青楓館 合わない,値あり,
青楓館高等学院,青楓館,不安・ネガティブ確認,向いてない,青楓館 向いてない,値あり,
青楓館高等学院,青楓館,不安・ネガティブ確認,やめたい,青楓館 やめたい,値あり,
青楓館高等学院,青楓館,不安・ネガティブ確認,辞めたい,青楓館 辞めたい,値あり,
青楓館高等学院,青楓館,不安・ネガティブ確認,退会,青楓館 退会,値あり,
青楓館高等学院,青楓館,不安・ネガティブ確認,解約,青楓館 解約,値あり,
青楓館高等学院,青楓館,申込直前,無料体験,青楓館 無料体験,値あり,
青楓館高等学院,青楓館,申込直前,体験,青楓館 体験,値あり,
青楓館高等学院,青楓館,申込直前,体験授業,青楓館 体験授業,値あり,
青楓館高等学院,青楓館,申込直前,無料相談,青楓館 無料相談,値あり,
青楓館高等学院,青楓館,申込直前,資料請求,青楓館 資料請求,値あり,
青楓館高等学院,青楓館,申込直前,申し込み,青楓館 申し込み,値あり,
青楓館高等学院,青楓館,申込直前,入会,青楓館 入会,値あり,
青楓館高等学院,青楓館,発達特性との相性,発達障害,青楓館 発達障害,値あり,
青楓館高等学院,青楓館,発達特性との相性,発達障がい,青楓館 発達障がい,値あり,
青楓館高等学院,青楓館,発達特性との相性,グレーゾーン,青楓館 グレーゾーン,値あり,
青楓館高等学院,青楓館,発達特性との相性,ADHD,青楓館 ADHD,値あり,
青楓館高等学院,青楓館,発達特性との相性,ASD,青楓館 ASD,値あり,
青楓館高等学院,青楓館,発達特性との相性,自閉症,青楓館 自閉症,値あり,
青楓館高等学院,青楓館,発達特性との相性,LD,青楓館 LD,値あり,
青楓館高等学院,青楓館,発達特性との相性,学習障害,青楓館 学習障害,値あり,
青楓館高等学院,青楓館,発達特性との相性,境界知能,青楓館 境界知能,値あり,
青楓館高等学院,青楓館,発達特性との相性,不登校,青楓館 不登校,値あり,
青楓館高等学院,青楓館,対象・用途,小学生,青楓館 小学生,値あり,
青楓館高等学院,青楓館,対象・用途,中学生,青楓館 中学生,値あり,
青楓館高等学院,青楓館,対象・用途,高校生,青楓館 高校生,値あり,
青楓館高等学院,青楓館,対象・用途,高校受験,青楓館 高校受験,値あり,
青楓館高等学院,青楓館,対象・用途,中学受験,青楓館 中学受験,値あり,
青楓館高等学院,青楓館,対象・用途,大学受験,青楓館 大学受験,値あり,
青楓館高等学院,青楓館,追加：SERP・サジェスト由来,評判 悪い,青楓館 評判 悪い,値あり,
青楓館高等学院,青楓館,追加：SERP・サジェスト由来,やばい,青楓館 やばい,値あり,
青楓館高等学院,青楓館,追加：SERP・サジェスト由来,知恵袋,青楓館 知恵袋,値あり,
青楓館高等学院,青楓館,追加：SERP・サジェスト由来,2ch,青楓館 2ch,値あり,
青楓館高等学院,青楓館,追加：SERP・サジェスト由来,料金表,青楓館 料金表,値あり,
青楓館高等学院,青楓館,追加：SERP・サジェスト由来,授業料,青楓館 授業料,値あり,
青楓館高等学院,青楓館,追加：SERP・サジェスト由来,夏期講習,青楓館 夏期講習,値あり,
青楓館高等学院,青楓館,追加：SERP・サジェスト由来,意味ない,青楓館 意味ない,値あり,
青楓館高等学院,青楓館,追加：SERP・サジェスト由来,バイト,青楓館 バイト,値あり,
青楓館高等学院,青楓館,追加：SERP・サジェスト由来,求人,青楓館 求人,値あり,10
青楓館高等学院,青楓館,追加：KWP KeywordSeed由来,クチコミ,青楓館 クチコミ,値あり,
青楓館高等学院,青楓館,追加：KWP KeywordSeed由来,やめとけ,青楓館 やめとけ,値あり,
青楓館高等学院,青楓館,追加：KWP KeywordSeed由来,合格実績,青楓館 合格実績,値あり,
青楓館高等学院,青楓館,追加：KWP KeywordSeed由来,時間割,青楓館 時間割,値あり,
青楓館高等学院,青楓館,追加：KWP KeywordSeed由来,キャンペーン,青楓館 キャンペーン,値あり,
青楓館高等学院,青楓館,追加：KWP KeywordSeed由来,割引,青楓館 割引,値あり,
青楓館高等学院,青楓館,追加：KWP KeywordSeed由来,コース,青楓館 コース,値あり,
青楓館高等学院,青楓館,追加：KWP KeywordSeed由来,春期講習,青楓館 春期講習,値あり,
青楓館高等学院,青楓館,追加：KWP KeywordSeed由来,冬期講習,青楓館 冬期講習,値あり,
青楓館高等学院,青楓館,追加：KWP KeywordSeed由来,電話番号,青楓館 電話番号,値あり,
青楓館高等学院,青楓館,追加：KWP KeywordSeed由来,ホームページ,青楓館 ホームページ,値あり,
青楓館高等学院,青楓館,追加：KWP KeywordSeed由来,株式会社,青楓館 株式会社,値あり,
青楓館高等学院,青楓館,追加：KWP KeywordSeed由来,講師,青楓館 講師,値あり,
青楓館高等学院,青楓館,追加：KWP KeywordSeed由来,とは,青楓館 とは,値あり,
興学社高等学院,興学社高等学院,評判・第三者評価,口コミ,興学社高等学院 口コミ,値あり,90
興学社高等学院,興学社高等学院,評判・第三者評価,評判,興学社高等学院 評判,値あり,10
興学社高等学院,興学社高等学院,評判・第三者評価,レビュー,興学社高等学院 レビュー,値あり,40
興学社高等学院,興学社高等学院,評判・第三者評価,体験談,興学社高等学院 体験談,値あり,
興学社高等学院,興学社高等学院,評判・第三者評価,感想,興学社高等学院 感想,値あり,
興学社高等学院,興学社高等学院,評判・第三者評価,評価,興学社高等学院 評価,値あり,
興学社高等学院,興学社高等学院,料金・契約,料金,興学社高等学院 料金,値あり,
興学社高等学院,興学社高等学院,料金・契約,費用,興学社高等学院 費用,値あり,
興学社高等学院,興学社高等学院,料金・契約,月謝,興学社高等学院 月謝,値あり,
興学社高等学院,興学社高等学院,料金・契約,値段,興学社高等学院 値段,値あり,
興学社高等学院,興学社高等学院,料金・契約,価格,興学社高等学院 価格,値あり,
興学社高等学院,興学社高等学院,料金・契約,入会金,興学社高等学院 入会金,値あり,
興学社高等学院,興学社高等学院,料金・契約,教材費,興学社高等学院 教材費,値あり,
興学社高等学院,興学社高等学院,料金・契約,高い,興学社高等学院 高い,値あり,
興学社高等学院,興学社高等学院,料金・契約,安い,興学社高等学院 安い,値あり,
興学社高等学院,興学社高等学院,比較・選択,比較,興学社高等学院 比較,値あり,
興学社高等学院,興学社高等学院,比較・選択,違い,興学社高等学院 違い,値あり,
興学社高等学院,興学社高等学院,比較・選択,どっち,興学社高等学院 どっち,値あり,
興学社高等学院,興学社高等学院,比較・選択,おすすめ,興学社高等学院 おすすめ,値あり,
興学社高等学院,興学社高等学院,比較・選択,他社,興学社高等学院 他社,値あり,
興学社高等学院,興学社高等学院,比較・選択,ランキング,興学社高等学院 ランキング,値あり,
興学社高等学院,興学社高等学院,不安・ネガティブ確認,デメリット,興学社高等学院 デメリット,値あり,
興学社高等学院,興学社高等学院,不安・ネガティブ確認,メリット,興学社高等学院 メリット,値あり,
興学社高等学院,興学社高等学院,不安・ネガティブ確認,怪しい,興学社高等学院 怪しい,値あり,
興学社高等学院,興学社高等学院,不安・ネガティブ確認,最悪,興学社高等学院 最悪,値あり,
興学社高等学院,興学社高等学院,不安・ネガティブ確認,失敗,興学社高等学院 失敗,値あり,
興学社高等学院,興学社高等学院,不安・ネガティブ確認,後悔,興学社高等学院 後悔,値あり,
興学社高等学院,興学社高等学院,不安・ネガティブ確認,合わない,興学社高等学院 合わない,値あり,
興学社高等学院,興学社高等学院,不安・ネガティブ確認,向いてない,興学社高等学院 向いてない,値あり,
興学社高等学院,興学社高等学院,不安・ネガティブ確認,やめたい,興学社高等学院 やめたい,値あり,
興学社高等学院,興学社高等学院,不安・ネガティブ確認,辞めたい,興学社高等学院 辞めたい,値あり,
興学社高等学院,興学社高等学院,不安・ネガティブ確認,退会,興学社高等学院 退会,値あり,
興学社高等学院,興学社高等学院,不安・ネガティブ確認,解約,興学社高等学院 解約,値あり,
興学社高等学院,興学社高等学院,申込直前,無料体験,興学社高等学院 無料体験,値あり,
興学社高等学院,興学社高等学院,申込直前,体験,興学社高等学院 体験,値あり,
興学社高等学院,興学社高等学院,申込直前,体験授業,興学社高等学院 体験授業,値あり,
興学社高等学院,興学社高等学院,申込直前,無料相談,興学社高等学院 無料相談,値あり,
興学社高等学院,興学社高等学院,申込直前,資料請求,興学社高等学院 資料請求,値あり,
興学社高等学院,興学社高等学院,申込直前,申し込み,興学社高等学院 申し込み,値あり,
興学社高等学院,興学社高等学院,申込直前,入会,興学社高等学院 入会,値あり,
興学社高等学院,興学社高等学院,発達特性との相性,発達障害,興学社高等学院 発達障害,値あり,
興学社高等学院,興学社高等学院,発達特性との相性,発達障がい,興学社高等学院 発達障がい,値あり,
興学社高等学院,興学社高等学院,発達特性との相性,グレーゾーン,興学社高等学院 グレーゾーン,値あり,
興学社高等学院,興学社高等学院,発達特性との相性,ADHD,興学社高等学院 ADHD,値あり,
興学社高等学院,興学社高等学院,発達特性との相性,ASD,興学社高等学院 ASD,値あり,
興学社高等学院,興学社高等学院,発達特性との相性,自閉症,興学社高等学院 自閉症,値あり,
興学社高等学院,興学社高等学院,発達特性との相性,LD,興学社高等学院 LD,値あり,
興学社高等学院,興学社高等学院,発達特性との相性,学習障害,興学社高等学院 学習障害,値あり,
興学社高等学院,興学社高等学院,発達特性との相性,境界知能,興学社高等学院 境界知能,値あり,
興学社高等学院,興学社高等学院,発達特性との相性,不登校,興学社高等学院 不登校,値あり,
興学社高等学院,興学社高等学院,対象・用途,小学生,興学社高等学院 小学生,値あり,
興学社高等学院,興学社高等学院,対象・用途,中学生,興学社高等学院 中学生,値あり,
興学社高等学院,興学社高等学院,対象・用途,高校生,興学社高等学院 高校生,値あり,
興学社高等学院,興学社高等学院,対象・用途,高校受験,興学社高等学院 高校受験,値あり,
興学社高等学院,興学社高等学院,対象・用途,中学受験,興学社高等学院 中学受験,値あり,
興学社高等学院,興学社高等学院,対象・用途,大学受験,興学社高等学院 大学受験,値あり,
興学社高等学院,興学社高等学院,追加：SERP・サジェスト由来,評判 悪い,興学社高等学院 評判 悪い,値あり,
興学社高等学院,興学社高等学院,追加：SERP・サジェスト由来,やばい,興学社高等学院 やばい,値あり,
興学社高等学院,興学社高等学院,追加：SERP・サジェスト由来,知恵袋,興学社高等学院 知恵袋,値あり,
興学社高等学院,興学社高等学院,追加：SERP・サジェスト由来,2ch,興学社高等学院 2ch,値あり,
興学社高等学院,興学社高等学院,追加：SERP・サジェスト由来,料金表,興学社高等学院 料金表,値あり,
興学社高等学院,興学社高等学院,追加：SERP・サジェスト由来,授業料,興学社高等学院 授業料,値あり,
興学社高等学院,興学社高等学院,追加：SERP・サジェスト由来,夏期講習,興学社高等学院 夏期講習,値あり,
興学社高等学院,興学社高等学院,追加：SERP・サジェスト由来,意味ない,興学社高等学院 意味ない,値あり,
興学社高等学院,興学社高等学院,追加：SERP・サジェスト由来,バイト,興学社高等学院 バイト,値あり,
興学社高等学院,興学社高等学院,追加：SERP・サジェスト由来,求人,興学社高等学院 求人,値あり,30
興学社高等学院,興学社高等学院,追加：KWP KeywordSeed由来,クチコミ,興学社高等学院 クチコミ,値あり,0
興学社高等学院,興学社高等学院,追加：KWP KeywordSeed由来,やめとけ,興学社高等学院 やめとけ,値あり,
興学社高等学院,興学社高等学院,追加：KWP KeywordSeed由来,合格実績,興学社高等学院 合格実績,値あり,
興学社高等学院,興学社高等学院,追加：KWP KeywordSeed由来,時間割,興学社高等学院 時間割,値あり,
興学社高等学院,興学社高等学院,追加：KWP KeywordSeed由来,キャンペーン,興学社高等学院 キャンペーン,値あり,
興学社高等学院,興学社高等学院,追加：KWP KeywordSeed由来,割引,興学社高等学院 割引,値あり,
興学社高等学院,興学社高等学院,追加：KWP KeywordSeed由来,コース,興学社高等学院 コース,値あり,
興学社高等学院,興学社高等学院,追加：KWP KeywordSeed由来,春期講習,興学社高等学院 春期講習,値あり,
興学社高等学院,興学社高等学院,追加：KWP KeywordSeed由来,冬期講習,興学社高等学院 冬期講習,値あり,
興学社高等学院,興学社高等学院,追加：KWP KeywordSeed由来,電話番号,興学社高等学院 電話番号,値あり,
興学社高等学院,興学社高等学院,追加：KWP KeywordSeed由来,ホームページ,興学社高等学院 ホームページ,値あり,
興学社高等学院,興学社高等学院,追加：KWP KeywordSeed由来,株式会社,興学社高等学院 株式会社,値あり,
興学社高等学院,興学社高等学院,追加：KWP KeywordSeed由来,講師,興学社高等学院 講師,値あり,
興学社高等学院,興学社高等学院,追加：KWP KeywordSeed由来,とは,興学社高等学院 とは,値あり,
興学社高等学院,興学社高等学院,発達特性×口コミ,発達障害 口コミ,興学社高等学院 発達障害 口コミ,値あり,
興学社高等学院,興学社高等学院,発達特性×口コミ,発達障がい 口コミ,興学社高等学院 発達障がい 口コミ,値あり,
興学社高等学院,興学社高等学院,発達特性×口コミ,グレーゾーン 口コミ,興学社高等学院 グレーゾーン 口コミ,値あり,
興学社高等学院,興学社高等学院,発達特性×口コミ,ADHD 口コミ,興学社高等学院 ADHD 口コミ,値あり,
興学社高等学院,興学社高等学院,発達特性×口コミ,ASD 口コミ,興学社高等学院 ASD 口コミ,値あり,
興学社高等学院,興学社高等学院,発達特性×口コミ,自閉症 口コミ,興学社高等学院 自閉症 口コミ,値あり,
興学社高等学院,興学社高等学院,発達特性×口コミ,LD 口コミ,興学社高等学院 LD 口コミ,値あり,
興学社高等学院,興学社高等学院,発達特性×口コミ,学習障害 口コミ,興学社高等学院 学習障害 口コミ,値あり,
興学社高等学院,興学社高等学院,発達特性×口コミ,境界知能 口コミ,興学社高等学院 境界知能 口コミ,値あり,
興学社高等学院,興学社高等学院,発達特性×口コミ,不登校 口コミ,興学社高等学院 不登校 口コミ,値あり,
興学社高等学院,興学社高等学院,発達特性×評判,発達障害 評判,興学社高等学院 発達障害 評判,値あり,
興学社高等学院,興学社高等学院,発達特性×評判,発達障がい 評判,興学社高等学院 発達障がい 評判,値あり,
興学社高等学院,興学社高等学院,発達特性×評判,グレーゾーン 評判,興学社高等学院 グレーゾーン 評判,値あり,
興学社高等学院,興学社高等学院,発達特性×評判,ADHD 評判,興学社高等学院 ADHD 評判,値あり,
興学社高等学院,興学社高等学院,発達特性×評判,ASD 評判,興学社高等学院 ASD 評判,値あり,
興学社高等学院,興学社高等学院,発達特性×評判,自閉症 評判,興学社高等学院 自閉症 評判,値あり,
興学社高等学院,興学社高等学院,発達特性×評判,LD 評判,興学社高等学院 LD 評判,値あり,
興学社高等学院,興学社高等学院,発達特性×評判,学習障害 評判,興学社高等学院 学習障害 評判,値あり,
興学社高等学院,興学社高等学院,発達特性×評判,境界知能 評判,興学社高等学院 境界知能 評判,値あり,
興学社高等学院,興学社高等学院,発達特性×評判,不登校 評判,興学社高等学院 不登校 評判,値あり,
興学社高等学院,興学社高等学院,発達特性×料金,発達障害 料金,興学社高等学院 発達障害 料金,値あり,
興学社高等学院,興学社高等学院,発達特性×料金,発達障がい 料金,興学社高等学院 発達障がい 料金,値あり,
興学社高等学院,興学社高等学院,発達特性×料金,グレーゾーン 料金,興学社高等学院 グレーゾーン 料金,値あり,
興学社高等学院,興学社高等学院,発達特性×料金,ADHD 料金,興学社高等学院 ADHD 料金,値あり,
興学社高等学院,興学社高等学院,発達特性×料金,ASD 料金,興学社高等学院 ASD 料金,値あり,
興学社高等学院,興学社高等学院,発達特性×料金,自閉症 料金,興学社高等学院 自閉症 料金,値あり,
興学社高等学院,興学社高等学院,発達特性×料金,LD 料金,興学社高等学院 LD 料金,値あり,
興学社高等学院,興学社高等学院,発達特性×料金,学習障害 料金,興学社高等学院 学習障害 料金,値あり,
興学社高等学院,興学社高等学院,発達特性×料金,境界知能 料金,興学社高等学院 境界知能 料金,値あり,
興学社高等学院,興学社高等学院,発達特性×料金,不登校 料金,興学社高等学院 不登校 料金,値あり,
興学社高等学院,興学社,評判・第三者評価,口コミ,興学社 口コミ,値あり,50
興学社高等学院,興学社,評判・第三者評価,評判,興学社 評判,値あり,10
興学社高等学院,興学社,評判・第三者評価,レビュー,興学社 レビュー,値あり,
興学社高等学院,興学社,評判・第三者評価,体験談,興学社 体験談,値あり,
興学社高等学院,興学社,評判・第三者評価,感想,興学社 感想,値あり,
興学社高等学院,興学社,評判・第三者評価,評価,興学社 評価,値あり,
興学社高等学院,興学社,料金・契約,料金,興学社 料金,値あり,
興学社高等学院,興学社,料金・契約,費用,興学社 費用,値あり,
興学社高等学院,興学社,料金・契約,月謝,興学社 月謝,値あり,
興学社高等学院,興学社,料金・契約,値段,興学社 値段,値あり,
興学社高等学院,興学社,料金・契約,価格,興学社 価格,値あり,
興学社高等学院,興学社,料金・契約,入会金,興学社 入会金,値あり,
興学社高等学院,興学社,料金・契約,教材費,興学社 教材費,値あり,
興学社高等学院,興学社,料金・契約,高い,興学社 高い,値あり,
興学社高等学院,興学社,料金・契約,安い,興学社 安い,値あり,
興学社高等学院,興学社,比較・選択,比較,興学社 比較,値あり,
興学社高等学院,興学社,比較・選択,違い,興学社 違い,値あり,
興学社高等学院,興学社,比較・選択,どっち,興学社 どっち,値あり,
興学社高等学院,興学社,比較・選択,おすすめ,興学社 おすすめ,値あり,
興学社高等学院,興学社,比較・選択,他社,興学社 他社,値あり,
興学社高等学院,興学社,比較・選択,ランキング,興学社 ランキング,値あり,
興学社高等学院,興学社,不安・ネガティブ確認,デメリット,興学社 デメリット,値あり,
興学社高等学院,興学社,不安・ネガティブ確認,メリット,興学社 メリット,値あり,
興学社高等学院,興学社,不安・ネガティブ確認,怪しい,興学社 怪しい,値あり,
興学社高等学院,興学社,不安・ネガティブ確認,最悪,興学社 最悪,値あり,
興学社高等学院,興学社,不安・ネガティブ確認,失敗,興学社 失敗,値あり,
興学社高等学院,興学社,不安・ネガティブ確認,後悔,興学社 後悔,値あり,
興学社高等学院,興学社,不安・ネガティブ確認,合わない,興学社 合わない,値あり,
興学社高等学院,興学社,不安・ネガティブ確認,向いてない,興学社 向いてない,値あり,
興学社高等学院,興学社,不安・ネガティブ確認,やめたい,興学社 やめたい,値あり,
興学社高等学院,興学社,不安・ネガティブ確認,辞めたい,興学社 辞めたい,値あり,
興学社高等学院,興学社,不安・ネガティブ確認,退会,興学社 退会,値あり,
興学社高等学院,興学社,不安・ネガティブ確認,解約,興学社 解約,値あり,
興学社高等学院,興学社,申込直前,無料体験,興学社 無料体験,値あり,
興学社高等学院,興学社,申込直前,体験,興学社 体験,値あり,
興学社高等学院,興学社,申込直前,体験授業,興学社 体験授業,値あり,
興学社高等学院,興学社,申込直前,無料相談,興学社 無料相談,値あり,
興学社高等学院,興学社,申込直前,資料請求,興学社 資料請求,値あり,
興学社高等学院,興学社,申込直前,申し込み,興学社 申し込み,値あり,
興学社高等学院,興学社,申込直前,入会,興学社 入会,値あり,
興学社高等学院,興学社,発達特性との相性,発達障害,興学社 発達障害,値あり,10
興学社高等学院,興学社,発達特性との相性,発達障がい,興学社 発達障がい,値あり,
興学社高等学院,興学社,発達特性との相性,グレーゾーン,興学社 グレーゾーン,値あり,
興学社高等学院,興学社,発達特性との相性,ADHD,興学社 ADHD,値あり,
興学社高等学院,興学社,発達特性との相性,ASD,興学社 ASD,値あり,
興学社高等学院,興学社,発達特性との相性,自閉症,興学社 自閉症,値あり,
興学社高等学院,興学社,発達特性との相性,LD,興学社 LD,値あり,
興学社高等学院,興学社,発達特性との相性,学習障害,興学社 学習障害,値あり,
興学社高等学院,興学社,発達特性との相性,境界知能,興学社 境界知能,値あり,
興学社高等学院,興学社,発達特性との相性,不登校,興学社 不登校,値あり,
興学社高等学院,興学社,対象・用途,小学生,興学社 小学生,値あり,
興学社高等学院,興学社,対象・用途,中学生,興学社 中学生,値あり,
興学社高等学院,興学社,対象・用途,高校生,興学社 高校生,値あり,
興学社高等学院,興学社,対象・用途,高校受験,興学社 高校受験,値あり,
興学社高等学院,興学社,対象・用途,中学受験,興学社 中学受験,値あり,
興学社高等学院,興学社,対象・用途,大学受験,興学社 大学受験,値あり,
興学社高等学院,興学社,追加：SERP・サジェスト由来,評判 悪い,興学社 評判 悪い,値あり,
興学社高等学院,興学社,追加：SERP・サジェスト由来,やばい,興学社 やばい,値あり,
興学社高等学院,興学社,追加：SERP・サジェスト由来,知恵袋,興学社 知恵袋,値あり,
興学社高等学院,興学社,追加：SERP・サジェスト由来,2ch,興学社 2ch,値あり,20
興学社高等学院,興学社,追加：SERP・サジェスト由来,料金表,興学社 料金表,値あり,
興学社高等学院,興学社,追加：SERP・サジェスト由来,授業料,興学社 授業料,値あり,10
興学社高等学院,興学社,追加：SERP・サジェスト由来,夏期講習,興学社 夏期講習,値あり,
興学社高等学院,興学社,追加：SERP・サジェスト由来,意味ない,興学社 意味ない,値あり,
興学社高等学院,興学社,追加：SERP・サジェスト由来,バイト,興学社 バイト,値あり,10
興学社高等学院,興学社,追加：SERP・サジェスト由来,求人,興学社 求人,値あり,10
興学社高等学院,興学社,追加：KWP KeywordSeed由来,クチコミ,興学社 クチコミ,値あり,
興学社高等学院,興学社,追加：KWP KeywordSeed由来,やめとけ,興学社 やめとけ,値あり,
興学社高等学院,興学社,追加：KWP KeywordSeed由来,合格実績,興学社 合格実績,値あり,10
興学社高等学院,興学社,追加：KWP KeywordSeed由来,時間割,興学社 時間割,値あり,
興学社高等学院,興学社,追加：KWP KeywordSeed由来,キャンペーン,興学社 キャンペーン,値あり,
興学社高等学院,興学社,追加：KWP KeywordSeed由来,割引,興学社 割引,値あり,
興学社高等学院,興学社,追加：KWP KeywordSeed由来,コース,興学社 コース,値あり,
興学社高等学院,興学社,追加：KWP KeywordSeed由来,春期講習,興学社 春期講習,値あり,
興学社高等学院,興学社,追加：KWP KeywordSeed由来,冬期講習,興学社 冬期講習,値あり,
興学社高等学院,興学社,追加：KWP KeywordSeed由来,電話番号,興学社 電話番号,値あり,
興学社高等学院,興学社,追加：KWP KeywordSeed由来,ホームページ,興学社 ホームページ,値あり,
興学社高等学院,興学社,追加：KWP KeywordSeed由来,株式会社,興学社 株式会社,値あり,
興学社高等学院,興学社,追加：KWP KeywordSeed由来,講師,興学社 講師,値あり,
興学社高等学院,興学社,追加：KWP KeywordSeed由来,とは,興学社 とは,値あり,
すらら,すらら,評判・第三者評価,口コミ,すらら 口コミ,値あり,590
すらら,すらら,評判・第三者評価,評判,すらら 評判,値あり,70
すらら,すらら,評判・第三者評価,レビュー,すらら レビュー,値あり,10
すらら,すらら,評判・第三者評価,体験談,すらら 体験談,値あり,10
すらら,すらら,評判・第三者評価,感想,すらら 感想,値あり,10
すらら,すらら,評判・第三者評価,評価,すらら 評価,値あり,10
すらら,すらら,料金・契約,料金,すらら 料金,値あり,720
すらら,すらら,料金・契約,費用,すらら 費用,値あり,20
すらら,すらら,料金・契約,月謝,すらら 月謝,値あり,10
すらら,すらら,料金・契約,値段,すらら 値段,値あり,40
すらら,すらら,料金・契約,価格,すらら 価格,値あり,10
すらら,すらら,料金・契約,入会金,すらら 入会金,値あり,10
すらら,すらら,料金・契約,教材費,すらら 教材費,値あり,
すらら,すらら,料金・契約,高い,すらら 高い,値あり,10
すらら,すらら,料金・契約,安い,すらら 安い,値あり,
すらら,すらら,比較・選択,比較,すらら 比較,値あり,10
すらら,すらら,比較・選択,違い,すらら 違い,値あり,10
すらら,すらら,比較・選択,どっち,すらら どっち,値あり,
すらら,すらら,比較・選択,おすすめ,すらら おすすめ,値あり,10
すらら,すらら,比較・選択,他社,すらら 他社,値あり,
すらら,すらら,比較・選択,ランキング,すらら ランキング,値あり,10
すらら,すらら,不安・ネガティブ確認,デメリット,すらら デメリット,値あり,10
すらら,すらら,不安・ネガティブ確認,メリット,すらら メリット,値あり,10
すらら,すらら,不安・ネガティブ確認,怪しい,すらら 怪しい,値あり,
すらら,すらら,不安・ネガティブ確認,最悪,すらら 最悪,値あり,720
すらら,すらら,不安・ネガティブ確認,失敗,すらら 失敗,値あり,10
すらら,すらら,不安・ネガティブ確認,後悔,すらら 後悔,値あり,
すらら,すらら,不安・ネガティブ確認,合わない,すらら 合わない,値あり,
すらら,すらら,不安・ネガティブ確認,向いてない,すらら 向いてない,値あり,
すらら,すらら,不安・ネガティブ確認,やめたい,すらら やめたい,値あり,
すらら,すらら,不安・ネガティブ確認,辞めたい,すらら 辞めたい,値あり,
すらら,すらら,不安・ネガティブ確認,退会,すらら 退会,値あり,70
すらら,すらら,不安・ネガティブ確認,解約,すらら 解約,値あり,70
すらら,すらら,申込直前,無料体験,すらら 無料体験,値あり,40
すらら,すらら,申込直前,体験,すらら 体験,値あり,50
すらら,すらら,申込直前,体験授業,すらら 体験授業,値あり,
すらら,すらら,申込直前,無料相談,すらら 無料相談,値あり,
すらら,すらら,申込直前,資料請求,すらら 資料請求,値あり,20
すらら,すらら,申込直前,申し込み,すらら 申し込み,値あり,30
すらら,すらら,申込直前,入会,すらら 入会,値あり,10
すらら,すらら,発達特性との相性,発達障害,すらら 発達障害,値あり,
すらら,すらら,発達特性との相性,発達障がい,すらら 発達障がい,値あり,
すらら,すらら,発達特性との相性,グレーゾーン,すらら グレーゾーン,値あり,
すらら,すらら,発達特性との相性,ADHD,すらら ADHD,値あり,
すらら,すらら,発達特性との相性,ASD,すらら ASD,値あり,
すらら,すらら,発達特性との相性,自閉症,すらら 自閉症,値あり,
すらら,すらら,発達特性との相性,LD,すらら LD,値あり,
すらら,すらら,発達特性との相性,学習障害,すらら 学習障害,値あり,10
すらら,すらら,発達特性との相性,境界知能,すらら 境界知能,値あり,
すらら,すらら,発達特性との相性,不登校,すらら 不登校,値あり,140
すらら,すらら,対象・用途,小学生,すらら 小学生,値あり,30
すらら,すらら,対象・用途,中学生,すらら 中学生,値あり,70
すらら,すらら,対象・用途,高校生,すらら 高校生,値あり,90
すらら,すらら,対象・用途,高校受験,すらら 高校受験,値あり,10
すらら,すらら,対象・用途,中学受験,すらら 中学受験,値あり,30
すらら,すらら,対象・用途,大学受験,すらら 大学受験,値あり,20
すらら,すらら,追加：SERP・サジェスト由来,評判 悪い,すらら 評判 悪い,値あり,
すらら,すらら,追加：SERP・サジェスト由来,やばい,すらら やばい,値あり,
すらら,すらら,追加：SERP・サジェスト由来,知恵袋,すらら 知恵袋,値あり,
すらら,すらら,追加：SERP・サジェスト由来,2ch,すらら 2ch,値あり,10
すらら,すらら,追加：SERP・サジェスト由来,料金表,すらら 料金表,値あり,
すらら,すらら,追加：SERP・サジェスト由来,授業料,すらら 授業料,値あり,10
すらら,すらら,追加：SERP・サジェスト由来,夏期講習,すらら 夏期講習,値あり,
すらら,すらら,追加：SERP・サジェスト由来,意味ない,すらら 意味ない,値あり,
すらら,すらら,追加：SERP・サジェスト由来,バイト,すらら バイト,値あり,
すらら,すらら,追加：SERP・サジェスト由来,求人,すらら 求人,値あり,20
すらら,すらら,追加：KWP KeywordSeed由来,クチコミ,すらら クチコミ,値あり,590
すらら,すらら,追加：KWP KeywordSeed由来,やめとけ,すらら やめとけ,値あり,
すらら,すらら,追加：KWP KeywordSeed由来,合格実績,すらら 合格実績,値あり,
すらら,すらら,追加：KWP KeywordSeed由来,時間割,すらら 時間割,値あり,
すらら,すらら,追加：KWP KeywordSeed由来,キャンペーン,すらら キャンペーン,値あり,110
すらら,すらら,追加：KWP KeywordSeed由来,割引,すらら 割引,値あり,
すらら,すらら,追加：KWP KeywordSeed由来,コース,すらら コース,値あり,10
すらら,すらら,追加：KWP KeywordSeed由来,春期講習,すらら 春期講習,値あり,
すらら,すらら,追加：KWP KeywordSeed由来,冬期講習,すらら 冬期講習,値あり,
すらら,すらら,追加：KWP KeywordSeed由来,電話番号,すらら 電話番号,値あり,10
すらら,すらら,追加：KWP KeywordSeed由来,ホームページ,すらら ホームページ,値あり,10
すらら,すらら,追加：KWP KeywordSeed由来,株式会社,すらら 株式会社,値あり,10
すらら,すらら,追加：KWP KeywordSeed由来,講師,すらら 講師,値あり,
すらら,すらら,追加：KWP KeywordSeed由来,とは,すらら とは,値あり,40
すらら,すらら,発達特性×口コミ,発達障害 口コミ,すらら 発達障害 口コミ,値あり,10
すらら,すらら,発達特性×口コミ,発達障がい 口コミ,すらら 発達障がい 口コミ,値あり,
すらら,すらら,発達特性×口コミ,グレーゾーン 口コミ,すらら グレーゾーン 口コミ,値あり,
すらら,すらら,発達特性×口コミ,ADHD 口コミ,すらら ADHD 口コミ,値あり,
すらら,すらら,発達特性×口コミ,ASD 口コミ,すらら ASD 口コミ,値あり,
すらら,すらら,発達特性×口コミ,自閉症 口コミ,すらら 自閉症 口コミ,値あり,
すらら,すらら,発達特性×口コミ,LD 口コミ,すらら LD 口コミ,値あり,
すらら,すらら,発達特性×口コミ,学習障害 口コミ,すらら 学習障害 口コミ,値あり,
すらら,すらら,発達特性×口コミ,境界知能 口コミ,すらら 境界知能 口コミ,値あり,
すらら,すらら,発達特性×口コミ,不登校 口コミ,すらら 不登校 口コミ,値あり,30
すらら,すらら,発達特性×評判,発達障害 評判,すらら 発達障害 評判,値あり,
すらら,すらら,発達特性×評判,発達障がい 評判,すらら 発達障がい 評判,値あり,
すらら,すらら,発達特性×評判,グレーゾーン 評判,すらら グレーゾーン 評判,値あり,
すらら,すらら,発達特性×評判,ADHD 評判,すらら ADHD 評判,値あり,
すらら,すらら,発達特性×評判,ASD 評判,すらら ASD 評判,値あり,
すらら,すらら,発達特性×評判,自閉症 評判,すらら 自閉症 評判,値あり,
すらら,すらら,発達特性×評判,LD 評判,すらら LD 評判,値あり,
すらら,すらら,発達特性×評判,学習障害 評判,すらら 学習障害 評判,値あり,
すらら,すらら,発達特性×評判,境界知能 評判,すらら 境界知能 評判,値あり,
すらら,すらら,発達特性×評判,不登校 評判,すらら 不登校 評判,値あり,10
すらら,すらら,発達特性×料金,発達障害 料金,すらら 発達障害 料金,値あり,50
すらら,すらら,発達特性×料金,発達障がい 料金,すらら 発達障がい 料金,値あり,
すらら,すらら,発達特性×料金,グレーゾーン 料金,すらら グレーゾーン 料金,値あり,
すらら,すらら,発達特性×料金,ADHD 料金,すらら ADHD 料金,値あり,
すらら,すらら,発達特性×料金,ASD 料金,すらら ASD 料金,値あり,
すらら,すらら,発達特性×料金,自閉症 料金,すらら 自閉症 料金,値あり,
すらら,すらら,発達特性×料金,LD 料金,すらら LD 料金,値あり,
すらら,すらら,発達特性×料金,学習障害 料金,すらら 学習障害 料金,値あり,
すらら,すらら,発達特性×料金,境界知能 料金,すらら 境界知能 料金,値あり,
すらら,すらら,発達特性×料金,不登校 料金,すらら 不登校 料金,値あり,
すらら,すらら発達障害スクール,評判・第三者評価,口コミ,すらら発達障害スクール 口コミ,値あり,
すらら,すらら発達障害スクール,評判・第三者評価,評判,すらら発達障害スクール 評判,値あり,
すらら,すらら発達障害スクール,評判・第三者評価,レビュー,すらら発達障害スクール レビュー,値あり,
すらら,すらら発達障害スクール,評判・第三者評価,体験談,すらら発達障害スクール 体験談,値あり,
すらら,すらら発達障害スクール,評判・第三者評価,感想,すらら発達障害スクール 感想,値あり,
すらら,すらら発達障害スクール,評判・第三者評価,評価,すらら発達障害スクール 評価,値あり,
すらら,すらら発達障害スクール,料金・契約,料金,すらら発達障害スクール 料金,値あり,
すらら,すらら発達障害スクール,料金・契約,費用,すらら発達障害スクール 費用,値あり,
すらら,すらら発達障害スクール,料金・契約,月謝,すらら発達障害スクール 月謝,値あり,
すらら,すらら発達障害スクール,料金・契約,値段,すらら発達障害スクール 値段,値あり,
すらら,すらら発達障害スクール,料金・契約,価格,すらら発達障害スクール 価格,値あり,
すらら,すらら発達障害スクール,料金・契約,入会金,すらら発達障害スクール 入会金,値あり,
すらら,すらら発達障害スクール,料金・契約,教材費,すらら発達障害スクール 教材費,値あり,
すらら,すらら発達障害スクール,料金・契約,高い,すらら発達障害スクール 高い,値あり,
すらら,すらら発達障害スクール,料金・契約,安い,すらら発達障害スクール 安い,値あり,
すらら,すらら発達障害スクール,比較・選択,比較,すらら発達障害スクール 比較,値あり,
すらら,すらら発達障害スクール,比較・選択,違い,すらら発達障害スクール 違い,値あり,
すらら,すらら発達障害スクール,比較・選択,どっち,すらら発達障害スクール どっち,値あり,
すらら,すらら発達障害スクール,比較・選択,おすすめ,すらら発達障害スクール おすすめ,値あり,
すらら,すらら発達障害スクール,比較・選択,他社,すらら発達障害スクール 他社,値あり,
すらら,すらら発達障害スクール,比較・選択,ランキング,すらら発達障害スクール ランキング,値あり,
すらら,すらら発達障害スクール,不安・ネガティブ確認,デメリット,すらら発達障害スクール デメリット,値あり,
すらら,すらら発達障害スクール,不安・ネガティブ確認,メリット,すらら発達障害スクール メリット,値あり,
すらら,すらら発達障害スクール,不安・ネガティブ確認,怪しい,すらら発達障害スクール 怪しい,値あり,
すらら,すらら発達障害スクール,不安・ネガティブ確認,最悪,すらら発達障害スクール 最悪,値あり,
すらら,すらら発達障害スクール,不安・ネガティブ確認,失敗,すらら発達障害スクール 失敗,値あり,
すらら,すらら発達障害スクール,不安・ネガティブ確認,後悔,すらら発達障害スクール 後悔,値あり,
すらら,すらら発達障害スクール,不安・ネガティブ確認,合わない,すらら発達障害スクール 合わない,値あり,
すらら,すらら発達障害スクール,不安・ネガティブ確認,向いてない,すらら発達障害スクール 向いてない,値あり,
すらら,すらら発達障害スクール,不安・ネガティブ確認,やめたい,すらら発達障害スクール やめたい,値あり,
すらら,すらら発達障害スクール,不安・ネガティブ確認,辞めたい,すらら発達障害スクール 辞めたい,値あり,
すらら,すらら発達障害スクール,不安・ネガティブ確認,退会,すらら発達障害スクール 退会,値あり,
すらら,すらら発達障害スクール,不安・ネガティブ確認,解約,すらら発達障害スクール 解約,値あり,
すらら,すらら発達障害スクール,申込直前,無料体験,すらら発達障害スクール 無料体験,値あり,
すらら,すらら発達障害スクール,申込直前,体験,すらら発達障害スクール 体験,値あり,
すらら,すらら発達障害スクール,申込直前,体験授業,すらら発達障害スクール 体験授業,値あり,
すらら,すらら発達障害スクール,申込直前,無料相談,すらら発達障害スクール 無料相談,値あり,
すらら,すらら発達障害スクール,申込直前,資料請求,すらら発達障害スクール 資料請求,値あり,
すらら,すらら発達障害スクール,申込直前,申し込み,すらら発達障害スクール 申し込み,値あり,
すらら,すらら発達障害スクール,申込直前,入会,すらら発達障害スクール 入会,値あり,
すらら,すらら発達障害スクール,発達特性との相性,発達障害,すらら発達障害スクール 発達障害,値あり,
すらら,すらら発達障害スクール,発達特性との相性,発達障がい,すらら発達障害スクール 発達障がい,値あり,
すらら,すらら発達障害スクール,発達特性との相性,グレーゾーン,すらら発達障害スクール グレーゾーン,値あり,
すらら,すらら発達障害スクール,発達特性との相性,ADHD,すらら発達障害スクール ADHD,値あり,
すらら,すらら発達障害スクール,発達特性との相性,ASD,すらら発達障害スクール ASD,値あり,
すらら,すらら発達障害スクール,発達特性との相性,自閉症,すらら発達障害スクール 自閉症,値あり,
すらら,すらら発達障害スクール,発達特性との相性,LD,すらら発達障害スクール LD,値あり,
すらら,すらら発達障害スクール,発達特性との相性,学習障害,すらら発達障害スクール 学習障害,値あり,
すらら,すらら発達障害スクール,発達特性との相性,境界知能,すらら発達障害スクール 境界知能,値あり,
すらら,すらら発達障害スクール,発達特性との相性,不登校,すらら発達障害スクール 不登校,値あり,
すらら,すらら発達障害スクール,対象・用途,小学生,すらら発達障害スクール 小学生,値あり,
すらら,すらら発達障害スクール,対象・用途,中学生,すらら発達障害スクール 中学生,値あり,
すらら,すらら発達障害スクール,対象・用途,高校生,すらら発達障害スクール 高校生,値あり,
すらら,すらら発達障害スクール,対象・用途,高校受験,すらら発達障害スクール 高校受験,値あり,
すらら,すらら発達障害スクール,対象・用途,中学受験,すらら発達障害スクール 中学受験,値あり,
すらら,すらら発達障害スクール,対象・用途,大学受験,すらら発達障害スクール 大学受験,値あり,
すらら,すらら発達障害スクール,追加：SERP・サジェスト由来,評判 悪い,すらら発達障害スクール 評判 悪い,値あり,
すらら,すらら発達障害スクール,追加：SERP・サジェスト由来,やばい,すらら発達障害スクール やばい,値あり,
すらら,すらら発達障害スクール,追加：SERP・サジェスト由来,知恵袋,すらら発達障害スクール 知恵袋,値あり,
すらら,すらら発達障害スクール,追加：SERP・サジェスト由来,2ch,すらら発達障害スクール 2ch,値あり,
すらら,すらら発達障害スクール,追加：SERP・サジェスト由来,料金表,すらら発達障害スクール 料金表,値あり,
すらら,すらら発達障害スクール,追加：SERP・サジェスト由来,授業料,すらら発達障害スクール 授業料,値あり,
すらら,すらら発達障害スクール,追加：SERP・サジェスト由来,夏期講習,すらら発達障害スクール 夏期講習,値あり,
すらら,すらら発達障害スクール,追加：SERP・サジェスト由来,意味ない,すらら発達障害スクール 意味ない,値あり,
すらら,すらら発達障害スクール,追加：SERP・サジェスト由来,バイト,すらら発達障害スクール バイト,値あり,
すらら,すらら発達障害スクール,追加：SERP・サジェスト由来,求人,すらら発達障害スクール 求人,値あり,
すらら,すらら発達障害スクール,追加：KWP KeywordSeed由来,クチコミ,すらら発達障害スクール クチコミ,値あり,
すらら,すらら発達障害スクール,追加：KWP KeywordSeed由来,やめとけ,すらら発達障害スクール やめとけ,値あり,
すらら,すらら発達障害スクール,追加：KWP KeywordSeed由来,合格実績,すらら発達障害スクール 合格実績,値あり,
すらら,すらら発達障害スクール,追加：KWP KeywordSeed由来,時間割,すらら発達障害スクール 時間割,値あり,
すらら,すらら発達障害スクール,追加：KWP KeywordSeed由来,キャンペーン,すらら発達障害スクール キャンペーン,値あり,
すらら,すらら発達障害スクール,追加：KWP KeywordSeed由来,割引,すらら発達障害スクール 割引,値あり,
すらら,すらら発達障害スクール,追加：KWP KeywordSeed由来,コース,すらら発達障害スクール コース,値あり,
すらら,すらら発達障害スクール,追加：KWP KeywordSeed由来,春期講習,すらら発達障害スクール 春期講習,値あり,
すらら,すらら発達障害スクール,追加：KWP KeywordSeed由来,冬期講習,すらら発達障害スクール 冬期講習,値あり,
すらら,すらら発達障害スクール,追加：KWP KeywordSeed由来,電話番号,すらら発達障害スクール 電話番号,値あり,
すらら,すらら発達障害スクール,追加：KWP KeywordSeed由来,ホームページ,すらら発達障害スクール ホームページ,値あり,
すらら,すらら発達障害スクール,追加：KWP KeywordSeed由来,株式会社,すらら発達障害スクール 株式会社,値あり,
すらら,すらら発達障害スクール,追加：KWP KeywordSeed由来,講師,すらら発達障害スクール 講師,値あり,
すらら,すらら発達障害スクール,追加：KWP KeywordSeed由来,とは,すらら発達障害スクール とは,値あり,
進研ゼミ,進研ゼミ,評判・第三者評価,口コミ,進研ゼミ 口コミ,値あり,480
進研ゼミ,進研ゼミ,評判・第三者評価,評判,進研ゼミ 評判,値あり,110
進研ゼミ,進研ゼミ,評判・第三者評価,レビュー,進研ゼミ レビュー,値あり,10
進研ゼミ,進研ゼミ,評判・第三者評価,体験談,進研ゼミ 体験談,値あり,10
進研ゼミ,進研ゼミ,評判・第三者評価,感想,進研ゼミ 感想,値あり,10
進研ゼミ,進研ゼミ,評判・第三者評価,評価,進研ゼミ 評価,値あり,30
進研ゼミ,進研ゼミ,料金・契約,料金,進研ゼミ 料金,値あり,590
進研ゼミ,進研ゼミ,料金・契約,費用,進研ゼミ 費用,値あり,140
進研ゼミ,進研ゼミ,料金・契約,月謝,進研ゼミ 月謝,値あり,50
進研ゼミ,進研ゼミ,料金・契約,値段,進研ゼミ 値段,値あり,390
進研ゼミ,進研ゼミ,料金・契約,価格,進研ゼミ 価格,値あり,70
進研ゼミ,進研ゼミ,料金・契約,入会金,進研ゼミ 入会金,値あり,20
進研ゼミ,進研ゼミ,料金・契約,教材費,進研ゼミ 教材費,値あり,
進研ゼミ,進研ゼミ,料金・契約,高い,進研ゼミ 高い,値あり,40
進研ゼミ,進研ゼミ,料金・契約,安い,進研ゼミ 安い,値あり,10
進研ゼミ,進研ゼミ,比較・選択,比較,進研ゼミ 比較,値あり,40
進研ゼミ,進研ゼミ,比較・選択,違い,進研ゼミ 違い,値あり,
進研ゼミ,進研ゼミ,比較・選択,どっち,進研ゼミ どっち,値あり,
進研ゼミ,進研ゼミ,比較・選択,おすすめ,進研ゼミ おすすめ,値あり,20
進研ゼミ,進研ゼミ,比較・選択,他社,進研ゼミ 他社,値あり,
進研ゼミ,進研ゼミ,比較・選択,ランキング,進研ゼミ ランキング,値あり,10
進研ゼミ,進研ゼミ,不安・ネガティブ確認,デメリット,進研ゼミ デメリット,値あり,40
進研ゼミ,進研ゼミ,不安・ネガティブ確認,メリット,進研ゼミ メリット,値あり,20
進研ゼミ,進研ゼミ,不安・ネガティブ確認,怪しい,進研ゼミ 怪しい,値あり,
進研ゼミ,進研ゼミ,不安・ネガティブ確認,最悪,進研ゼミ 最悪,値あり,10
進研ゼミ,進研ゼミ,不安・ネガティブ確認,失敗,進研ゼミ 失敗,値あり,10
進研ゼミ,進研ゼミ,不安・ネガティブ確認,後悔,進研ゼミ 後悔,値あり,
進研ゼミ,進研ゼミ,不安・ネガティブ確認,合わない,進研ゼミ 合わない,値あり,
進研ゼミ,進研ゼミ,不安・ネガティブ確認,向いてない,進研ゼミ 向いてない,値あり,
進研ゼミ,進研ゼミ,不安・ネガティブ確認,やめたい,進研ゼミ やめたい,値あり,40
進研ゼミ,進研ゼミ,不安・ネガティブ確認,辞めたい,進研ゼミ 辞めたい,値あり,40
進研ゼミ,進研ゼミ,不安・ネガティブ確認,退会,進研ゼミ 退会,値あり,5400
進研ゼミ,進研ゼミ,不安・ネガティブ確認,解約,進研ゼミ 解約,値あり,1900
進研ゼミ,進研ゼミ,申込直前,無料体験,進研ゼミ 無料体験,値あり,110
進研ゼミ,進研ゼミ,申込直前,体験,進研ゼミ 体験,値あり,140
進研ゼミ,進研ゼミ,申込直前,体験授業,進研ゼミ 体験授業,値あり,
進研ゼミ,進研ゼミ,申込直前,無料相談,進研ゼミ 無料相談,値あり,
進研ゼミ,進研ゼミ,申込直前,資料請求,進研ゼミ 資料請求,値あり,170
進研ゼミ,進研ゼミ,申込直前,申し込み,進研ゼミ 申し込み,値あり,90
進研ゼミ,進研ゼミ,申込直前,入会,進研ゼミ 入会,値あり,90
進研ゼミ,進研ゼミ,発達特性との相性,発達障害,進研ゼミ 発達障害,値あり,70
進研ゼミ,進研ゼミ,発達特性との相性,発達障がい,進研ゼミ 発達障がい,値あり,
進研ゼミ,進研ゼミ,発達特性との相性,グレーゾーン,進研ゼミ グレーゾーン,値あり,
進研ゼミ,進研ゼミ,発達特性との相性,ADHD,進研ゼミ ADHD,値あり,
進研ゼミ,進研ゼミ,発達特性との相性,ASD,進研ゼミ ASD,値あり,
進研ゼミ,進研ゼミ,発達特性との相性,自閉症,進研ゼミ 自閉症,値あり,
進研ゼミ,進研ゼミ,発達特性との相性,LD,進研ゼミ LD,値あり,
進研ゼミ,進研ゼミ,発達特性との相性,学習障害,進研ゼミ 学習障害,値あり,10
進研ゼミ,進研ゼミ,発達特性との相性,境界知能,進研ゼミ 境界知能,値あり,
進研ゼミ,進研ゼミ,発達特性との相性,不登校,進研ゼミ 不登校,値あり,170
進研ゼミ,進研ゼミ,対象・用途,小学生,進研ゼミ 小学生,値あり,590
進研ゼミ,進研ゼミ,対象・用途,中学生,進研ゼミ 中学生,値あり,480
進研ゼミ,進研ゼミ,対象・用途,高校生,進研ゼミ 高校生,値あり,170
進研ゼミ,進研ゼミ,対象・用途,高校受験,進研ゼミ 高校受験,値あり,320
進研ゼミ,進研ゼミ,対象・用途,中学受験,進研ゼミ 中学受験,値あり,880
進研ゼミ,進研ゼミ,対象・用途,大学受験,進研ゼミ 大学受験,値あり,480
進研ゼミ,進研ゼミ,追加：SERP・サジェスト由来,評判 悪い,進研ゼミ 評判 悪い,値あり,10
進研ゼミ,進研ゼミ,追加：SERP・サジェスト由来,やばい,進研ゼミ やばい,値あり,20
進研ゼミ,進研ゼミ,追加：SERP・サジェスト由来,知恵袋,進研ゼミ 知恵袋,値あり,30
進研ゼミ,進研ゼミ,追加：SERP・サジェスト由来,2ch,進研ゼミ 2ch,値あり,10
進研ゼミ,進研ゼミ,追加：SERP・サジェスト由来,料金表,進研ゼミ 料金表,値あり,210
進研ゼミ,進研ゼミ,追加：SERP・サジェスト由来,授業料,進研ゼミ 授業料,値あり,10
進研ゼミ,進研ゼミ,追加：SERP・サジェスト由来,夏期講習,進研ゼミ 夏期講習,値あり,50
進研ゼミ,進研ゼミ,追加：SERP・サジェスト由来,意味ない,進研ゼミ 意味ない,値あり,90
進研ゼミ,進研ゼミ,追加：SERP・サジェスト由来,バイト,進研ゼミ バイト,値あり,90
進研ゼミ,進研ゼミ,追加：SERP・サジェスト由来,求人,進研ゼミ 求人,値あり,50
進研ゼミ,進研ゼミ,追加：KWP KeywordSeed由来,クチコミ,進研ゼミ クチコミ,値あり,480
進研ゼミ,進研ゼミ,追加：KWP KeywordSeed由来,やめとけ,進研ゼミ やめとけ,値あり,
進研ゼミ,進研ゼミ,追加：KWP KeywordSeed由来,合格実績,進研ゼミ 合格実績,値あり,40
進研ゼミ,進研ゼミ,追加：KWP KeywordSeed由来,時間割,進研ゼミ 時間割,値あり,10
進研ゼミ,進研ゼミ,追加：KWP KeywordSeed由来,キャンペーン,進研ゼミ キャンペーン,値あり,260
進研ゼミ,進研ゼミ,追加：KWP KeywordSeed由来,割引,進研ゼミ 割引,値あり,30
進研ゼミ,進研ゼミ,追加：KWP KeywordSeed由来,コース,進研ゼミ コース,値あり,40
進研ゼミ,進研ゼミ,追加：KWP KeywordSeed由来,春期講習,進研ゼミ 春期講習,値あり,10
進研ゼミ,進研ゼミ,追加：KWP KeywordSeed由来,冬期講習,進研ゼミ 冬期講習,値あり,30
進研ゼミ,進研ゼミ,追加：KWP KeywordSeed由来,電話番号,進研ゼミ 電話番号,値あり,720
進研ゼミ,進研ゼミ,追加：KWP KeywordSeed由来,ホームページ,進研ゼミ ホームページ,値あり,20
進研ゼミ,進研ゼミ,追加：KWP KeywordSeed由来,株式会社,進研ゼミ 株式会社,値あり,
進研ゼミ,進研ゼミ,追加：KWP KeywordSeed由来,講師,進研ゼミ 講師,値あり,20
進研ゼミ,進研ゼミ,追加：KWP KeywordSeed由来,とは,進研ゼミ とは,値あり,40
進研ゼミ,進研ゼミ,発達特性×口コミ,発達障害 口コミ,進研ゼミ 発達障害 口コミ,値あり,
進研ゼミ,進研ゼミ,発達特性×口コミ,発達障がい 口コミ,進研ゼミ 発達障がい 口コミ,値あり,
進研ゼミ,進研ゼミ,発達特性×口コミ,グレーゾーン 口コミ,進研ゼミ グレーゾーン 口コミ,値あり,
進研ゼミ,進研ゼミ,発達特性×口コミ,ADHD 口コミ,進研ゼミ ADHD 口コミ,値あり,
進研ゼミ,進研ゼミ,発達特性×口コミ,ASD 口コミ,進研ゼミ ASD 口コミ,値あり,
進研ゼミ,進研ゼミ,発達特性×口コミ,自閉症 口コミ,進研ゼミ 自閉症 口コミ,値あり,
進研ゼミ,進研ゼミ,発達特性×口コミ,LD 口コミ,進研ゼミ LD 口コミ,値あり,
進研ゼミ,進研ゼミ,発達特性×口コミ,学習障害 口コミ,進研ゼミ 学習障害 口コミ,値あり,
進研ゼミ,進研ゼミ,発達特性×口コミ,境界知能 口コミ,進研ゼミ 境界知能 口コミ,値あり,
進研ゼミ,進研ゼミ,発達特性×口コミ,不登校 口コミ,進研ゼミ 不登校 口コミ,値あり,
進研ゼミ,進研ゼミ,発達特性×評判,発達障害 評判,進研ゼミ 発達障害 評判,値あり,
進研ゼミ,進研ゼミ,発達特性×評判,発達障がい 評判,進研ゼミ 発達障がい 評判,値あり,
進研ゼミ,進研ゼミ,発達特性×評判,グレーゾーン 評判,進研ゼミ グレーゾーン 評判,値あり,
進研ゼミ,進研ゼミ,発達特性×評判,ADHD 評判,進研ゼミ ADHD 評判,値あり,
進研ゼミ,進研ゼミ,発達特性×評判,ASD 評判,進研ゼミ ASD 評判,値あり,
進研ゼミ,進研ゼミ,発達特性×評判,自閉症 評判,進研ゼミ 自閉症 評判,値あり,
進研ゼミ,進研ゼミ,発達特性×評判,LD 評判,進研ゼミ LD 評判,値あり,
進研ゼミ,進研ゼミ,発達特性×評判,学習障害 評判,進研ゼミ 学習障害 評判,値あり,
進研ゼミ,進研ゼミ,発達特性×評判,境界知能 評判,進研ゼミ 境界知能 評判,値あり,
進研ゼミ,進研ゼミ,発達特性×評判,不登校 評判,進研ゼミ 不登校 評判,値あり,
進研ゼミ,進研ゼミ,発達特性×料金,発達障害 料金,進研ゼミ 発達障害 料金,値あり,
進研ゼミ,進研ゼミ,発達特性×料金,発達障がい 料金,進研ゼミ 発達障がい 料金,値あり,
進研ゼミ,進研ゼミ,発達特性×料金,グレーゾーン 料金,進研ゼミ グレーゾーン 料金,値あり,
進研ゼミ,進研ゼミ,発達特性×料金,ADHD 料金,進研ゼミ ADHD 料金,値あり,
進研ゼミ,進研ゼミ,発達特性×料金,ASD 料金,進研ゼミ ASD 料金,値あり,
進研ゼミ,進研ゼミ,発達特性×料金,自閉症 料金,進研ゼミ 自閉症 料金,値あり,
進研ゼミ,進研ゼミ,発達特性×料金,LD 料金,進研ゼミ LD 料金,値あり,
進研ゼミ,進研ゼミ,発達特性×料金,学習障害 料金,進研ゼミ 学習障害 料金,値あり,
進研ゼミ,進研ゼミ,発達特性×料金,境界知能 料金,進研ゼミ 境界知能 料金,値あり,
進研ゼミ,進研ゼミ,発達特性×料金,不登校 料金,進研ゼミ 不登校 料金,値あり,
進研ゼミ,チャレンジ 進研ゼミ,評判・第三者評価,口コミ,チャレンジ 進研ゼミ 口コミ,値あり,10
進研ゼミ,チャレンジ 進研ゼミ,評判・第三者評価,評判,チャレンジ 進研ゼミ 評判,値あり,
進研ゼミ,チャレンジ 進研ゼミ,評判・第三者評価,レビュー,チャレンジ 進研ゼミ レビュー,値あり,
進研ゼミ,チャレンジ 進研ゼミ,評判・第三者評価,体験談,チャレンジ 進研ゼミ 体験談,値あり,
進研ゼミ,チャレンジ 進研ゼミ,評判・第三者評価,感想,チャレンジ 進研ゼミ 感想,値あり,
進研ゼミ,チャレンジ 進研ゼミ,評判・第三者評価,評価,チャレンジ 進研ゼミ 評価,値あり,
進研ゼミ,チャレンジ 進研ゼミ,料金・契約,料金,チャレンジ 進研ゼミ 料金,値あり,
進研ゼミ,チャレンジ 進研ゼミ,料金・契約,費用,チャレンジ 進研ゼミ 費用,値あり,
進研ゼミ,チャレンジ 進研ゼミ,料金・契約,月謝,チャレンジ 進研ゼミ 月謝,値あり,
進研ゼミ,チャレンジ 進研ゼミ,料金・契約,値段,チャレンジ 進研ゼミ 値段,値あり,
進研ゼミ,チャレンジ 進研ゼミ,料金・契約,価格,チャレンジ 進研ゼミ 価格,値あり,
進研ゼミ,チャレンジ 進研ゼミ,料金・契約,入会金,チャレンジ 進研ゼミ 入会金,値あり,
進研ゼミ,チャレンジ 進研ゼミ,料金・契約,教材費,チャレンジ 進研ゼミ 教材費,値あり,
進研ゼミ,チャレンジ 進研ゼミ,料金・契約,高い,チャレンジ 進研ゼミ 高い,値あり,
進研ゼミ,チャレンジ 進研ゼミ,料金・契約,安い,チャレンジ 進研ゼミ 安い,値あり,
進研ゼミ,チャレンジ 進研ゼミ,比較・選択,比較,チャレンジ 進研ゼミ 比較,値あり,
進研ゼミ,チャレンジ 進研ゼミ,比較・選択,違い,チャレンジ 進研ゼミ 違い,値あり,90
進研ゼミ,チャレンジ 進研ゼミ,比較・選択,どっち,チャレンジ 進研ゼミ どっち,値あり,
進研ゼミ,チャレンジ 進研ゼミ,比較・選択,おすすめ,チャレンジ 進研ゼミ おすすめ,値あり,
進研ゼミ,チャレンジ 進研ゼミ,比較・選択,他社,チャレンジ 進研ゼミ 他社,値あり,
進研ゼミ,チャレンジ 進研ゼミ,比較・選択,ランキング,チャレンジ 進研ゼミ ランキング,値あり,
進研ゼミ,チャレンジ 進研ゼミ,不安・ネガティブ確認,デメリット,チャレンジ 進研ゼミ デメリット,値あり,
進研ゼミ,チャレンジ 進研ゼミ,不安・ネガティブ確認,メリット,チャレンジ 進研ゼミ メリット,値あり,
進研ゼミ,チャレンジ 進研ゼミ,不安・ネガティブ確認,怪しい,チャレンジ 進研ゼミ 怪しい,値あり,
進研ゼミ,チャレンジ 進研ゼミ,不安・ネガティブ確認,最悪,チャレンジ 進研ゼミ 最悪,値あり,
進研ゼミ,チャレンジ 進研ゼミ,不安・ネガティブ確認,失敗,チャレンジ 進研ゼミ 失敗,値あり,
進研ゼミ,チャレンジ 進研ゼミ,不安・ネガティブ確認,後悔,チャレンジ 進研ゼミ 後悔,値あり,
進研ゼミ,チャレンジ 進研ゼミ,不安・ネガティブ確認,合わない,チャレンジ 進研ゼミ 合わない,値あり,
進研ゼミ,チャレンジ 進研ゼミ,不安・ネガティブ確認,向いてない,チャレンジ 進研ゼミ 向いてない,値あり,
進研ゼミ,チャレンジ 進研ゼミ,不安・ネガティブ確認,やめたい,チャレンジ 進研ゼミ やめたい,値あり,
進研ゼミ,チャレンジ 進研ゼミ,不安・ネガティブ確認,辞めたい,チャレンジ 進研ゼミ 辞めたい,値あり,
進研ゼミ,チャレンジ 進研ゼミ,不安・ネガティブ確認,退会,チャレンジ 進研ゼミ 退会,値あり,20
進研ゼミ,チャレンジ 進研ゼミ,不安・ネガティブ確認,解約,チャレンジ 進研ゼミ 解約,値あり,
進研ゼミ,チャレンジ 進研ゼミ,申込直前,無料体験,チャレンジ 進研ゼミ 無料体験,値あり,
進研ゼミ,チャレンジ 進研ゼミ,申込直前,体験,チャレンジ 進研ゼミ 体験,値あり,
進研ゼミ,チャレンジ 進研ゼミ,申込直前,体験授業,チャレンジ 進研ゼミ 体験授業,値あり,
進研ゼミ,チャレンジ 進研ゼミ,申込直前,無料相談,チャレンジ 進研ゼミ 無料相談,値あり,
進研ゼミ,チャレンジ 進研ゼミ,申込直前,資料請求,チャレンジ 進研ゼミ 資料請求,値あり,
進研ゼミ,チャレンジ 進研ゼミ,申込直前,申し込み,チャレンジ 進研ゼミ 申し込み,値あり,
進研ゼミ,チャレンジ 進研ゼミ,申込直前,入会,チャレンジ 進研ゼミ 入会,値あり,
進研ゼミ,チャレンジ 進研ゼミ,発達特性との相性,発達障害,チャレンジ 進研ゼミ 発達障害,値あり,
進研ゼミ,チャレンジ 進研ゼミ,発達特性との相性,発達障がい,チャレンジ 進研ゼミ 発達障がい,値あり,
進研ゼミ,チャレンジ 進研ゼミ,発達特性との相性,グレーゾーン,チャレンジ 進研ゼミ グレーゾーン,値あり,
進研ゼミ,チャレンジ 進研ゼミ,発達特性との相性,ADHD,チャレンジ 進研ゼミ ADHD,値あり,
進研ゼミ,チャレンジ 進研ゼミ,発達特性との相性,ASD,チャレンジ 進研ゼミ ASD,値あり,
進研ゼミ,チャレンジ 進研ゼミ,発達特性との相性,自閉症,チャレンジ 進研ゼミ 自閉症,値あり,
進研ゼミ,チャレンジ 進研ゼミ,発達特性との相性,LD,チャレンジ 進研ゼミ LD,値あり,
進研ゼミ,チャレンジ 進研ゼミ,発達特性との相性,学習障害,チャレンジ 進研ゼミ 学習障害,値あり,
進研ゼミ,チャレンジ 進研ゼミ,発達特性との相性,境界知能,チャレンジ 進研ゼミ 境界知能,値あり,
進研ゼミ,チャレンジ 進研ゼミ,発達特性との相性,不登校,チャレンジ 進研ゼミ 不登校,値あり,
進研ゼミ,チャレンジ 進研ゼミ,対象・用途,小学生,チャレンジ 進研ゼミ 小学生,値あり,
進研ゼミ,チャレンジ 進研ゼミ,対象・用途,中学生,チャレンジ 進研ゼミ 中学生,値あり,
進研ゼミ,チャレンジ 進研ゼミ,対象・用途,高校生,チャレンジ 進研ゼミ 高校生,値あり,
進研ゼミ,チャレンジ 進研ゼミ,対象・用途,高校受験,チャレンジ 進研ゼミ 高校受験,値あり,
進研ゼミ,チャレンジ 進研ゼミ,対象・用途,中学受験,チャレンジ 進研ゼミ 中学受験,値あり,
進研ゼミ,チャレンジ 進研ゼミ,対象・用途,大学受験,チャレンジ 進研ゼミ 大学受験,値あり,
進研ゼミ,チャレンジ 進研ゼミ,追加：SERP・サジェスト由来,評判 悪い,チャレンジ 進研ゼミ 評判 悪い,値あり,
進研ゼミ,チャレンジ 進研ゼミ,追加：SERP・サジェスト由来,やばい,チャレンジ 進研ゼミ やばい,値あり,
進研ゼミ,チャレンジ 進研ゼミ,追加：SERP・サジェスト由来,知恵袋,チャレンジ 進研ゼミ 知恵袋,値あり,
進研ゼミ,チャレンジ 進研ゼミ,追加：SERP・サジェスト由来,2ch,チャレンジ 進研ゼミ 2ch,値あり,
進研ゼミ,チャレンジ 進研ゼミ,追加：SERP・サジェスト由来,料金表,チャレンジ 進研ゼミ 料金表,値あり,
進研ゼミ,チャレンジ 進研ゼミ,追加：SERP・サジェスト由来,授業料,チャレンジ 進研ゼミ 授業料,値あり,
進研ゼミ,チャレンジ 進研ゼミ,追加：SERP・サジェスト由来,夏期講習,チャレンジ 進研ゼミ 夏期講習,値あり,
進研ゼミ,チャレンジ 進研ゼミ,追加：SERP・サジェスト由来,意味ない,チャレンジ 進研ゼミ 意味ない,値あり,
進研ゼミ,チャレンジ 進研ゼミ,追加：SERP・サジェスト由来,バイト,チャレンジ 進研ゼミ バイト,値あり,
進研ゼミ,チャレンジ 進研ゼミ,追加：SERP・サジェスト由来,求人,チャレンジ 進研ゼミ 求人,値あり,
進研ゼミ,チャレンジ 進研ゼミ,追加：KWP KeywordSeed由来,クチコミ,チャレンジ 進研ゼミ クチコミ,値あり,
進研ゼミ,チャレンジ 進研ゼミ,追加：KWP KeywordSeed由来,やめとけ,チャレンジ 進研ゼミ やめとけ,値あり,
進研ゼミ,チャレンジ 進研ゼミ,追加：KWP KeywordSeed由来,合格実績,チャレンジ 進研ゼミ 合格実績,値あり,
進研ゼミ,チャレンジ 進研ゼミ,追加：KWP KeywordSeed由来,時間割,チャレンジ 進研ゼミ 時間割,値あり,
進研ゼミ,チャレンジ 進研ゼミ,追加：KWP KeywordSeed由来,キャンペーン,チャレンジ 進研ゼミ キャンペーン,値あり,
進研ゼミ,チャレンジ 進研ゼミ,追加：KWP KeywordSeed由来,割引,チャレンジ 進研ゼミ 割引,値あり,
進研ゼミ,チャレンジ 進研ゼミ,追加：KWP KeywordSeed由来,コース,チャレンジ 進研ゼミ コース,値あり,
進研ゼミ,チャレンジ 進研ゼミ,追加：KWP KeywordSeed由来,春期講習,チャレンジ 進研ゼミ 春期講習,値あり,
進研ゼミ,チャレンジ 進研ゼミ,追加：KWP KeywordSeed由来,冬期講習,チャレンジ 進研ゼミ 冬期講習,値あり,
進研ゼミ,チャレンジ 進研ゼミ,追加：KWP KeywordSeed由来,電話番号,チャレンジ 進研ゼミ 電話番号,値あり,
進研ゼミ,チャレンジ 進研ゼミ,追加：KWP KeywordSeed由来,ホームページ,チャレンジ 進研ゼミ ホームページ,値あり,
進研ゼミ,チャレンジ 進研ゼミ,追加：KWP KeywordSeed由来,株式会社,チャレンジ 進研ゼミ 株式会社,値あり,
進研ゼミ,チャレンジ 進研ゼミ,追加：KWP KeywordSeed由来,講師,チャレンジ 進研ゼミ 講師,値あり,
進研ゼミ,チャレンジ 進研ゼミ,追加：KWP KeywordSeed由来,とは,チャレンジ 進研ゼミ とは,値あり,
スマイルゼミ,スマイルゼミ,評判・第三者評価,口コミ,スマイルゼミ 口コミ,値あり,3600
スマイルゼミ,スマイルゼミ,評判・第三者評価,評判,スマイルゼミ 評判,値あり,480
スマイルゼミ,スマイルゼミ,評判・第三者評価,レビュー,スマイルゼミ レビュー,値あり,40
スマイルゼミ,スマイルゼミ,評判・第三者評価,体験談,スマイルゼミ 体験談,値あり,10
スマイルゼミ,スマイルゼミ,評判・第三者評価,感想,スマイルゼミ 感想,値あり,10
スマイルゼミ,スマイルゼミ,評判・第三者評価,評価,スマイルゼミ 評価,値あり,50
スマイルゼミ,スマイルゼミ,料金・契約,料金,スマイルゼミ 料金,値あり,8100
スマイルゼミ,スマイルゼミ,料金・契約,費用,スマイルゼミ 費用,値あり,170
スマイルゼミ,スマイルゼミ,料金・契約,月謝,スマイルゼミ 月謝,値あり,70
スマイルゼミ,スマイルゼミ,料金・契約,値段,スマイルゼミ 値段,値あり,390
スマイルゼミ,スマイルゼミ,料金・契約,価格,スマイルゼミ 価格,値あり,90
スマイルゼミ,スマイルゼミ,料金・契約,入会金,スマイルゼミ 入会金,値あり,50
スマイルゼミ,スマイルゼミ,料金・契約,教材費,スマイルゼミ 教材費,値あり,
スマイルゼミ,スマイルゼミ,料金・契約,高い,スマイルゼミ 高い,値あり,110
スマイルゼミ,スマイルゼミ,料金・契約,安い,スマイルゼミ 安い,値あり,10
スマイルゼミ,スマイルゼミ,比較・選択,比較,スマイルゼミ 比較,値あり,110
スマイルゼミ,スマイルゼミ,比較・選択,違い,スマイルゼミ 違い,値あり,
スマイルゼミ,スマイルゼミ,比較・選択,どっち,スマイルゼミ どっち,値あり,
スマイルゼミ,スマイルゼミ,比較・選択,おすすめ,スマイルゼミ おすすめ,値あり,20
スマイルゼミ,スマイルゼミ,比較・選択,他社,スマイルゼミ 他社,値あり,
スマイルゼミ,スマイルゼミ,比較・選択,ランキング,スマイルゼミ ランキング,値あり,10
スマイルゼミ,スマイルゼミ,不安・ネガティブ確認,デメリット,スマイルゼミ デメリット,値あり,170
スマイルゼミ,スマイルゼミ,不安・ネガティブ確認,メリット,スマイルゼミ メリット,値あり,20
スマイルゼミ,スマイルゼミ,不安・ネガティブ確認,怪しい,スマイルゼミ 怪しい,値あり,
スマイルゼミ,スマイルゼミ,不安・ネガティブ確認,最悪,スマイルゼミ 最悪,値あり,720
スマイルゼミ,スマイルゼミ,不安・ネガティブ確認,失敗,スマイルゼミ 失敗,値あり,10
スマイルゼミ,スマイルゼミ,不安・ネガティブ確認,後悔,スマイルゼミ 後悔,値あり,50
スマイルゼミ,スマイルゼミ,不安・ネガティブ確認,合わない,スマイルゼミ 合わない,値あり,10
スマイルゼミ,スマイルゼミ,不安・ネガティブ確認,向いてない,スマイルゼミ 向いてない,値あり,
スマイルゼミ,スマイルゼミ,不安・ネガティブ確認,やめたい,スマイルゼミ やめたい,値あり,20
スマイルゼミ,スマイルゼミ,不安・ネガティブ確認,辞めたい,スマイルゼミ 辞めたい,値あり,20
スマイルゼミ,スマイルゼミ,不安・ネガティブ確認,退会,スマイルゼミ 退会,値あり,4400
スマイルゼミ,スマイルゼミ,不安・ネガティブ確認,解約,スマイルゼミ 解約,値あり,6600
スマイルゼミ,スマイルゼミ,申込直前,無料体験,スマイルゼミ 無料体験,値あり,170
スマイルゼミ,スマイルゼミ,申込直前,体験,スマイルゼミ 体験,値あり,390
スマイルゼミ,スマイルゼミ,申込直前,体験授業,スマイルゼミ 体験授業,値あり,
スマイルゼミ,スマイルゼミ,申込直前,無料相談,スマイルゼミ 無料相談,値あり,
スマイルゼミ,スマイルゼミ,申込直前,資料請求,スマイルゼミ 資料請求,値あり,390
スマイルゼミ,スマイルゼミ,申込直前,申し込み,スマイルゼミ 申し込み,値あり,140
スマイルゼミ,スマイルゼミ,申込直前,入会,スマイルゼミ 入会,値あり,140
スマイルゼミ,スマイルゼミ,発達特性との相性,発達障害,スマイルゼミ 発達障害,値あり,140
スマイルゼミ,スマイルゼミ,発達特性との相性,発達障がい,スマイルゼミ 発達障がい,値あり,
スマイルゼミ,スマイルゼミ,発達特性との相性,グレーゾーン,スマイルゼミ グレーゾーン,値あり,
スマイルゼミ,スマイルゼミ,発達特性との相性,ADHD,スマイルゼミ ADHD,値あり,10
スマイルゼミ,スマイルゼミ,発達特性との相性,ASD,スマイルゼミ ASD,値あり,
スマイルゼミ,スマイルゼミ,発達特性との相性,自閉症,スマイルゼミ 自閉症,値あり,
スマイルゼミ,スマイルゼミ,発達特性との相性,LD,スマイルゼミ LD,値あり,10
スマイルゼミ,スマイルゼミ,発達特性との相性,学習障害,スマイルゼミ 学習障害,値あり,20
スマイルゼミ,スマイルゼミ,発達特性との相性,境界知能,スマイルゼミ 境界知能,値あり,
スマイルゼミ,スマイルゼミ,発達特性との相性,不登校,スマイルゼミ 不登校,値あり,320
スマイルゼミ,スマイルゼミ,対象・用途,小学生,スマイルゼミ 小学生,値あり,1000
スマイルゼミ,スマイルゼミ,対象・用途,中学生,スマイルゼミ 中学生,値あり,2400
スマイルゼミ,スマイルゼミ,対象・用途,高校生,スマイルゼミ 高校生,値あり,1300
スマイルゼミ,スマイルゼミ,対象・用途,高校受験,スマイルゼミ 高校受験,値あり,110
スマイルゼミ,スマイルゼミ,対象・用途,中学受験,スマイルゼミ 中学受験,値あり,260
スマイルゼミ,スマイルゼミ,対象・用途,大学受験,スマイルゼミ 大学受験,値あり,110
スマイルゼミ,スマイルゼミ,追加：SERP・サジェスト由来,評判 悪い,スマイルゼミ 評判 悪い,値あり,10
スマイルゼミ,スマイルゼミ,追加：SERP・サジェスト由来,やばい,スマイルゼミ やばい,値あり,
スマイルゼミ,スマイルゼミ,追加：SERP・サジェスト由来,知恵袋,スマイルゼミ 知恵袋,値あり,50
スマイルゼミ,スマイルゼミ,追加：SERP・サジェスト由来,2ch,スマイルゼミ 2ch,値あり,10
スマイルゼミ,スマイルゼミ,追加：SERP・サジェスト由来,料金表,スマイルゼミ 料金表,値あり,590
スマイルゼミ,スマイルゼミ,追加：SERP・サジェスト由来,授業料,スマイルゼミ 授業料,値あり,10
スマイルゼミ,スマイルゼミ,追加：SERP・サジェスト由来,夏期講習,スマイルゼミ 夏期講習,値あり,70
スマイルゼミ,スマイルゼミ,追加：SERP・サジェスト由来,意味ない,スマイルゼミ 意味ない,値あり,210
スマイルゼミ,スマイルゼミ,追加：SERP・サジェスト由来,バイト,スマイルゼミ バイト,値あり,20
スマイルゼミ,スマイルゼミ,追加：SERP・サジェスト由来,求人,スマイルゼミ 求人,値あり,20
スマイルゼミ,スマイルゼミ,追加：KWP KeywordSeed由来,クチコミ,スマイルゼミ クチコミ,値あり,3600
スマイルゼミ,スマイルゼミ,追加：KWP KeywordSeed由来,やめとけ,スマイルゼミ やめとけ,値あり,
スマイルゼミ,スマイルゼミ,追加：KWP KeywordSeed由来,合格実績,スマイルゼミ 合格実績,値あり,20
スマイルゼミ,スマイルゼミ,追加：KWP KeywordSeed由来,時間割,スマイルゼミ 時間割,値あり,10
スマイルゼミ,スマイルゼミ,追加：KWP KeywordSeed由来,キャンペーン,スマイルゼミ キャンペーン,値あり,1000
スマイルゼミ,スマイルゼミ,追加：KWP KeywordSeed由来,割引,スマイルゼミ 割引,値あり,70
スマイルゼミ,スマイルゼミ,追加：KWP KeywordSeed由来,コース,スマイルゼミ コース,値あり,50
スマイルゼミ,スマイルゼミ,追加：KWP KeywordSeed由来,春期講習,スマイルゼミ 春期講習,値あり,20
スマイルゼミ,スマイルゼミ,追加：KWP KeywordSeed由来,冬期講習,スマイルゼミ 冬期講習,値あり,20
スマイルゼミ,スマイルゼミ,追加：KWP KeywordSeed由来,電話番号,スマイルゼミ 電話番号,値あり,210
スマイルゼミ,スマイルゼミ,追加：KWP KeywordSeed由来,ホームページ,スマイルゼミ ホームページ,値あり,10
スマイルゼミ,スマイルゼミ,追加：KWP KeywordSeed由来,株式会社,スマイルゼミ 株式会社,値あり,
スマイルゼミ,スマイルゼミ,追加：KWP KeywordSeed由来,講師,スマイルゼミ 講師,値あり,10
スマイルゼミ,スマイルゼミ,追加：KWP KeywordSeed由来,とは,スマイルゼミ とは,値あり,40
スマイルゼミ,スマイルゼミ,発達特性×口コミ,発達障害 口コミ,スマイルゼミ 発達障害 口コミ,値あり,
スマイルゼミ,スマイルゼミ,発達特性×口コミ,発達障がい 口コミ,スマイルゼミ 発達障がい 口コミ,値あり,
スマイルゼミ,スマイルゼミ,発達特性×口コミ,グレーゾーン 口コミ,スマイルゼミ グレーゾーン 口コミ,値あり,
スマイルゼミ,スマイルゼミ,発達特性×口コミ,ADHD 口コミ,スマイルゼミ ADHD 口コミ,値あり,
スマイルゼミ,スマイルゼミ,発達特性×口コミ,ASD 口コミ,スマイルゼミ ASD 口コミ,値あり,
スマイルゼミ,スマイルゼミ,発達特性×口コミ,自閉症 口コミ,スマイルゼミ 自閉症 口コミ,値あり,
スマイルゼミ,スマイルゼミ,発達特性×口コミ,LD 口コミ,スマイルゼミ LD 口コミ,値あり,
スマイルゼミ,スマイルゼミ,発達特性×口コミ,学習障害 口コミ,スマイルゼミ 学習障害 口コミ,値あり,
スマイルゼミ,スマイルゼミ,発達特性×口コミ,境界知能 口コミ,スマイルゼミ 境界知能 口コミ,値あり,
スマイルゼミ,スマイルゼミ,発達特性×口コミ,不登校 口コミ,スマイルゼミ 不登校 口コミ,値あり,20
スマイルゼミ,スマイルゼミ,発達特性×評判,発達障害 評判,スマイルゼミ 発達障害 評判,値あり,
スマイルゼミ,スマイルゼミ,発達特性×評判,発達障がい 評判,スマイルゼミ 発達障がい 評判,値あり,
スマイルゼミ,スマイルゼミ,発達特性×評判,グレーゾーン 評判,スマイルゼミ グレーゾーン 評判,値あり,
スマイルゼミ,スマイルゼミ,発達特性×評判,ADHD 評判,スマイルゼミ ADHD 評判,値あり,
スマイルゼミ,スマイルゼミ,発達特性×評判,ASD 評判,スマイルゼミ ASD 評判,値あり,
スマイルゼミ,スマイルゼミ,発達特性×評判,自閉症 評判,スマイルゼミ 自閉症 評判,値あり,
スマイルゼミ,スマイルゼミ,発達特性×評判,LD 評判,スマイルゼミ LD 評判,値あり,
スマイルゼミ,スマイルゼミ,発達特性×評判,学習障害 評判,スマイルゼミ 学習障害 評判,値あり,
スマイルゼミ,スマイルゼミ,発達特性×評判,境界知能 評判,スマイルゼミ 境界知能 評判,値あり,
スマイルゼミ,スマイルゼミ,発達特性×評判,不登校 評判,スマイルゼミ 不登校 評判,値あり,
スマイルゼミ,スマイルゼミ,発達特性×料金,発達障害 料金,スマイルゼミ 発達障害 料金,値あり,
スマイルゼミ,スマイルゼミ,発達特性×料金,発達障がい 料金,スマイルゼミ 発達障がい 料金,値あり,
スマイルゼミ,スマイルゼミ,発達特性×料金,グレーゾーン 料金,スマイルゼミ グレーゾーン 料金,値あり,
スマイルゼミ,スマイルゼミ,発達特性×料金,ADHD 料金,スマイルゼミ ADHD 料金,値あり,
スマイルゼミ,スマイルゼミ,発達特性×料金,ASD 料金,スマイルゼミ ASD 料金,値あり,
スマイルゼミ,スマイルゼミ,発達特性×料金,自閉症 料金,スマイルゼミ 自閉症 料金,値あり,
スマイルゼミ,スマイルゼミ,発達特性×料金,LD 料金,スマイルゼミ LD 料金,値あり,
スマイルゼミ,スマイルゼミ,発達特性×料金,学習障害 料金,スマイルゼミ 学習障害 料金,値あり,
スマイルゼミ,スマイルゼミ,発達特性×料金,境界知能 料金,スマイルゼミ 境界知能 料金,値あり,
スマイルゼミ,スマイルゼミ,発達特性×料金,不登校 料金,スマイルゼミ 不登校 料金,値あり,
Z会,z会,評判・第三者評価,口コミ,z会 口コミ,値あり,260
Z会,z会,評判・第三者評価,評判,z会 評判,値あり,260
Z会,z会,評判・第三者評価,レビュー,z会 レビュー,値あり,10
Z会,z会,評判・第三者評価,体験談,z会 体験談,値あり,10
Z会,z会,評判・第三者評価,感想,z会 感想,値あり,10
Z会,z会,評判・第三者評価,評価,z会 評価,値あり,20
Z会,z会,料金・契約,料金,z会 料金,値あり,390
Z会,z会,料金・契約,費用,z会 費用,値あり,320
Z会,z会,料金・契約,月謝,z会 月謝,値あり,50
Z会,z会,料金・契約,値段,z会 値段,値あり,170
Z会,z会,料金・契約,価格,z会 価格,値あり,30
Z会,z会,料金・契約,入会金,z会 入会金,値あり,30
Z会,z会,料金・契約,教材費,z会 教材費,値あり,10
Z会,z会,料金・契約,高い,z会 高い,値あり,40
Z会,z会,料金・契約,安い,z会 安い,値あり,10
Z会,z会,比較・選択,比較,z会 比較,値あり,10
Z会,z会,比較・選択,違い,z会 違い,値あり,10
Z会,z会,比較・選択,どっち,z会 どっち,値あり,
Z会,z会,比較・選択,おすすめ,z会 おすすめ,値あり,20
Z会,z会,比較・選択,他社,z会 他社,値あり,
Z会,z会,比較・選択,ランキング,z会 ランキング,値あり,20
Z会,z会,不安・ネガティブ確認,デメリット,z会 デメリット,値あり,10
Z会,z会,不安・ネガティブ確認,メリット,z会 メリット,値あり,10
Z会,z会,不安・ネガティブ確認,怪しい,z会 怪しい,値あり,
Z会,z会,不安・ネガティブ確認,最悪,z会 最悪,値あり,10
Z会,z会,不安・ネガティブ確認,失敗,z会 失敗,値あり,10
Z会,z会,不安・ネガティブ確認,後悔,z会 後悔,値あり,10
Z会,z会,不安・ネガティブ確認,合わない,z会 合わない,値あり,
Z会,z会,不安・ネガティブ確認,向いてない,z会 向いてない,値あり,
Z会,z会,不安・ネガティブ確認,やめたい,z会 やめたい,値あり,10
Z会,z会,不安・ネガティブ確認,辞めたい,z会 辞めたい,値あり,10
Z会,z会,不安・ネガティブ確認,退会,z会 退会,値あり,880
Z会,z会,不安・ネガティブ確認,解約,z会 解約,値あり,590
Z会,z会,申込直前,無料体験,z会 無料体験,値あり,40
Z会,z会,申込直前,体験,z会 体験,値あり,110
Z会,z会,申込直前,体験授業,z会 体験授業,値あり,10
Z会,z会,申込直前,無料相談,z会 無料相談,値あり,
Z会,z会,申込直前,資料請求,z会 資料請求,値あり,260
Z会,z会,申込直前,申し込み,z会 申し込み,値あり,170
Z会,z会,申込直前,入会,z会 入会,値あり,110
Z会,z会,発達特性との相性,発達障害,z会 発達障害,値あり,10
Z会,z会,発達特性との相性,発達障がい,z会 発達障がい,値あり,
Z会,z会,発達特性との相性,グレーゾーン,z会 グレーゾーン,値あり,
Z会,z会,発達特性との相性,ADHD,z会 ADHD,値あり,
Z会,z会,発達特性との相性,ASD,z会 ASD,値あり,
Z会,z会,発達特性との相性,自閉症,z会 自閉症,値あり,
Z会,z会,発達特性との相性,LD,z会 LD,値あり,
Z会,z会,発達特性との相性,学習障害,z会 学習障害,値あり,
Z会,z会,発達特性との相性,境界知能,z会 境界知能,値あり,
Z会,z会,発達特性との相性,不登校,z会 不登校,値あり,10
Z会,z会,対象・用途,小学生,z会 小学生,値あり,5400
Z会,z会,対象・用途,中学生,z会 中学生,値あり,2400
Z会,z会,対象・用途,高校生,z会 高校生,値あり,1600
Z会,z会,対象・用途,高校受験,z会 高校受験,値あり,480
Z会,z会,対象・用途,中学受験,z会 中学受験,値あり,1600
Z会,z会,対象・用途,大学受験,z会 大学受験,値あり,1000
Z会,z会,追加：SERP・サジェスト由来,評判 悪い,z会 評判 悪い,値あり,
Z会,z会,追加：SERP・サジェスト由来,やばい,z会 やばい,値あり,720
Z会,z会,追加：SERP・サジェスト由来,知恵袋,z会 知恵袋,値あり,50
Z会,z会,追加：SERP・サジェスト由来,2ch,z会 2ch,値あり,10
Z会,z会,追加：SERP・サジェスト由来,料金表,z会 料金表,値あり,10
Z会,z会,追加：SERP・サジェスト由来,授業料,z会 授業料,値あり,10
Z会,z会,追加：SERP・サジェスト由来,夏期講習,z会 夏期講習,値あり,260
Z会,z会,追加：SERP・サジェスト由来,意味ない,z会 意味ない,値あり,10
Z会,z会,追加：SERP・サジェスト由来,バイト,z会 バイト,値あり,140
Z会,z会,追加：SERP・サジェスト由来,求人,z会 求人,値あり,140
Z会,z会,追加：KWP KeywordSeed由来,クチコミ,z会 クチコミ,値あり,260
Z会,z会,追加：KWP KeywordSeed由来,やめとけ,z会 やめとけ,値あり,
Z会,z会,追加：KWP KeywordSeed由来,合格実績,z会 合格実績,値あり,170
Z会,z会,追加：KWP KeywordSeed由来,時間割,z会 時間割,値あり,30
Z会,z会,追加：KWP KeywordSeed由来,キャンペーン,z会 キャンペーン,値あり,140
Z会,z会,追加：KWP KeywordSeed由来,割引,z会 割引,値あり,30
Z会,z会,追加：KWP KeywordSeed由来,コース,z会 コース,値あり,90
Z会,z会,追加：KWP KeywordSeed由来,春期講習,z会 春期講習,値あり,140
Z会,z会,追加：KWP KeywordSeed由来,冬期講習,z会 冬期講習,値あり,170
Z会,z会,追加：KWP KeywordSeed由来,電話番号,z会 電話番号,値あり,260
Z会,z会,追加：KWP KeywordSeed由来,ホームページ,z会 ホームページ,値あり,40
Z会,z会,追加：KWP KeywordSeed由来,株式会社,z会 株式会社,値あり,320
Z会,z会,追加：KWP KeywordSeed由来,講師,z会 講師,値あり,90
Z会,z会,追加：KWP KeywordSeed由来,とは,z会 とは,値あり,70
Z会,z会,発達特性×口コミ,発達障害 口コミ,z会 発達障害 口コミ,値あり,
Z会,z会,発達特性×口コミ,発達障がい 口コミ,z会 発達障がい 口コミ,値あり,
Z会,z会,発達特性×口コミ,グレーゾーン 口コミ,z会 グレーゾーン 口コミ,値あり,
Z会,z会,発達特性×口コミ,ADHD 口コミ,z会 ADHD 口コミ,値あり,
Z会,z会,発達特性×口コミ,ASD 口コミ,z会 ASD 口コミ,値あり,
Z会,z会,発達特性×口コミ,自閉症 口コミ,z会 自閉症 口コミ,値あり,
Z会,z会,発達特性×口コミ,LD 口コミ,z会 LD 口コミ,値あり,
Z会,z会,発達特性×口コミ,学習障害 口コミ,z会 学習障害 口コミ,値あり,
Z会,z会,発達特性×口コミ,境界知能 口コミ,z会 境界知能 口コミ,値あり,
Z会,z会,発達特性×口コミ,不登校 口コミ,z会 不登校 口コミ,値あり,
Z会,z会,発達特性×評判,発達障害 評判,z会 発達障害 評判,値あり,
Z会,z会,発達特性×評判,発達障がい 評判,z会 発達障がい 評判,値あり,
Z会,z会,発達特性×評判,グレーゾーン 評判,z会 グレーゾーン 評判,値あり,
Z会,z会,発達特性×評判,ADHD 評判,z会 ADHD 評判,値あり,
Z会,z会,発達特性×評判,ASD 評判,z会 ASD 評判,値あり,
Z会,z会,発達特性×評判,自閉症 評判,z会 自閉症 評判,値あり,
Z会,z会,発達特性×評判,LD 評判,z会 LD 評判,値あり,
Z会,z会,発達特性×評判,学習障害 評判,z会 学習障害 評判,値あり,
Z会,z会,発達特性×評判,境界知能 評判,z会 境界知能 評判,値あり,
Z会,z会,発達特性×評判,不登校 評判,z会 不登校 評判,値あり,
Z会,z会,発達特性×料金,発達障害 料金,z会 発達障害 料金,値あり,
Z会,z会,発達特性×料金,発達障がい 料金,z会 発達障がい 料金,値あり,
Z会,z会,発達特性×料金,グレーゾーン 料金,z会 グレーゾーン 料金,値あり,
Z会,z会,発達特性×料金,ADHD 料金,z会 ADHD 料金,値あり,
Z会,z会,発達特性×料金,ASD 料金,z会 ASD 料金,値あり,
Z会,z会,発達特性×料金,自閉症 料金,z会 自閉症 料金,値あり,
Z会,z会,発達特性×料金,LD 料金,z会 LD 料金,値あり,
Z会,z会,発達特性×料金,学習障害 料金,z会 学習障害 料金,値あり,
Z会,z会,発達特性×料金,境界知能 料金,z会 境界知能 料金,値あり,
Z会,z会,発達特性×料金,不登校 料金,z会 不登校 料金,値あり,
Z会,Z会 通信教育,評判・第三者評価,口コミ,Z会 通信教育 口コミ,値あり,90
Z会,Z会 通信教育,評判・第三者評価,評判,Z会 通信教育 評判,値あり,10
Z会,Z会 通信教育,評判・第三者評価,レビュー,Z会 通信教育 レビュー,値あり,
Z会,Z会 通信教育,評判・第三者評価,体験談,Z会 通信教育 体験談,値あり,
Z会,Z会 通信教育,評判・第三者評価,感想,Z会 通信教育 感想,値あり,
Z会,Z会 通信教育,評判・第三者評価,評価,Z会 通信教育 評価,値あり,
Z会,Z会 通信教育,料金・契約,料金,Z会 通信教育 料金,値あり,70
Z会,Z会 通信教育,料金・契約,費用,Z会 通信教育 費用,値あり,10
Z会,Z会 通信教育,料金・契約,月謝,Z会 通信教育 月謝,値あり,
Z会,Z会 通信教育,料金・契約,値段,Z会 通信教育 値段,値あり,10
Z会,Z会 通信教育,料金・契約,価格,Z会 通信教育 価格,値あり,
Z会,Z会 通信教育,料金・契約,入会金,Z会 通信教育 入会金,値あり,
Z会,Z会 通信教育,料金・契約,教材費,Z会 通信教育 教材費,値あり,
Z会,Z会 通信教育,料金・契約,高い,Z会 通信教育 高い,値あり,
Z会,Z会 通信教育,料金・契約,安い,Z会 通信教育 安い,値あり,
Z会,Z会 通信教育,比較・選択,比較,Z会 通信教育 比較,値あり,
Z会,Z会 通信教育,比較・選択,違い,Z会 通信教育 違い,値あり,
Z会,Z会 通信教育,比較・選択,どっち,Z会 通信教育 どっち,値あり,
Z会,Z会 通信教育,比較・選択,おすすめ,Z会 通信教育 おすすめ,値あり,
Z会,Z会 通信教育,比較・選択,他社,Z会 通信教育 他社,値あり,
Z会,Z会 通信教育,比較・選択,ランキング,Z会 通信教育 ランキング,値あり,
Z会,Z会 通信教育,不安・ネガティブ確認,デメリット,Z会 通信教育 デメリット,値あり,
Z会,Z会 通信教育,不安・ネガティブ確認,メリット,Z会 通信教育 メリット,値あり,
Z会,Z会 通信教育,不安・ネガティブ確認,怪しい,Z会 通信教育 怪しい,値あり,
Z会,Z会 通信教育,不安・ネガティブ確認,最悪,Z会 通信教育 最悪,値あり,
Z会,Z会 通信教育,不安・ネガティブ確認,失敗,Z会 通信教育 失敗,値あり,
Z会,Z会 通信教育,不安・ネガティブ確認,後悔,Z会 通信教育 後悔,値あり,
Z会,Z会 通信教育,不安・ネガティブ確認,合わない,Z会 通信教育 合わない,値あり,
Z会,Z会 通信教育,不安・ネガティブ確認,向いてない,Z会 通信教育 向いてない,値あり,
Z会,Z会 通信教育,不安・ネガティブ確認,やめたい,Z会 通信教育 やめたい,値あり,
Z会,Z会 通信教育,不安・ネガティブ確認,辞めたい,Z会 通信教育 辞めたい,値あり,
Z会,Z会 通信教育,不安・ネガティブ確認,退会,Z会 通信教育 退会,値あり,10
Z会,Z会 通信教育,不安・ネガティブ確認,解約,Z会 通信教育 解約,値あり,
Z会,Z会 通信教育,申込直前,無料体験,Z会 通信教育 無料体験,値あり,
Z会,Z会 通信教育,申込直前,体験,Z会 通信教育 体験,値あり,
Z会,Z会 通信教育,申込直前,体験授業,Z会 通信教育 体験授業,値あり,
Z会,Z会 通信教育,申込直前,無料相談,Z会 通信教育 無料相談,値あり,
Z会,Z会 通信教育,申込直前,資料請求,Z会 通信教育 資料請求,値あり,10
Z会,Z会 通信教育,申込直前,申し込み,Z会 通信教育 申し込み,値あり,
Z会,Z会 通信教育,申込直前,入会,Z会 通信教育 入会,値あり,
Z会,Z会 通信教育,発達特性との相性,発達障害,Z会 通信教育 発達障害,値あり,
Z会,Z会 通信教育,発達特性との相性,発達障がい,Z会 通信教育 発達障がい,値あり,
Z会,Z会 通信教育,発達特性との相性,グレーゾーン,Z会 通信教育 グレーゾーン,値あり,
Z会,Z会 通信教育,発達特性との相性,ADHD,Z会 通信教育 ADHD,値あり,
Z会,Z会 通信教育,発達特性との相性,ASD,Z会 通信教育 ASD,値あり,
Z会,Z会 通信教育,発達特性との相性,自閉症,Z会 通信教育 自閉症,値あり,
Z会,Z会 通信教育,発達特性との相性,LD,Z会 通信教育 LD,値あり,
Z会,Z会 通信教育,発達特性との相性,学習障害,Z会 通信教育 学習障害,値あり,
Z会,Z会 通信教育,発達特性との相性,境界知能,Z会 通信教育 境界知能,値あり,
Z会,Z会 通信教育,発達特性との相性,不登校,Z会 通信教育 不登校,値あり,
Z会,Z会 通信教育,対象・用途,小学生,Z会 通信教育 小学生,値あり,40
Z会,Z会 通信教育,対象・用途,中学生,Z会 通信教育 中学生,値あり,40
Z会,Z会 通信教育,対象・用途,高校生,Z会 通信教育 高校生,値あり,30
Z会,Z会 通信教育,対象・用途,高校受験,Z会 通信教育 高校受験,値あり,10
Z会,Z会 通信教育,対象・用途,中学受験,Z会 通信教育 中学受験,値あり,30
Z会,Z会 通信教育,対象・用途,大学受験,Z会 通信教育 大学受験,値あり,30
Z会,Z会 通信教育,追加：SERP・サジェスト由来,評判 悪い,Z会 通信教育 評判 悪い,値あり,
Z会,Z会 通信教育,追加：SERP・サジェスト由来,やばい,Z会 通信教育 やばい,値あり,
Z会,Z会 通信教育,追加：SERP・サジェスト由来,知恵袋,Z会 通信教育 知恵袋,値あり,10
Z会,Z会 通信教育,追加：SERP・サジェスト由来,2ch,Z会 通信教育 2ch,値あり,
Z会,Z会 通信教育,追加：SERP・サジェスト由来,料金表,Z会 通信教育 料金表,値あり,
Z会,Z会 通信教育,追加：SERP・サジェスト由来,授業料,Z会 通信教育 授業料,値あり,
Z会,Z会 通信教育,追加：SERP・サジェスト由来,夏期講習,Z会 通信教育 夏期講習,値あり,10
Z会,Z会 通信教育,追加：SERP・サジェスト由来,意味ない,Z会 通信教育 意味ない,値あり,
Z会,Z会 通信教育,追加：SERP・サジェスト由来,バイト,Z会 通信教育 バイト,値あり,
Z会,Z会 通信教育,追加：SERP・サジェスト由来,求人,Z会 通信教育 求人,値あり,
Z会,Z会 通信教育,追加：KWP KeywordSeed由来,クチコミ,Z会 通信教育 クチコミ,値あり,
Z会,Z会 通信教育,追加：KWP KeywordSeed由来,やめとけ,Z会 通信教育 やめとけ,値あり,
Z会,Z会 通信教育,追加：KWP KeywordSeed由来,合格実績,Z会 通信教育 合格実績,値あり,
Z会,Z会 通信教育,追加：KWP KeywordSeed由来,時間割,Z会 通信教育 時間割,値あり,
Z会,Z会 通信教育,追加：KWP KeywordSeed由来,キャンペーン,Z会 通信教育 キャンペーン,値あり,
Z会,Z会 通信教育,追加：KWP KeywordSeed由来,割引,Z会 通信教育 割引,値あり,
Z会,Z会 通信教育,追加：KWP KeywordSeed由来,コース,Z会 通信教育 コース,値あり,
Z会,Z会 通信教育,追加：KWP KeywordSeed由来,春期講習,Z会 通信教育 春期講習,値あり,
Z会,Z会 通信教育,追加：KWP KeywordSeed由来,冬期講習,Z会 通信教育 冬期講習,値あり,
Z会,Z会 通信教育,追加：KWP KeywordSeed由来,電話番号,Z会 通信教育 電話番号,値あり,
Z会,Z会 通信教育,追加：KWP KeywordSeed由来,ホームページ,Z会 通信教育 ホームページ,値あり,
Z会,Z会 通信教育,追加：KWP KeywordSeed由来,株式会社,Z会 通信教育 株式会社,値あり,
Z会,Z会 通信教育,追加：KWP KeywordSeed由来,講師,Z会 通信教育 講師,値あり,
Z会,Z会 通信教育,追加：KWP KeywordSeed由来,とは,Z会 通信教育 とは,値あり,
スタディサプリ,スタディサプリ,評判・第三者評価,口コミ,スタディサプリ 口コミ,値あり,1600
スタディサプリ,スタディサプリ,評判・第三者評価,評判,スタディサプリ 評判,値あり,170
スタディサプリ,スタディサプリ,評判・第三者評価,レビュー,スタディサプリ レビュー,値あり,20
スタディサプリ,スタディサプリ,評判・第三者評価,体験談,スタディサプリ 体験談,値あり,10
スタディサプリ,スタディサプリ,評判・第三者評価,感想,スタディサプリ 感想,値あり,10
スタディサプリ,スタディサプリ,評判・第三者評価,評価,スタディサプリ 評価,値あり,40
スタディサプリ,スタディサプリ,料金・契約,料金,スタディサプリ 料金,値あり,2900
スタディサプリ,スタディサプリ,料金・契約,費用,スタディサプリ 費用,値あり,40
スタディサプリ,スタディサプリ,料金・契約,月謝,スタディサプリ 月謝,値あり,10
スタディサプリ,スタディサプリ,料金・契約,値段,スタディサプリ 値段,値あり,210
スタディサプリ,スタディサプリ,料金・契約,価格,スタディサプリ 価格,値あり,40
スタディサプリ,スタディサプリ,料金・契約,入会金,スタディサプリ 入会金,値あり,10
スタディサプリ,スタディサプリ,料金・契約,教材費,スタディサプリ 教材費,値あり,10
スタディサプリ,スタディサプリ,料金・契約,高い,スタディサプリ 高い,値あり,10
スタディサプリ,スタディサプリ,料金・契約,安い,スタディサプリ 安い,値あり,10
スタディサプリ,スタディサプリ,比較・選択,比較,スタディサプリ 比較,値あり,30
スタディサプリ,スタディサプリ,比較・選択,違い,スタディサプリ 違い,値あり,10
スタディサプリ,スタディサプリ,比較・選択,どっち,スタディサプリ どっち,値あり,
スタディサプリ,スタディサプリ,比較・選択,おすすめ,スタディサプリ おすすめ,値あり,20
スタディサプリ,スタディサプリ,比較・選択,他社,スタディサプリ 他社,値あり,
スタディサプリ,スタディサプリ,比較・選択,ランキング,スタディサプリ ランキング,値あり,10
スタディサプリ,スタディサプリ,不安・ネガティブ確認,デメリット,スタディサプリ デメリット,値あり,10
スタディサプリ,スタディサプリ,不安・ネガティブ確認,メリット,スタディサプリ メリット,値あり,20
スタディサプリ,スタディサプリ,不安・ネガティブ確認,怪しい,スタディサプリ 怪しい,値あり,
スタディサプリ,スタディサプリ,不安・ネガティブ確認,最悪,スタディサプリ 最悪,値あり,10
スタディサプリ,スタディサプリ,不安・ネガティブ確認,失敗,スタディサプリ 失敗,値あり,10
スタディサプリ,スタディサプリ,不安・ネガティブ確認,後悔,スタディサプリ 後悔,値あり,
スタディサプリ,スタディサプリ,不安・ネガティブ確認,合わない,スタディサプリ 合わない,値あり,
スタディサプリ,スタディサプリ,不安・ネガティブ確認,向いてない,スタディサプリ 向いてない,値あり,
スタディサプリ,スタディサプリ,不安・ネガティブ確認,やめたい,スタディサプリ やめたい,値あり,10
スタディサプリ,スタディサプリ,不安・ネガティブ確認,辞めたい,スタディサプリ 辞めたい,値あり,10
スタディサプリ,スタディサプリ,不安・ネガティブ確認,退会,スタディサプリ 退会,値あり,260
スタディサプリ,スタディサプリ,不安・ネガティブ確認,解約,スタディサプリ 解約,値あり,590
スタディサプリ,スタディサプリ,申込直前,無料体験,スタディサプリ 無料体験,値あり,110
スタディサプリ,スタディサプリ,申込直前,体験,スタディサプリ 体験,値あり,50
スタディサプリ,スタディサプリ,申込直前,体験授業,スタディサプリ 体験授業,値あり,
スタディサプリ,スタディサプリ,申込直前,無料相談,スタディサプリ 無料相談,値あり,
スタディサプリ,スタディサプリ,申込直前,資料請求,スタディサプリ 資料請求,値あり,590
スタディサプリ,スタディサプリ,申込直前,申し込み,スタディサプリ 申し込み,値あり,50
スタディサプリ,スタディサプリ,申込直前,入会,スタディサプリ 入会,値あり,20
スタディサプリ,スタディサプリ,発達特性との相性,発達障害,スタディサプリ 発達障害,値あり,10
スタディサプリ,スタディサプリ,発達特性との相性,発達障がい,スタディサプリ 発達障がい,値あり,
スタディサプリ,スタディサプリ,発達特性との相性,グレーゾーン,スタディサプリ グレーゾーン,値あり,
スタディサプリ,スタディサプリ,発達特性との相性,ADHD,スタディサプリ ADHD,値あり,
スタディサプリ,スタディサプリ,発達特性との相性,ASD,スタディサプリ ASD,値あり,
スタディサプリ,スタディサプリ,発達特性との相性,自閉症,スタディサプリ 自閉症,値あり,
スタディサプリ,スタディサプリ,発達特性との相性,LD,スタディサプリ LD,値あり,
スタディサプリ,スタディサプリ,発達特性との相性,学習障害,スタディサプリ 学習障害,値あり,
スタディサプリ,スタディサプリ,発達特性との相性,境界知能,スタディサプリ 境界知能,値あり,
スタディサプリ,スタディサプリ,発達特性との相性,不登校,スタディサプリ 不登校,値あり,50
スタディサプリ,スタディサプリ,対象・用途,小学生,スタディサプリ 小学生,値あり,720
スタディサプリ,スタディサプリ,対象・用途,中学生,スタディサプリ 中学生,値あり,480
スタディサプリ,スタディサプリ,対象・用途,高校生,スタディサプリ 高校生,値あり,210
スタディサプリ,スタディサプリ,対象・用途,高校受験,スタディサプリ 高校受験,値あり,110
スタディサプリ,スタディサプリ,対象・用途,中学受験,スタディサプリ 中学受験,値あり,320
スタディサプリ,スタディサプリ,対象・用途,大学受験,スタディサプリ 大学受験,値あり,390
スタディサプリ,スタディサプリ,追加：SERP・サジェスト由来,評判 悪い,スタディサプリ 評判 悪い,値あり,70
スタディサプリ,スタディサプリ,追加：SERP・サジェスト由来,やばい,スタディサプリ やばい,値あり,
スタディサプリ,スタディサプリ,追加：SERP・サジェスト由来,知恵袋,スタディサプリ 知恵袋,値あり,50
スタディサプリ,スタディサプリ,追加：SERP・サジェスト由来,2ch,スタディサプリ 2ch,値あり,10
スタディサプリ,スタディサプリ,追加：SERP・サジェスト由来,料金表,スタディサプリ 料金表,値あり,10
スタディサプリ,スタディサプリ,追加：SERP・サジェスト由来,授業料,スタディサプリ 授業料,値あり,10
スタディサプリ,スタディサプリ,追加：SERP・サジェスト由来,夏期講習,スタディサプリ 夏期講習,値あり,20
スタディサプリ,スタディサプリ,追加：SERP・サジェスト由来,意味ない,スタディサプリ 意味ない,値あり,10
スタディサプリ,スタディサプリ,追加：SERP・サジェスト由来,バイト,スタディサプリ バイト,値あり,30
スタディサプリ,スタディサプリ,追加：SERP・サジェスト由来,求人,スタディサプリ 求人,値あり,50
スタディサプリ,スタディサプリ,追加：KWP KeywordSeed由来,クチコミ,スタディサプリ クチコミ,値あり,1600
スタディサプリ,スタディサプリ,追加：KWP KeywordSeed由来,やめとけ,スタディサプリ やめとけ,値あり,
スタディサプリ,スタディサプリ,追加：KWP KeywordSeed由来,合格実績,スタディサプリ 合格実績,値あり,110
スタディサプリ,スタディサプリ,追加：KWP KeywordSeed由来,時間割,スタディサプリ 時間割,値あり,10
スタディサプリ,スタディサプリ,追加：KWP KeywordSeed由来,キャンペーン,スタディサプリ キャンペーン,値あり,210
スタディサプリ,スタディサプリ,追加：KWP KeywordSeed由来,割引,スタディサプリ 割引,値あり,40
スタディサプリ,スタディサプリ,追加：KWP KeywordSeed由来,コース,スタディサプリ コース,値あり,140
スタディサプリ,スタディサプリ,追加：KWP KeywordSeed由来,春期講習,スタディサプリ 春期講習,値あり,10
スタディサプリ,スタディサプリ,追加：KWP KeywordSeed由来,冬期講習,スタディサプリ 冬期講習,値あり,10
スタディサプリ,スタディサプリ,追加：KWP KeywordSeed由来,電話番号,スタディサプリ 電話番号,値あり,50
スタディサプリ,スタディサプリ,追加：KWP KeywordSeed由来,ホームページ,スタディサプリ ホームページ,値あり,10
スタディサプリ,スタディサプリ,追加：KWP KeywordSeed由来,株式会社,スタディサプリ 株式会社,値あり,10
スタディサプリ,スタディサプリ,追加：KWP KeywordSeed由来,講師,スタディサプリ 講師,値あり,170
スタディサプリ,スタディサプリ,追加：KWP KeywordSeed由来,とは,スタディサプリ とは,値あり,140
スタディサプリ,スタディサプリ,発達特性×口コミ,発達障害 口コミ,スタディサプリ 発達障害 口コミ,値あり,
スタディサプリ,スタディサプリ,発達特性×口コミ,発達障がい 口コミ,スタディサプリ 発達障がい 口コミ,値あり,
スタディサプリ,スタディサプリ,発達特性×口コミ,グレーゾーン 口コミ,スタディサプリ グレーゾーン 口コミ,値あり,
スタディサプリ,スタディサプリ,発達特性×口コミ,ADHD 口コミ,スタディサプリ ADHD 口コミ,値あり,
スタディサプリ,スタディサプリ,発達特性×口コミ,ASD 口コミ,スタディサプリ ASD 口コミ,値あり,
スタディサプリ,スタディサプリ,発達特性×口コミ,自閉症 口コミ,スタディサプリ 自閉症 口コミ,値あり,
スタディサプリ,スタディサプリ,発達特性×口コミ,LD 口コミ,スタディサプリ LD 口コミ,値あり,
スタディサプリ,スタディサプリ,発達特性×口コミ,学習障害 口コミ,スタディサプリ 学習障害 口コミ,値あり,
スタディサプリ,スタディサプリ,発達特性×口コミ,境界知能 口コミ,スタディサプリ 境界知能 口コミ,値あり,
スタディサプリ,スタディサプリ,発達特性×口コミ,不登校 口コミ,スタディサプリ 不登校 口コミ,値あり,
スタディサプリ,スタディサプリ,発達特性×評判,発達障害 評判,スタディサプリ 発達障害 評判,値あり,
スタディサプリ,スタディサプリ,発達特性×評判,発達障がい 評判,スタディサプリ 発達障がい 評判,値あり,
スタディサプリ,スタディサプリ,発達特性×評判,グレーゾーン 評判,スタディサプリ グレーゾーン 評判,値あり,
スタディサプリ,スタディサプリ,発達特性×評判,ADHD 評判,スタディサプリ ADHD 評判,値あり,
スタディサプリ,スタディサプリ,発達特性×評判,ASD 評判,スタディサプリ ASD 評判,値あり,
スタディサプリ,スタディサプリ,発達特性×評判,自閉症 評判,スタディサプリ 自閉症 評判,値あり,
スタディサプリ,スタディサプリ,発達特性×評判,LD 評判,スタディサプリ LD 評判,値あり,
スタディサプリ,スタディサプリ,発達特性×評判,学習障害 評判,スタディサプリ 学習障害 評判,値あり,
スタディサプリ,スタディサプリ,発達特性×評判,境界知能 評判,スタディサプリ 境界知能 評判,値あり,
スタディサプリ,スタディサプリ,発達特性×評判,不登校 評判,スタディサプリ 不登校 評判,値あり,
スタディサプリ,スタディサプリ,発達特性×料金,発達障害 料金,スタディサプリ 発達障害 料金,値あり,
スタディサプリ,スタディサプリ,発達特性×料金,発達障がい 料金,スタディサプリ 発達障がい 料金,値あり,
スタディサプリ,スタディサプリ,発達特性×料金,グレーゾーン 料金,スタディサプリ グレーゾーン 料金,値あり,
スタディサプリ,スタディサプリ,発達特性×料金,ADHD 料金,スタディサプリ ADHD 料金,値あり,
スタディサプリ,スタディサプリ,発達特性×料金,ASD 料金,スタディサプリ ASD 料金,値あり,
スタディサプリ,スタディサプリ,発達特性×料金,自閉症 料金,スタディサプリ 自閉症 料金,値あり,
スタディサプリ,スタディサプリ,発達特性×料金,LD 料金,スタディサプリ LD 料金,値あり,
スタディサプリ,スタディサプリ,発達特性×料金,学習障害 料金,スタディサプリ 学習障害 料金,値あり,
スタディサプリ,スタディサプリ,発達特性×料金,境界知能 料金,スタディサプリ 境界知能 料金,値あり,
スタディサプリ,スタディサプリ,発達特性×料金,不登校 料金,スタディサプリ 不登校 料金,値あり,
スタディサプリ,スタサプ,評判・第三者評価,口コミ,スタサプ 口コミ,値あり,880
スタディサプリ,スタサプ,評判・第三者評価,評判,スタサプ 評判,値あり,170
スタディサプリ,スタサプ,評判・第三者評価,レビュー,スタサプ レビュー,値あり,20
スタディサプリ,スタサプ,評判・第三者評価,体験談,スタサプ 体験談,値あり,10
スタディサプリ,スタサプ,評判・第三者評価,感想,スタサプ 感想,値あり,10
スタディサプリ,スタサプ,評判・第三者評価,評価,スタサプ 評価,値あり,70
スタディサプリ,スタサプ,料金・契約,料金,スタサプ 料金,値あり,5400
スタディサプリ,スタサプ,料金・契約,費用,スタサプ 費用,値あり,40
スタディサプリ,スタサプ,料金・契約,月謝,スタサプ 月謝,値あり,
スタディサプリ,スタサプ,料金・契約,値段,スタサプ 値段,値あり,480
スタディサプリ,スタサプ,料金・契約,価格,スタサプ 価格,値あり,40
スタディサプリ,スタサプ,料金・契約,入会金,スタサプ 入会金,値あり,
スタディサプリ,スタサプ,料金・契約,教材費,スタサプ 教材費,値あり,
スタディサプリ,スタサプ,料金・契約,高い,スタサプ 高い,値あり,20
スタディサプリ,スタサプ,料金・契約,安い,スタサプ 安い,値あり,10
スタディサプリ,スタサプ,比較・選択,比較,スタサプ 比較,値あり,20
スタディサプリ,スタサプ,比較・選択,違い,スタサプ 違い,値あり,10
スタディサプリ,スタサプ,比較・選択,どっち,スタサプ どっち,値あり,
スタディサプリ,スタサプ,比較・選択,おすすめ,スタサプ おすすめ,値あり,50
スタディサプリ,スタサプ,比較・選択,他社,スタサプ 他社,値あり,
スタディサプリ,スタサプ,比較・選択,ランキング,スタサプ ランキング,値あり,10
スタディサプリ,スタサプ,不安・ネガティブ確認,デメリット,スタサプ デメリット,値あり,20
スタディサプリ,スタサプ,不安・ネガティブ確認,メリット,スタサプ メリット,値あり,20
スタディサプリ,スタサプ,不安・ネガティブ確認,怪しい,スタサプ 怪しい,値あり,
スタディサプリ,スタサプ,不安・ネガティブ確認,最悪,スタサプ 最悪,値あり,
スタディサプリ,スタサプ,不安・ネガティブ確認,失敗,スタサプ 失敗,値あり,
スタディサプリ,スタサプ,不安・ネガティブ確認,後悔,スタサプ 後悔,値あり,
スタディサプリ,スタサプ,不安・ネガティブ確認,合わない,スタサプ 合わない,値あり,
スタディサプリ,スタサプ,不安・ネガティブ確認,向いてない,スタサプ 向いてない,値あり,
スタディサプリ,スタサプ,不安・ネガティブ確認,やめたい,スタサプ やめたい,値あり,
スタディサプリ,スタサプ,不安・ネガティブ確認,辞めたい,スタサプ 辞めたい,値あり,
スタディサプリ,スタサプ,不安・ネガティブ確認,退会,スタサプ 退会,値あり,260
スタディサプリ,スタサプ,不安・ネガティブ確認,解約,スタサプ 解約,値あり,880
スタディサプリ,スタサプ,申込直前,無料体験,スタサプ 無料体験,値あり,260
スタディサプリ,スタサプ,申込直前,体験,スタサプ 体験,値あり,90
スタディサプリ,スタサプ,申込直前,体験授業,スタサプ 体験授業,値あり,
スタディサプリ,スタサプ,申込直前,無料相談,スタサプ 無料相談,値あり,
スタディサプリ,スタサプ,申込直前,資料請求,スタサプ 資料請求,値あり,880
スタディサプリ,スタサプ,申込直前,申し込み,スタサプ 申し込み,値あり,140
スタディサプリ,スタサプ,申込直前,入会,スタサプ 入会,値あり,40
スタディサプリ,スタサプ,発達特性との相性,発達障害,スタサプ 発達障害,値あり,
スタディサプリ,スタサプ,発達特性との相性,発達障がい,スタサプ 発達障がい,値あり,
スタディサプリ,スタサプ,発達特性との相性,グレーゾーン,スタサプ グレーゾーン,値あり,
スタディサプリ,スタサプ,発達特性との相性,ADHD,スタサプ ADHD,値あり,
スタディサプリ,スタサプ,発達特性との相性,ASD,スタサプ ASD,値あり,
スタディサプリ,スタサプ,発達特性との相性,自閉症,スタサプ 自閉症,値あり,
スタディサプリ,スタサプ,発達特性との相性,LD,スタサプ LD,値あり,
スタディサプリ,スタサプ,発達特性との相性,学習障害,スタサプ 学習障害,値あり,
スタディサプリ,スタサプ,発達特性との相性,境界知能,スタサプ 境界知能,値あり,
スタディサプリ,スタサプ,発達特性との相性,不登校,スタサプ 不登校,値あり,30
スタディサプリ,スタサプ,対象・用途,小学生,スタサプ 小学生,値あり,880
スタディサプリ,スタサプ,対象・用途,中学生,スタサプ 中学生,値あり,1300
スタディサプリ,スタサプ,対象・用途,高校生,スタサプ 高校生,値あり,390
スタディサプリ,スタサプ,対象・用途,高校受験,スタサプ 高校受験,値あり,140
スタディサプリ,スタサプ,対象・用途,中学受験,スタサプ 中学受験,値あり,260
スタディサプリ,スタサプ,対象・用途,大学受験,スタサプ 大学受験,値あり,720
スタディサプリ,スタサプ,追加：SERP・サジェスト由来,評判 悪い,スタサプ 評判 悪い,値あり,10
スタディサプリ,スタサプ,追加：SERP・サジェスト由来,やばい,スタサプ やばい,値あり,
スタディサプリ,スタサプ,追加：SERP・サジェスト由来,知恵袋,スタサプ 知恵袋,値あり,110
スタディサプリ,スタサプ,追加：SERP・サジェスト由来,2ch,スタサプ 2ch,値あり,10
スタディサプリ,スタサプ,追加：SERP・サジェスト由来,料金表,スタサプ 料金表,値あり,
スタディサプリ,スタサプ,追加：SERP・サジェスト由来,授業料,スタサプ 授業料,値あり,
スタディサプリ,スタサプ,追加：SERP・サジェスト由来,夏期講習,スタサプ 夏期講習,値あり,50
スタディサプリ,スタサプ,追加：SERP・サジェスト由来,意味ない,スタサプ 意味ない,値あり,30
スタディサプリ,スタサプ,追加：SERP・サジェスト由来,バイト,スタサプ バイト,値あり,30
スタディサプリ,スタサプ,追加：SERP・サジェスト由来,求人,スタサプ 求人,値あり,10
スタディサプリ,スタサプ,追加：KWP KeywordSeed由来,クチコミ,スタサプ クチコミ,値あり,880
スタディサプリ,スタサプ,追加：KWP KeywordSeed由来,やめとけ,スタサプ やめとけ,値あり,
スタディサプリ,スタサプ,追加：KWP KeywordSeed由来,合格実績,スタサプ 合格実績,値あり,40
スタディサプリ,スタサプ,追加：KWP KeywordSeed由来,時間割,スタサプ 時間割,値あり,
スタディサプリ,スタサプ,追加：KWP KeywordSeed由来,キャンペーン,スタサプ キャンペーン,値あり,320
スタディサプリ,スタサプ,追加：KWP KeywordSeed由来,割引,スタサプ 割引,値あり,40
スタディサプリ,スタサプ,追加：KWP KeywordSeed由来,コース,スタサプ コース,値あり,260
スタディサプリ,スタサプ,追加：KWP KeywordSeed由来,春期講習,スタサプ 春期講習,値あり,10
スタディサプリ,スタサプ,追加：KWP KeywordSeed由来,冬期講習,スタサプ 冬期講習,値あり,10
スタディサプリ,スタサプ,追加：KWP KeywordSeed由来,電話番号,スタサプ 電話番号,値あり,20
スタディサプリ,スタサプ,追加：KWP KeywordSeed由来,ホームページ,スタサプ ホームページ,値あり,10
スタディサプリ,スタサプ,追加：KWP KeywordSeed由来,株式会社,スタサプ 株式会社,値あり,
スタディサプリ,スタサプ,追加：KWP KeywordSeed由来,講師,スタサプ 講師,値あり,390
スタディサプリ,スタサプ,追加：KWP KeywordSeed由来,とは,スタサプ とは,値あり,110
天神,天神 教材,評判・第三者評価,口コミ,天神 教材 口コミ,値あり,50
天神,天神 教材,評判・第三者評価,評判,天神 教材 評判,値あり,10
天神,天神 教材,評判・第三者評価,レビュー,天神 教材 レビュー,値あり,
天神,天神 教材,評判・第三者評価,体験談,天神 教材 体験談,値あり,
天神,天神 教材,評判・第三者評価,感想,天神 教材 感想,値あり,
天神,天神 教材,評判・第三者評価,評価,天神 教材 評価,値あり,
天神,天神 教材,料金・契約,料金,天神 教材 料金,値あり,10
天神,天神 教材,料金・契約,費用,天神 教材 費用,値あり,10
天神,天神 教材,料金・契約,月謝,天神 教材 月謝,値あり,
天神,天神 教材,料金・契約,値段,天神 教材 値段,値あり,10
天神,天神 教材,料金・契約,価格,天神 教材 価格,値あり,10
天神,天神 教材,料金・契約,入会金,天神 教材 入会金,値あり,
天神,天神 教材,料金・契約,教材費,天神 教材 教材費,値あり,
天神,天神 教材,料金・契約,高い,天神 教材 高い,値あり,
天神,天神 教材,料金・契約,安い,天神 教材 安い,値あり,
天神,天神 教材,比較・選択,比較,天神 教材 比較,値あり,
天神,天神 教材,比較・選択,違い,天神 教材 違い,値あり,
天神,天神 教材,比較・選択,どっち,天神 教材 どっち,値あり,
天神,天神 教材,比較・選択,おすすめ,天神 教材 おすすめ,値あり,
天神,天神 教材,比較・選択,他社,天神 教材 他社,値あり,
天神,天神 教材,比較・選択,ランキング,天神 教材 ランキング,値あり,
天神,天神 教材,不安・ネガティブ確認,デメリット,天神 教材 デメリット,値あり,
天神,天神 教材,不安・ネガティブ確認,メリット,天神 教材 メリット,値あり,
天神,天神 教材,不安・ネガティブ確認,怪しい,天神 教材 怪しい,値あり,
天神,天神 教材,不安・ネガティブ確認,最悪,天神 教材 最悪,値あり,
天神,天神 教材,不安・ネガティブ確認,失敗,天神 教材 失敗,値あり,
天神,天神 教材,不安・ネガティブ確認,後悔,天神 教材 後悔,値あり,
天神,天神 教材,不安・ネガティブ確認,合わない,天神 教材 合わない,値あり,
天神,天神 教材,不安・ネガティブ確認,向いてない,天神 教材 向いてない,値あり,
天神,天神 教材,不安・ネガティブ確認,やめたい,天神 教材 やめたい,値あり,
天神,天神 教材,不安・ネガティブ確認,辞めたい,天神 教材 辞めたい,値あり,
天神,天神 教材,不安・ネガティブ確認,退会,天神 教材 退会,値あり,
天神,天神 教材,不安・ネガティブ確認,解約,天神 教材 解約,値あり,
天神,天神 教材,申込直前,無料体験,天神 教材 無料体験,値あり,
天神,天神 教材,申込直前,体験,天神 教材 体験,値あり,
天神,天神 教材,申込直前,体験授業,天神 教材 体験授業,値あり,
天神,天神 教材,申込直前,無料相談,天神 教材 無料相談,値あり,
天神,天神 教材,申込直前,資料請求,天神 教材 資料請求,値あり,
天神,天神 教材,申込直前,申し込み,天神 教材 申し込み,値あり,
天神,天神 教材,申込直前,入会,天神 教材 入会,値あり,
天神,天神 教材,発達特性との相性,発達障害,天神 教材 発達障害,値あり,10
天神,天神 教材,発達特性との相性,発達障がい,天神 教材 発達障がい,値あり,
天神,天神 教材,発達特性との相性,グレーゾーン,天神 教材 グレーゾーン,値あり,
天神,天神 教材,発達特性との相性,ADHD,天神 教材 ADHD,値あり,
天神,天神 教材,発達特性との相性,ASD,天神 教材 ASD,値あり,
天神,天神 教材,発達特性との相性,自閉症,天神 教材 自閉症,値あり,
天神,天神 教材,発達特性との相性,LD,天神 教材 LD,値あり,
天神,天神 教材,発達特性との相性,学習障害,天神 教材 学習障害,値あり,
天神,天神 教材,発達特性との相性,境界知能,天神 教材 境界知能,値あり,
天神,天神 教材,発達特性との相性,不登校,天神 教材 不登校,値あり,
天神,天神 教材,対象・用途,小学生,天神 教材 小学生,値あり,
天神,天神 教材,対象・用途,中学生,天神 教材 中学生,値あり,
天神,天神 教材,対象・用途,高校生,天神 教材 高校生,値あり,
天神,天神 教材,対象・用途,高校受験,天神 教材 高校受験,値あり,
天神,天神 教材,対象・用途,中学受験,天神 教材 中学受験,値あり,
天神,天神 教材,対象・用途,大学受験,天神 教材 大学受験,値あり,
天神,天神 教材,追加：SERP・サジェスト由来,評判 悪い,天神 教材 評判 悪い,値あり,
天神,天神 教材,追加：SERP・サジェスト由来,やばい,天神 教材 やばい,値あり,
天神,天神 教材,追加：SERP・サジェスト由来,知恵袋,天神 教材 知恵袋,値あり,
天神,天神 教材,追加：SERP・サジェスト由来,2ch,天神 教材 2ch,値あり,
天神,天神 教材,追加：SERP・サジェスト由来,料金表,天神 教材 料金表,値あり,
天神,天神 教材,追加：SERP・サジェスト由来,授業料,天神 教材 授業料,値あり,
天神,天神 教材,追加：SERP・サジェスト由来,夏期講習,天神 教材 夏期講習,値あり,
天神,天神 教材,追加：SERP・サジェスト由来,意味ない,天神 教材 意味ない,値あり,
天神,天神 教材,追加：SERP・サジェスト由来,バイト,天神 教材 バイト,値あり,
天神,天神 教材,追加：SERP・サジェスト由来,求人,天神 教材 求人,値あり,
天神,天神 教材,追加：KWP KeywordSeed由来,クチコミ,天神 教材 クチコミ,値あり,
天神,天神 教材,追加：KWP KeywordSeed由来,やめとけ,天神 教材 やめとけ,値あり,
天神,天神 教材,追加：KWP KeywordSeed由来,合格実績,天神 教材 合格実績,値あり,
天神,天神 教材,追加：KWP KeywordSeed由来,時間割,天神 教材 時間割,値あり,
天神,天神 教材,追加：KWP KeywordSeed由来,キャンペーン,天神 教材 キャンペーン,値あり,
天神,天神 教材,追加：KWP KeywordSeed由来,割引,天神 教材 割引,値あり,
天神,天神 教材,追加：KWP KeywordSeed由来,コース,天神 教材 コース,値あり,
天神,天神 教材,追加：KWP KeywordSeed由来,春期講習,天神 教材 春期講習,値あり,
天神,天神 教材,追加：KWP KeywordSeed由来,冬期講習,天神 教材 冬期講習,値あり,
天神,天神 教材,追加：KWP KeywordSeed由来,電話番号,天神 教材 電話番号,値あり,
天神,天神 教材,追加：KWP KeywordSeed由来,ホームページ,天神 教材 ホームページ,値あり,
天神,天神 教材,追加：KWP KeywordSeed由来,株式会社,天神 教材 株式会社,値あり,
天神,天神 教材,追加：KWP KeywordSeed由来,講師,天神 教材 講師,値あり,
天神,天神 教材,追加：KWP KeywordSeed由来,とは,天神 教材 とは,値あり,
天神,天神 教材,発達特性×口コミ,発達障害 口コミ,天神 教材 発達障害 口コミ,値あり,
天神,天神 教材,発達特性×口コミ,発達障がい 口コミ,天神 教材 発達障がい 口コミ,値あり,
天神,天神 教材,発達特性×口コミ,グレーゾーン 口コミ,天神 教材 グレーゾーン 口コミ,値あり,
天神,天神 教材,発達特性×口コミ,ADHD 口コミ,天神 教材 ADHD 口コミ,値あり,
天神,天神 教材,発達特性×口コミ,ASD 口コミ,天神 教材 ASD 口コミ,値あり,
天神,天神 教材,発達特性×口コミ,自閉症 口コミ,天神 教材 自閉症 口コミ,値あり,
天神,天神 教材,発達特性×口コミ,LD 口コミ,天神 教材 LD 口コミ,値あり,
天神,天神 教材,発達特性×口コミ,学習障害 口コミ,天神 教材 学習障害 口コミ,値あり,
天神,天神 教材,発達特性×口コミ,境界知能 口コミ,天神 教材 境界知能 口コミ,値あり,
天神,天神 教材,発達特性×口コミ,不登校 口コミ,天神 教材 不登校 口コミ,値あり,
天神,天神 教材,発達特性×評判,発達障害 評判,天神 教材 発達障害 評判,値あり,
天神,天神 教材,発達特性×評判,発達障がい 評判,天神 教材 発達障がい 評判,値あり,
天神,天神 教材,発達特性×評判,グレーゾーン 評判,天神 教材 グレーゾーン 評判,値あり,
天神,天神 教材,発達特性×評判,ADHD 評判,天神 教材 ADHD 評判,値あり,
天神,天神 教材,発達特性×評判,ASD 評判,天神 教材 ASD 評判,値あり,
天神,天神 教材,発達特性×評判,自閉症 評判,天神 教材 自閉症 評判,値あり,
天神,天神 教材,発達特性×評判,LD 評判,天神 教材 LD 評判,値あり,
天神,天神 教材,発達特性×評判,学習障害 評判,天神 教材 学習障害 評判,値あり,
天神,天神 教材,発達特性×評判,境界知能 評判,天神 教材 境界知能 評判,値あり,
天神,天神 教材,発達特性×評判,不登校 評判,天神 教材 不登校 評判,値あり,
天神,天神 教材,発達特性×料金,発達障害 料金,天神 教材 発達障害 料金,値あり,
天神,天神 教材,発達特性×料金,発達障がい 料金,天神 教材 発達障がい 料金,値あり,
天神,天神 教材,発達特性×料金,グレーゾーン 料金,天神 教材 グレーゾーン 料金,値あり,
天神,天神 教材,発達特性×料金,ADHD 料金,天神 教材 ADHD 料金,値あり,
天神,天神 教材,発達特性×料金,ASD 料金,天神 教材 ASD 料金,値あり,
天神,天神 教材,発達特性×料金,自閉症 料金,天神 教材 自閉症 料金,値あり,
天神,天神 教材,発達特性×料金,LD 料金,天神 教材 LD 料金,値あり,
天神,天神 教材,発達特性×料金,学習障害 料金,天神 教材 学習障害 料金,値あり,
天神,天神 教材,発達特性×料金,境界知能 料金,天神 教材 境界知能 料金,値あり,
天神,天神 教材,発達特性×料金,不登校 料金,天神 教材 不登校 料金,値あり,
天神,天神 タブレット,評判・第三者評価,口コミ,天神 タブレット 口コミ,値あり,70
天神,天神 タブレット,評判・第三者評価,評判,天神 タブレット 評判,値あり,10
天神,天神 タブレット,評判・第三者評価,レビュー,天神 タブレット レビュー,値あり,
天神,天神 タブレット,評判・第三者評価,体験談,天神 タブレット 体験談,値あり,
天神,天神 タブレット,評判・第三者評価,感想,天神 タブレット 感想,値あり,
天神,天神 タブレット,評判・第三者評価,評価,天神 タブレット 評価,値あり,
天神,天神 タブレット,料金・契約,料金,天神 タブレット 料金,値あり,170
天神,天神 タブレット,料金・契約,費用,天神 タブレット 費用,値あり,
天神,天神 タブレット,料金・契約,月謝,天神 タブレット 月謝,値あり,
天神,天神 タブレット,料金・契約,値段,天神 タブレット 値段,値あり,90
天神,天神 タブレット,料金・契約,価格,天神 タブレット 価格,値あり,10
天神,天神 タブレット,料金・契約,入会金,天神 タブレット 入会金,値あり,
天神,天神 タブレット,料金・契約,教材費,天神 タブレット 教材費,値あり,
天神,天神 タブレット,料金・契約,高い,天神 タブレット 高い,値あり,
天神,天神 タブレット,料金・契約,安い,天神 タブレット 安い,値あり,
天神,天神 タブレット,比較・選択,比較,天神 タブレット 比較,値あり,
天神,天神 タブレット,比較・選択,違い,天神 タブレット 違い,値あり,
天神,天神 タブレット,比較・選択,どっち,天神 タブレット どっち,値あり,
天神,天神 タブレット,比較・選択,おすすめ,天神 タブレット おすすめ,値あり,
天神,天神 タブレット,比較・選択,他社,天神 タブレット 他社,値あり,
天神,天神 タブレット,比較・選択,ランキング,天神 タブレット ランキング,値あり,
天神,天神 タブレット,不安・ネガティブ確認,デメリット,天神 タブレット デメリット,値あり,10
天神,天神 タブレット,不安・ネガティブ確認,メリット,天神 タブレット メリット,値あり,0
天神,天神 タブレット,不安・ネガティブ確認,怪しい,天神 タブレット 怪しい,値あり,
天神,天神 タブレット,不安・ネガティブ確認,最悪,天神 タブレット 最悪,値あり,
天神,天神 タブレット,不安・ネガティブ確認,失敗,天神 タブレット 失敗,値あり,70
天神,天神 タブレット,不安・ネガティブ確認,後悔,天神 タブレット 後悔,値あり,10
天神,天神 タブレット,不安・ネガティブ確認,合わない,天神 タブレット 合わない,値あり,
天神,天神 タブレット,不安・ネガティブ確認,向いてない,天神 タブレット 向いてない,値あり,
天神,天神 タブレット,不安・ネガティブ確認,やめたい,天神 タブレット やめたい,値あり,
天神,天神 タブレット,不安・ネガティブ確認,辞めたい,天神 タブレット 辞めたい,値あり,
天神,天神 タブレット,不安・ネガティブ確認,退会,天神 タブレット 退会,値あり,
天神,天神 タブレット,不安・ネガティブ確認,解約,天神 タブレット 解約,値あり,
天神,天神 タブレット,申込直前,無料体験,天神 タブレット 無料体験,値あり,
天神,天神 タブレット,申込直前,体験,天神 タブレット 体験,値あり,10
天神,天神 タブレット,申込直前,体験授業,天神 タブレット 体験授業,値あり,
天神,天神 タブレット,申込直前,無料相談,天神 タブレット 無料相談,値あり,
天神,天神 タブレット,申込直前,資料請求,天神 タブレット 資料請求,値あり,
天神,天神 タブレット,申込直前,申し込み,天神 タブレット 申し込み,値あり,
天神,天神 タブレット,申込直前,入会,天神 タブレット 入会,値あり,
天神,天神 タブレット,発達特性との相性,発達障害,天神 タブレット 発達障害,値あり,
天神,天神 タブレット,発達特性との相性,発達障がい,天神 タブレット 発達障がい,値あり,
天神,天神 タブレット,発達特性との相性,グレーゾーン,天神 タブレット グレーゾーン,値あり,
天神,天神 タブレット,発達特性との相性,ADHD,天神 タブレット ADHD,値あり,
天神,天神 タブレット,発達特性との相性,ASD,天神 タブレット ASD,値あり,
天神,天神 タブレット,発達特性との相性,自閉症,天神 タブレット 自閉症,値あり,
天神,天神 タブレット,発達特性との相性,LD,天神 タブレット LD,値あり,
天神,天神 タブレット,発達特性との相性,学習障害,天神 タブレット 学習障害,値あり,
天神,天神 タブレット,発達特性との相性,境界知能,天神 タブレット 境界知能,値あり,
天神,天神 タブレット,発達特性との相性,不登校,天神 タブレット 不登校,値あり,
天神,天神 タブレット,対象・用途,小学生,天神 タブレット 小学生,値あり,20
天神,天神 タブレット,対象・用途,中学生,天神 タブレット 中学生,値あり,
天神,天神 タブレット,対象・用途,高校生,天神 タブレット 高校生,値あり,
天神,天神 タブレット,対象・用途,高校受験,天神 タブレット 高校受験,値あり,
天神,天神 タブレット,対象・用途,中学受験,天神 タブレット 中学受験,値あり,
天神,天神 タブレット,対象・用途,大学受験,天神 タブレット 大学受験,値あり,
天神,天神 タブレット,追加：SERP・サジェスト由来,評判 悪い,天神 タブレット 評判 悪い,値あり,
天神,天神 タブレット,追加：SERP・サジェスト由来,やばい,天神 タブレット やばい,値あり,
天神,天神 タブレット,追加：SERP・サジェスト由来,知恵袋,天神 タブレット 知恵袋,値あり,
天神,天神 タブレット,追加：SERP・サジェスト由来,2ch,天神 タブレット 2ch,値あり,
天神,天神 タブレット,追加：SERP・サジェスト由来,料金表,天神 タブレット 料金表,値あり,
天神,天神 タブレット,追加：SERP・サジェスト由来,授業料,天神 タブレット 授業料,値あり,
天神,天神 タブレット,追加：SERP・サジェスト由来,夏期講習,天神 タブレット 夏期講習,値あり,
天神,天神 タブレット,追加：SERP・サジェスト由来,意味ない,天神 タブレット 意味ない,値あり,
天神,天神 タブレット,追加：SERP・サジェスト由来,バイト,天神 タブレット バイト,値あり,
天神,天神 タブレット,追加：SERP・サジェスト由来,求人,天神 タブレット 求人,値あり,
天神,天神 タブレット,追加：KWP KeywordSeed由来,クチコミ,天神 タブレット クチコミ,値あり,
天神,天神 タブレット,追加：KWP KeywordSeed由来,やめとけ,天神 タブレット やめとけ,値あり,
天神,天神 タブレット,追加：KWP KeywordSeed由来,合格実績,天神 タブレット 合格実績,値あり,
天神,天神 タブレット,追加：KWP KeywordSeed由来,時間割,天神 タブレット 時間割,値あり,
天神,天神 タブレット,追加：KWP KeywordSeed由来,キャンペーン,天神 タブレット キャンペーン,値あり,
天神,天神 タブレット,追加：KWP KeywordSeed由来,割引,天神 タブレット 割引,値あり,
天神,天神 タブレット,追加：KWP KeywordSeed由来,コース,天神 タブレット コース,値あり,
天神,天神 タブレット,追加：KWP KeywordSeed由来,春期講習,天神 タブレット 春期講習,値あり,
天神,天神 タブレット,追加：KWP KeywordSeed由来,冬期講習,天神 タブレット 冬期講習,値あり,
天神,天神 タブレット,追加：KWP KeywordSeed由来,電話番号,天神 タブレット 電話番号,値あり,
天神,天神 タブレット,追加：KWP KeywordSeed由来,ホームページ,天神 タブレット ホームページ,値あり,
天神,天神 タブレット,追加：KWP KeywordSeed由来,株式会社,天神 タブレット 株式会社,値あり,
天神,天神 タブレット,追加：KWP KeywordSeed由来,講師,天神 タブレット 講師,値あり,
天神,天神 タブレット,追加：KWP KeywordSeed由来,とは,天神 タブレット とは,値あり,
公文式,公文,評判・第三者評価,口コミ,公文 口コミ,値あり,880
公文式,公文,評判・第三者評価,評判,公文 評判,値あり,210
公文式,公文,評判・第三者評価,レビュー,公文 レビュー,値あり,
公文式,公文,評判・第三者評価,体験談,公文 体験談,値あり,10
公文式,公文,評判・第三者評価,感想,公文 感想,値あり,10
公文式,公文,評判・第三者評価,評価,公文 評価,値あり,40
公文式,公文,料金・契約,料金,公文 料金,値あり,1900
公文式,公文,料金・契約,費用,公文 費用,値あり,390
公文式,公文,料金・契約,月謝,公文 月謝,値あり,14800
公文式,公文,料金・契約,値段,公文 値段,値あり,1000
公文式,公文,料金・契約,価格,公文 価格,値あり,70
公文式,公文,料金・契約,入会金,公文 入会金,値あり,390
公文式,公文,料金・契約,教材費,公文 教材費,値あり,30
公文式,公文,料金・契約,高い,公文 高い,値あり,320
公文式,公文,料金・契約,安い,公文 安い,値あり,
公文式,公文,比較・選択,比較,公文 比較,値あり,10
公文式,公文,比較・選択,違い,公文 違い,値あり,
公文式,公文,比較・選択,どっち,公文 どっち,値あり,
公文式,公文,比較・選択,おすすめ,公文 おすすめ,値あり,50
公文式,公文,比較・選択,他社,公文 他社,値あり,
公文式,公文,比較・選択,ランキング,公文 ランキング,値あり,70
公文式,公文,不安・ネガティブ確認,デメリット,公文 デメリット,値あり,170
公文式,公文,不安・ネガティブ確認,メリット,公文 メリット,値あり,140
公文式,公文,不安・ネガティブ確認,怪しい,公文 怪しい,値あり,
公文式,公文,不安・ネガティブ確認,最悪,公文 最悪,値あり,10
公文式,公文,不安・ネガティブ確認,失敗,公文 失敗,値あり,10
公文式,公文,不安・ネガティブ確認,後悔,公文 後悔,値あり,20
公文式,公文,不安・ネガティブ確認,合わない,公文 合わない,値あり,20
公文式,公文,不安・ネガティブ確認,向いてない,公文 向いてない,値あり,
公文式,公文,不安・ネガティブ確認,やめたい,公文 やめたい,値あり,170
公文式,公文,不安・ネガティブ確認,辞めたい,公文 辞めたい,値あり,170
公文式,公文,不安・ネガティブ確認,退会,公文 退会,値あり,1000
公文式,公文,不安・ネガティブ確認,解約,公文 解約,値あり,70
公文式,公文,申込直前,無料体験,公文 無料体験,値あり,1600
公文式,公文,申込直前,体験,公文 体験,値あり,2400
公文式,公文,申込直前,体験授業,公文 体験授業,値あり,
公文式,公文,申込直前,無料相談,公文 無料相談,値あり,
公文式,公文,申込直前,資料請求,公文 資料請求,値あり,30
公文式,公文,申込直前,申し込み,公文 申し込み,値あり,110
公文式,公文,申込直前,入会,公文 入会,値あり,140
公文式,公文,発達特性との相性,発達障害,公文 発達障害,値あり,390
公文式,公文,発達特性との相性,発達障がい,公文 発達障がい,値あり,
公文式,公文,発達特性との相性,グレーゾーン,公文 グレーゾーン,値あり,
公文式,公文,発達特性との相性,ADHD,公文 ADHD,値あり,30
公文式,公文,発達特性との相性,ASD,公文 ASD,値あり,
公文式,公文,発達特性との相性,自閉症,公文 自閉症,値あり,
公文式,公文,発達特性との相性,LD,公文 LD,値あり,
公文式,公文,発達特性との相性,学習障害,公文 学習障害,値あり,30
公文式,公文,発達特性との相性,境界知能,公文 境界知能,値あり,
公文式,公文,発達特性との相性,不登校,公文 不登校,値あり,30
公文式,公文,対象・用途,小学生,公文 小学生,値あり,390
公文式,公文,対象・用途,中学生,公文 中学生,値あり,1600
公文式,公文,対象・用途,高校生,公文 高校生,値あり,590
公文式,公文,対象・用途,高校受験,公文 高校受験,値あり,210
公文式,公文,対象・用途,中学受験,公文 中学受験,値あり,480
公文式,公文,対象・用途,大学受験,公文 大学受験,値あり,140
公文式,公文,追加：SERP・サジェスト由来,評判 悪い,公文 評判 悪い,値あり,
公文式,公文,追加：SERP・サジェスト由来,やばい,公文 やばい,値あり,90
公文式,公文,追加：SERP・サジェスト由来,知恵袋,公文 知恵袋,値あり,30
公文式,公文,追加：SERP・サジェスト由来,2ch,公文 2ch,値あり,10
公文式,公文,追加：SERP・サジェスト由来,料金表,公文 料金表,値あり,50
公文式,公文,追加：SERP・サジェスト由来,授業料,公文 授業料,値あり,210
公文式,公文,追加：SERP・サジェスト由来,夏期講習,公文 夏期講習,値あり,480
公文式,公文,追加：SERP・サジェスト由来,意味ない,公文 意味ない,値あり,320
公文式,公文,追加：SERP・サジェスト由来,バイト,公文 バイト,値あり,6600
公文式,公文,追加：SERP・サジェスト由来,求人,公文 求人,値あり,1600
公文式,公文,追加：KWP KeywordSeed由来,クチコミ,公文 クチコミ,値あり,880
公文式,公文,追加：KWP KeywordSeed由来,やめとけ,公文 やめとけ,値あり,20
公文式,公文,追加：KWP KeywordSeed由来,合格実績,公文 合格実績,値あり,
公文式,公文,追加：KWP KeywordSeed由来,時間割,公文 時間割,値あり,30
公文式,公文,追加：KWP KeywordSeed由来,キャンペーン,公文 キャンペーン,値あり,170
公文式,公文,追加：KWP KeywordSeed由来,割引,公文 割引,値あり,50
公文式,公文,追加：KWP KeywordSeed由来,コース,公文 コース,値あり,
公文式,公文,追加：KWP KeywordSeed由来,春期講習,公文 春期講習,値あり,30
公文式,公文,追加：KWP KeywordSeed由来,冬期講習,公文 冬期講習,値あり,40
公文式,公文,追加：KWP KeywordSeed由来,電話番号,公文 電話番号,値あり,50
公文式,公文,追加：KWP KeywordSeed由来,ホームページ,公文 ホームページ,値あり,70
公文式,公文,追加：KWP KeywordSeed由来,株式会社,公文 株式会社,値あり,90
公文式,公文,追加：KWP KeywordSeed由来,講師,公文 講師,値あり,90
公文式,公文,追加：KWP KeywordSeed由来,とは,公文 とは,値あり,390
公文式,公文,発達特性×口コミ,発達障害 口コミ,公文 発達障害 口コミ,値あり,
公文式,公文,発達特性×口コミ,発達障がい 口コミ,公文 発達障がい 口コミ,値あり,
公文式,公文,発達特性×口コミ,グレーゾーン 口コミ,公文 グレーゾーン 口コミ,値あり,
公文式,公文,発達特性×口コミ,ADHD 口コミ,公文 ADHD 口コミ,値あり,
公文式,公文,発達特性×口コミ,ASD 口コミ,公文 ASD 口コミ,値あり,
公文式,公文,発達特性×口コミ,自閉症 口コミ,公文 自閉症 口コミ,値あり,
公文式,公文,発達特性×口コミ,LD 口コミ,公文 LD 口コミ,値あり,
公文式,公文,発達特性×口コミ,学習障害 口コミ,公文 学習障害 口コミ,値あり,
公文式,公文,発達特性×口コミ,境界知能 口コミ,公文 境界知能 口コミ,値あり,
公文式,公文,発達特性×口コミ,不登校 口コミ,公文 不登校 口コミ,値あり,
公文式,公文,発達特性×評判,発達障害 評判,公文 発達障害 評判,値あり,
公文式,公文,発達特性×評判,発達障がい 評判,公文 発達障がい 評判,値あり,
公文式,公文,発達特性×評判,グレーゾーン 評判,公文 グレーゾーン 評判,値あり,
公文式,公文,発達特性×評判,ADHD 評判,公文 ADHD 評判,値あり,
公文式,公文,発達特性×評判,ASD 評判,公文 ASD 評判,値あり,
公文式,公文,発達特性×評判,自閉症 評判,公文 自閉症 評判,値あり,
公文式,公文,発達特性×評判,LD 評判,公文 LD 評判,値あり,
公文式,公文,発達特性×評判,学習障害 評判,公文 学習障害 評判,値あり,
公文式,公文,発達特性×評判,境界知能 評判,公文 境界知能 評判,値あり,
公文式,公文,発達特性×評判,不登校 評判,公文 不登校 評判,値あり,
公文式,公文,発達特性×料金,発達障害 料金,公文 発達障害 料金,値あり,
公文式,公文,発達特性×料金,発達障がい 料金,公文 発達障がい 料金,値あり,
公文式,公文,発達特性×料金,グレーゾーン 料金,公文 グレーゾーン 料金,値あり,
公文式,公文,発達特性×料金,ADHD 料金,公文 ADHD 料金,値あり,
公文式,公文,発達特性×料金,ASD 料金,公文 ASD 料金,値あり,
公文式,公文,発達特性×料金,自閉症 料金,公文 自閉症 料金,値あり,
公文式,公文,発達特性×料金,LD 料金,公文 LD 料金,値あり,
公文式,公文,発達特性×料金,学習障害 料金,公文 学習障害 料金,値あり,
公文式,公文,発達特性×料金,境界知能 料金,公文 境界知能 料金,値あり,
公文式,公文,発達特性×料金,不登校 料金,公文 不登校 料金,値あり,
公文式,くもん,評判・第三者評価,口コミ,くもん 口コミ,値あり,880
公文式,くもん,評判・第三者評価,評判,くもん 評判,値あり,210
公文式,くもん,評判・第三者評価,レビュー,くもん レビュー,値あり,
公文式,くもん,評判・第三者評価,体験談,くもん 体験談,値あり,10
公文式,くもん,評判・第三者評価,感想,くもん 感想,値あり,10
公文式,くもん,評判・第三者評価,評価,くもん 評価,値あり,40
公文式,くもん,料金・契約,料金,くもん 料金,値あり,1900
公文式,くもん,料金・契約,費用,くもん 費用,値あり,390
公文式,くもん,料金・契約,月謝,くもん 月謝,値あり,14800
公文式,くもん,料金・契約,値段,くもん 値段,値あり,1000
公文式,くもん,料金・契約,価格,くもん 価格,値あり,70
公文式,くもん,料金・契約,入会金,くもん 入会金,値あり,390
公文式,くもん,料金・契約,教材費,くもん 教材費,値あり,30
公文式,くもん,料金・契約,高い,くもん 高い,値あり,320
公文式,くもん,料金・契約,安い,くもん 安い,値あり,
公文式,くもん,比較・選択,比較,くもん 比較,値あり,10
公文式,くもん,比較・選択,違い,くもん 違い,値あり,
公文式,くもん,比較・選択,どっち,くもん どっち,値あり,
公文式,くもん,比較・選択,おすすめ,くもん おすすめ,値あり,50
公文式,くもん,比較・選択,他社,くもん 他社,値あり,
公文式,くもん,比較・選択,ランキング,くもん ランキング,値あり,70
公文式,くもん,不安・ネガティブ確認,デメリット,くもん デメリット,値あり,170
公文式,くもん,不安・ネガティブ確認,メリット,くもん メリット,値あり,140
公文式,くもん,不安・ネガティブ確認,怪しい,くもん 怪しい,値あり,
公文式,くもん,不安・ネガティブ確認,最悪,くもん 最悪,値あり,10
公文式,くもん,不安・ネガティブ確認,失敗,くもん 失敗,値あり,10
公文式,くもん,不安・ネガティブ確認,後悔,くもん 後悔,値あり,20
公文式,くもん,不安・ネガティブ確認,合わない,くもん 合わない,値あり,20
公文式,くもん,不安・ネガティブ確認,向いてない,くもん 向いてない,値あり,
公文式,くもん,不安・ネガティブ確認,やめたい,くもん やめたい,値あり,170
公文式,くもん,不安・ネガティブ確認,辞めたい,くもん 辞めたい,値あり,170
公文式,くもん,不安・ネガティブ確認,退会,くもん 退会,値あり,1000
公文式,くもん,不安・ネガティブ確認,解約,くもん 解約,値あり,70
公文式,くもん,申込直前,無料体験,くもん 無料体験,値あり,1600
公文式,くもん,申込直前,体験,くもん 体験,値あり,2400
公文式,くもん,申込直前,体験授業,くもん 体験授業,値あり,
公文式,くもん,申込直前,無料相談,くもん 無料相談,値あり,
公文式,くもん,申込直前,資料請求,くもん 資料請求,値あり,30
公文式,くもん,申込直前,申し込み,くもん 申し込み,値あり,110
公文式,くもん,申込直前,入会,くもん 入会,値あり,140
公文式,くもん,発達特性との相性,発達障害,くもん 発達障害,値あり,390
公文式,くもん,発達特性との相性,発達障がい,くもん 発達障がい,値あり,
公文式,くもん,発達特性との相性,グレーゾーン,くもん グレーゾーン,値あり,
公文式,くもん,発達特性との相性,ADHD,くもん ADHD,値あり,30
公文式,くもん,発達特性との相性,ASD,くもん ASD,値あり,
公文式,くもん,発達特性との相性,自閉症,くもん 自閉症,値あり,
公文式,くもん,発達特性との相性,LD,くもん LD,値あり,
公文式,くもん,発達特性との相性,学習障害,くもん 学習障害,値あり,30
公文式,くもん,発達特性との相性,境界知能,くもん 境界知能,値あり,
公文式,くもん,発達特性との相性,不登校,くもん 不登校,値あり,30
公文式,くもん,対象・用途,小学生,くもん 小学生,値あり,390
公文式,くもん,対象・用途,中学生,くもん 中学生,値あり,1600
公文式,くもん,対象・用途,高校生,くもん 高校生,値あり,590
公文式,くもん,対象・用途,高校受験,くもん 高校受験,値あり,210
公文式,くもん,対象・用途,中学受験,くもん 中学受験,値あり,480
公文式,くもん,対象・用途,大学受験,くもん 大学受験,値あり,140
公文式,くもん,追加：SERP・サジェスト由来,評判 悪い,くもん 評判 悪い,値あり,
公文式,くもん,追加：SERP・サジェスト由来,やばい,くもん やばい,値あり,90
公文式,くもん,追加：SERP・サジェスト由来,知恵袋,くもん 知恵袋,値あり,30
公文式,くもん,追加：SERP・サジェスト由来,2ch,くもん 2ch,値あり,10
公文式,くもん,追加：SERP・サジェスト由来,料金表,くもん 料金表,値あり,50
公文式,くもん,追加：SERP・サジェスト由来,授業料,くもん 授業料,値あり,210
公文式,くもん,追加：SERP・サジェスト由来,夏期講習,くもん 夏期講習,値あり,480
公文式,くもん,追加：SERP・サジェスト由来,意味ない,くもん 意味ない,値あり,320
公文式,くもん,追加：SERP・サジェスト由来,バイト,くもん バイト,値あり,6600
公文式,くもん,追加：SERP・サジェスト由来,求人,くもん 求人,値あり,1600
公文式,くもん,追加：KWP KeywordSeed由来,クチコミ,くもん クチコミ,値あり,880
公文式,くもん,追加：KWP KeywordSeed由来,やめとけ,くもん やめとけ,値あり,
公文式,くもん,追加：KWP KeywordSeed由来,合格実績,くもん 合格実績,値あり,
公文式,くもん,追加：KWP KeywordSeed由来,時間割,くもん 時間割,値あり,30
公文式,くもん,追加：KWP KeywordSeed由来,キャンペーン,くもん キャンペーン,値あり,170
公文式,くもん,追加：KWP KeywordSeed由来,割引,くもん 割引,値あり,50
公文式,くもん,追加：KWP KeywordSeed由来,コース,くもん コース,値あり,
公文式,くもん,追加：KWP KeywordSeed由来,春期講習,くもん 春期講習,値あり,30
公文式,くもん,追加：KWP KeywordSeed由来,冬期講習,くもん 冬期講習,値あり,40
公文式,くもん,追加：KWP KeywordSeed由来,電話番号,くもん 電話番号,値あり,50
公文式,くもん,追加：KWP KeywordSeed由来,ホームページ,くもん ホームページ,値あり,70
公文式,くもん,追加：KWP KeywordSeed由来,株式会社,くもん 株式会社,値あり,90
公文式,くもん,追加：KWP KeywordSeed由来,講師,くもん 講師,値あり,90
公文式,くもん,追加：KWP KeywordSeed由来,とは,くもん とは,値あり,390
学研教室,学研教室,評判・第三者評価,口コミ,学研教室 口コミ,値あり,590
学研教室,学研教室,評判・第三者評価,評判,学研教室 評判,値あり,30
学研教室,学研教室,評判・第三者評価,レビュー,学研教室 レビュー,値あり,
学研教室,学研教室,評判・第三者評価,体験談,学研教室 体験談,値あり,
学研教室,学研教室,評判・第三者評価,感想,学研教室 感想,値あり,
学研教室,学研教室,評判・第三者評価,評価,学研教室 評価,値あり,10
学研教室,学研教室,料金・契約,料金,学研教室 料金,値あり,50
学研教室,学研教室,料金・契約,費用,学研教室 費用,値あり,20
学研教室,学研教室,料金・契約,月謝,学研教室 月謝,値あり,1000
学研教室,学研教室,料金・契約,値段,学研教室 値段,値あり,30
学研教室,学研教室,料金・契約,価格,学研教室 価格,値あり,
学研教室,学研教室,料金・契約,入会金,学研教室 入会金,値あり,30
学研教室,学研教室,料金・契約,教材費,学研教室 教材費,値あり,
学研教室,学研教室,料金・契約,高い,学研教室 高い,値あり,
学研教室,学研教室,料金・契約,安い,学研教室 安い,値あり,
学研教室,学研教室,比較・選択,比較,学研教室 比較,値あり,
学研教室,学研教室,比較・選択,違い,学研教室 違い,値あり,
学研教室,学研教室,比較・選択,どっち,学研教室 どっち,値あり,
学研教室,学研教室,比較・選択,おすすめ,学研教室 おすすめ,値あり,
学研教室,学研教室,比較・選択,他社,学研教室 他社,値あり,
学研教室,学研教室,比較・選択,ランキング,学研教室 ランキング,値あり,10
学研教室,学研教室,不安・ネガティブ確認,デメリット,学研教室 デメリット,値あり,10
学研教室,学研教室,不安・ネガティブ確認,メリット,学研教室 メリット,値あり,10
学研教室,学研教室,不安・ネガティブ確認,怪しい,学研教室 怪しい,値あり,
学研教室,学研教室,不安・ネガティブ確認,最悪,学研教室 最悪,値あり,320
学研教室,学研教室,不安・ネガティブ確認,失敗,学研教室 失敗,値あり,
学研教室,学研教室,不安・ネガティブ確認,後悔,学研教室 後悔,値あり,
学研教室,学研教室,不安・ネガティブ確認,合わない,学研教室 合わない,値あり,
学研教室,学研教室,不安・ネガティブ確認,向いてない,学研教室 向いてない,値あり,
学研教室,学研教室,不安・ネガティブ確認,やめたい,学研教室 やめたい,値あり,
学研教室,学研教室,不安・ネガティブ確認,辞めたい,学研教室 辞めたい,値あり,10
学研教室,学研教室,不安・ネガティブ確認,退会,学研教室 退会,値あり,70
学研教室,学研教室,不安・ネガティブ確認,解約,学研教室 解約,値あり,
学研教室,学研教室,申込直前,無料体験,学研教室 無料体験,値あり,50
学研教室,学研教室,申込直前,体験,学研教室 体験,値あり,70
学研教室,学研教室,申込直前,体験授業,学研教室 体験授業,値あり,
学研教室,学研教室,申込直前,無料相談,学研教室 無料相談,値あり,
学研教室,学研教室,申込直前,資料請求,学研教室 資料請求,値あり,10
学研教室,学研教室,申込直前,申し込み,学研教室 申し込み,値あり,10
学研教室,学研教室,申込直前,入会,学研教室 入会,値あり,20
学研教室,学研教室,発達特性との相性,発達障害,学研教室 発達障害,値あり,30
学研教室,学研教室,発達特性との相性,発達障がい,学研教室 発達障がい,値あり,
学研教室,学研教室,発達特性との相性,グレーゾーン,学研教室 グレーゾーン,値あり,
学研教室,学研教室,発達特性との相性,ADHD,学研教室 ADHD,値あり,
学研教室,学研教室,発達特性との相性,ASD,学研教室 ASD,値あり,
学研教室,学研教室,発達特性との相性,自閉症,学研教室 自閉症,値あり,
学研教室,学研教室,発達特性との相性,LD,学研教室 LD,値あり,
学研教室,学研教室,発達特性との相性,学習障害,学研教室 学習障害,値あり,
学研教室,学研教室,発達特性との相性,境界知能,学研教室 境界知能,値あり,
学研教室,学研教室,発達特性との相性,不登校,学研教室 不登校,値あり,
学研教室,学研教室,対象・用途,小学生,学研教室 小学生,値あり,110
学研教室,学研教室,対象・用途,中学生,学研教室 中学生,値あり,320
学研教室,学研教室,対象・用途,高校生,学研教室 高校生,値あり,30
学研教室,学研教室,対象・用途,高校受験,学研教室 高校受験,値あり,20
学研教室,学研教室,対象・用途,中学受験,学研教室 中学受験,値あり,50
学研教室,学研教室,対象・用途,大学受験,学研教室 大学受験,値あり,
学研教室,学研教室,追加：SERP・サジェスト由来,評判 悪い,学研教室 評判 悪い,値あり,
学研教室,学研教室,追加：SERP・サジェスト由来,やばい,学研教室 やばい,値あり,
学研教室,学研教室,追加：SERP・サジェスト由来,知恵袋,学研教室 知恵袋,値あり,
学研教室,学研教室,追加：SERP・サジェスト由来,2ch,学研教室 2ch,値あり,
学研教室,学研教室,追加：SERP・サジェスト由来,料金表,学研教室 料金表,値あり,
学研教室,学研教室,追加：SERP・サジェスト由来,授業料,学研教室 授業料,値あり,10
学研教室,学研教室,追加：SERP・サジェスト由来,夏期講習,学研教室 夏期講習,値あり,30
学研教室,学研教室,追加：SERP・サジェスト由来,意味ない,学研教室 意味ない,値あり,480
学研教室,学研教室,追加：SERP・サジェスト由来,バイト,学研教室 バイト,値あり,170
学研教室,学研教室,追加：SERP・サジェスト由来,求人,学研教室 求人,値あり,140
学研教室,学研教室,追加：KWP KeywordSeed由来,クチコミ,学研教室 クチコミ,値あり,590
学研教室,学研教室,追加：KWP KeywordSeed由来,やめとけ,学研教室 やめとけ,値あり,
学研教室,学研教室,追加：KWP KeywordSeed由来,合格実績,学研教室 合格実績,値あり,10
学研教室,学研教室,追加：KWP KeywordSeed由来,時間割,学研教室 時間割,値あり,
学研教室,学研教室,追加：KWP KeywordSeed由来,キャンペーン,学研教室 キャンペーン,値あり,30
学研教室,学研教室,追加：KWP KeywordSeed由来,割引,学研教室 割引,値あり,
学研教室,学研教室,追加：KWP KeywordSeed由来,コース,学研教室 コース,値あり,10
学研教室,学研教室,追加：KWP KeywordSeed由来,春期講習,学研教室 春期講習,値あり,10
学研教室,学研教室,追加：KWP KeywordSeed由来,冬期講習,学研教室 冬期講習,値あり,10
学研教室,学研教室,追加：KWP KeywordSeed由来,電話番号,学研教室 電話番号,値あり,30
学研教室,学研教室,追加：KWP KeywordSeed由来,ホームページ,学研教室 ホームページ,値あり,30
学研教室,学研教室,追加：KWP KeywordSeed由来,株式会社,学研教室 株式会社,値あり,
学研教室,学研教室,追加：KWP KeywordSeed由来,講師,学研教室 講師,値あり,10
学研教室,学研教室,追加：KWP KeywordSeed由来,とは,学研教室 とは,値あり,10
学研教室,学研教室,発達特性×口コミ,発達障害 口コミ,学研教室 発達障害 口コミ,値あり,
学研教室,学研教室,発達特性×口コミ,発達障がい 口コミ,学研教室 発達障がい 口コミ,値あり,
学研教室,学研教室,発達特性×口コミ,グレーゾーン 口コミ,学研教室 グレーゾーン 口コミ,値あり,
学研教室,学研教室,発達特性×口コミ,ADHD 口コミ,学研教室 ADHD 口コミ,値あり,
学研教室,学研教室,発達特性×口コミ,ASD 口コミ,学研教室 ASD 口コミ,値あり,
学研教室,学研教室,発達特性×口コミ,自閉症 口コミ,学研教室 自閉症 口コミ,値あり,
学研教室,学研教室,発達特性×口コミ,LD 口コミ,学研教室 LD 口コミ,値あり,
学研教室,学研教室,発達特性×口コミ,学習障害 口コミ,学研教室 学習障害 口コミ,値あり,
学研教室,学研教室,発達特性×口コミ,境界知能 口コミ,学研教室 境界知能 口コミ,値あり,
学研教室,学研教室,発達特性×口コミ,不登校 口コミ,学研教室 不登校 口コミ,値あり,
学研教室,学研教室,発達特性×評判,発達障害 評判,学研教室 発達障害 評判,値あり,
学研教室,学研教室,発達特性×評判,発達障がい 評判,学研教室 発達障がい 評判,値あり,
学研教室,学研教室,発達特性×評判,グレーゾーン 評判,学研教室 グレーゾーン 評判,値あり,
学研教室,学研教室,発達特性×評判,ADHD 評判,学研教室 ADHD 評判,値あり,
学研教室,学研教室,発達特性×評判,ASD 評判,学研教室 ASD 評判,値あり,
学研教室,学研教室,発達特性×評判,自閉症 評判,学研教室 自閉症 評判,値あり,
学研教室,学研教室,発達特性×評判,LD 評判,学研教室 LD 評判,値あり,
学研教室,学研教室,発達特性×評判,学習障害 評判,学研教室 学習障害 評判,値あり,
学研教室,学研教室,発達特性×評判,境界知能 評判,学研教室 境界知能 評判,値あり,
学研教室,学研教室,発達特性×評判,不登校 評判,学研教室 不登校 評判,値あり,
学研教室,学研教室,発達特性×料金,発達障害 料金,学研教室 発達障害 料金,値あり,
学研教室,学研教室,発達特性×料金,発達障がい 料金,学研教室 発達障がい 料金,値あり,
学研教室,学研教室,発達特性×料金,グレーゾーン 料金,学研教室 グレーゾーン 料金,値あり,
学研教室,学研教室,発達特性×料金,ADHD 料金,学研教室 ADHD 料金,値あり,
学研教室,学研教室,発達特性×料金,ASD 料金,学研教室 ASD 料金,値あり,
学研教室,学研教室,発達特性×料金,自閉症 料金,学研教室 自閉症 料金,値あり,
学研教室,学研教室,発達特性×料金,LD 料金,学研教室 LD 料金,値あり,
学研教室,学研教室,発達特性×料金,学習障害 料金,学研教室 学習障害 料金,値あり,
学研教室,学研教室,発達特性×料金,境界知能 料金,学研教室 境界知能 料金,値あり,
学研教室,学研教室,発達特性×料金,不登校 料金,学研教室 不登校 料金,値あり,
QQキッズ,qqキッズ,評判・第三者評価,口コミ,qqキッズ 口コミ,値あり,170
QQキッズ,qqキッズ,評判・第三者評価,評判,qqキッズ 評判,値あり,10
QQキッズ,qqキッズ,評判・第三者評価,レビュー,qqキッズ レビュー,値あり,
QQキッズ,qqキッズ,評判・第三者評価,体験談,qqキッズ 体験談,値あり,
QQキッズ,qqキッズ,評判・第三者評価,感想,qqキッズ 感想,値あり,
QQキッズ,qqキッズ,評判・第三者評価,評価,qqキッズ 評価,値あり,
QQキッズ,qqキッズ,料金・契約,料金,qqキッズ 料金,値あり,90
QQキッズ,qqキッズ,料金・契約,費用,qqキッズ 費用,値あり,
QQキッズ,qqキッズ,料金・契約,月謝,qqキッズ 月謝,値あり,
QQキッズ,qqキッズ,料金・契約,値段,qqキッズ 値段,値あり,
QQキッズ,qqキッズ,料金・契約,価格,qqキッズ 価格,値あり,
QQキッズ,qqキッズ,料金・契約,入会金,qqキッズ 入会金,値あり,
QQキッズ,qqキッズ,料金・契約,教材費,qqキッズ 教材費,値あり,10
QQキッズ,qqキッズ,料金・契約,高い,qqキッズ 高い,値あり,
QQキッズ,qqキッズ,料金・契約,安い,qqキッズ 安い,値あり,
QQキッズ,qqキッズ,比較・選択,比較,qqキッズ 比較,値あり,10
QQキッズ,qqキッズ,比較・選択,違い,qqキッズ 違い,値あり,
QQキッズ,qqキッズ,比較・選択,どっち,qqキッズ どっち,値あり,
QQキッズ,qqキッズ,比較・選択,おすすめ,qqキッズ おすすめ,値あり,
QQキッズ,qqキッズ,比較・選択,他社,qqキッズ 他社,値あり,
QQキッズ,qqキッズ,比較・選択,ランキング,qqキッズ ランキング,値あり,
QQキッズ,qqキッズ,不安・ネガティブ確認,デメリット,qqキッズ デメリット,値あり,
QQキッズ,qqキッズ,不安・ネガティブ確認,メリット,qqキッズ メリット,値あり,
QQキッズ,qqキッズ,不安・ネガティブ確認,怪しい,qqキッズ 怪しい,値あり,
QQキッズ,qqキッズ,不安・ネガティブ確認,最悪,qqキッズ 最悪,値あり,
QQキッズ,qqキッズ,不安・ネガティブ確認,失敗,qqキッズ 失敗,値あり,
QQキッズ,qqキッズ,不安・ネガティブ確認,後悔,qqキッズ 後悔,値あり,
QQキッズ,qqキッズ,不安・ネガティブ確認,合わない,qqキッズ 合わない,値あり,
QQキッズ,qqキッズ,不安・ネガティブ確認,向いてない,qqキッズ 向いてない,値あり,
QQキッズ,qqキッズ,不安・ネガティブ確認,やめたい,qqキッズ やめたい,値あり,
QQキッズ,qqキッズ,不安・ネガティブ確認,辞めたい,qqキッズ 辞めたい,値あり,
QQキッズ,qqキッズ,不安・ネガティブ確認,退会,qqキッズ 退会,値あり,10
QQキッズ,qqキッズ,不安・ネガティブ確認,解約,qqキッズ 解約,値あり,10
QQキッズ,qqキッズ,申込直前,無料体験,qqキッズ 無料体験,値あり,20
QQキッズ,qqキッズ,申込直前,体験,qqキッズ 体験,値あり,10
QQキッズ,qqキッズ,申込直前,体験授業,qqキッズ 体験授業,値あり,
QQキッズ,qqキッズ,申込直前,無料相談,qqキッズ 無料相談,値あり,
QQキッズ,qqキッズ,申込直前,資料請求,qqキッズ 資料請求,値あり,
QQキッズ,qqキッズ,申込直前,申し込み,qqキッズ 申し込み,値あり,
QQキッズ,qqキッズ,申込直前,入会,qqキッズ 入会,値あり,
QQキッズ,qqキッズ,発達特性との相性,発達障害,qqキッズ 発達障害,値あり,
QQキッズ,qqキッズ,発達特性との相性,発達障がい,qqキッズ 発達障がい,値あり,
QQキッズ,qqキッズ,発達特性との相性,グレーゾーン,qqキッズ グレーゾーン,値あり,
QQキッズ,qqキッズ,発達特性との相性,ADHD,qqキッズ ADHD,値あり,
QQキッズ,qqキッズ,発達特性との相性,ASD,qqキッズ ASD,値あり,
QQキッズ,qqキッズ,発達特性との相性,自閉症,qqキッズ 自閉症,値あり,
QQキッズ,qqキッズ,発達特性との相性,LD,qqキッズ LD,値あり,
QQキッズ,qqキッズ,発達特性との相性,学習障害,qqキッズ 学習障害,値あり,
QQキッズ,qqキッズ,発達特性との相性,境界知能,qqキッズ 境界知能,値あり,
QQキッズ,qqキッズ,発達特性との相性,不登校,qqキッズ 不登校,値あり,
QQキッズ,qqキッズ,対象・用途,小学生,qqキッズ 小学生,値あり,30
QQキッズ,qqキッズ,対象・用途,中学生,qqキッズ 中学生,値あり,10
QQキッズ,qqキッズ,対象・用途,高校生,qqキッズ 高校生,値あり,
QQキッズ,qqキッズ,対象・用途,高校受験,qqキッズ 高校受験,値あり,
QQキッズ,qqキッズ,対象・用途,中学受験,qqキッズ 中学受験,値あり,
QQキッズ,qqキッズ,対象・用途,大学受験,qqキッズ 大学受験,値あり,
QQキッズ,qqキッズ,追加：SERP・サジェスト由来,評判 悪い,qqキッズ 評判 悪い,値あり,
QQキッズ,qqキッズ,追加：SERP・サジェスト由来,やばい,qqキッズ やばい,値あり,
QQキッズ,qqキッズ,追加：SERP・サジェスト由来,知恵袋,qqキッズ 知恵袋,値あり,
QQキッズ,qqキッズ,追加：SERP・サジェスト由来,2ch,qqキッズ 2ch,値あり,
QQキッズ,qqキッズ,追加：SERP・サジェスト由来,料金表,qqキッズ 料金表,値あり,
QQキッズ,qqキッズ,追加：SERP・サジェスト由来,授業料,qqキッズ 授業料,値あり,
QQキッズ,qqキッズ,追加：SERP・サジェスト由来,夏期講習,qqキッズ 夏期講習,値あり,
QQキッズ,qqキッズ,追加：SERP・サジェスト由来,意味ない,qqキッズ 意味ない,値あり,
QQキッズ,qqキッズ,追加：SERP・サジェスト由来,バイト,qqキッズ バイト,値あり,
QQキッズ,qqキッズ,追加：SERP・サジェスト由来,求人,qqキッズ 求人,値あり,
QQキッズ,qqキッズ,追加：KWP KeywordSeed由来,クチコミ,qqキッズ クチコミ,値あり,
QQキッズ,qqキッズ,追加：KWP KeywordSeed由来,やめとけ,qqキッズ やめとけ,値あり,
QQキッズ,qqキッズ,追加：KWP KeywordSeed由来,合格実績,qqキッズ 合格実績,値あり,
QQキッズ,qqキッズ,追加：KWP KeywordSeed由来,時間割,qqキッズ 時間割,値あり,
QQキッズ,qqキッズ,追加：KWP KeywordSeed由来,キャンペーン,qqキッズ キャンペーン,値あり,10
QQキッズ,qqキッズ,追加：KWP KeywordSeed由来,割引,qqキッズ 割引,値あり,
QQキッズ,qqキッズ,追加：KWP KeywordSeed由来,コース,qqキッズ コース,値あり,
QQキッズ,qqキッズ,追加：KWP KeywordSeed由来,春期講習,qqキッズ 春期講習,値あり,
QQキッズ,qqキッズ,追加：KWP KeywordSeed由来,冬期講習,qqキッズ 冬期講習,値あり,
QQキッズ,qqキッズ,追加：KWP KeywordSeed由来,電話番号,qqキッズ 電話番号,値あり,
QQキッズ,qqキッズ,追加：KWP KeywordSeed由来,ホームページ,qqキッズ ホームページ,値あり,
QQキッズ,qqキッズ,追加：KWP KeywordSeed由来,株式会社,qqキッズ 株式会社,値あり,
QQキッズ,qqキッズ,追加：KWP KeywordSeed由来,講師,qqキッズ 講師,値あり,110
QQキッズ,qqキッズ,追加：KWP KeywordSeed由来,とは,qqキッズ とは,値あり,
QQキッズ,qqキッズ,発達特性×口コミ,発達障害 口コミ,qqキッズ 発達障害 口コミ,値あり,
QQキッズ,qqキッズ,発達特性×口コミ,発達障がい 口コミ,qqキッズ 発達障がい 口コミ,値あり,
QQキッズ,qqキッズ,発達特性×口コミ,グレーゾーン 口コミ,qqキッズ グレーゾーン 口コミ,値あり,
QQキッズ,qqキッズ,発達特性×口コミ,ADHD 口コミ,qqキッズ ADHD 口コミ,値あり,
QQキッズ,qqキッズ,発達特性×口コミ,ASD 口コミ,qqキッズ ASD 口コミ,値あり,
QQキッズ,qqキッズ,発達特性×口コミ,自閉症 口コミ,qqキッズ 自閉症 口コミ,値あり,
QQキッズ,qqキッズ,発達特性×口コミ,LD 口コミ,qqキッズ LD 口コミ,値あり,
QQキッズ,qqキッズ,発達特性×口コミ,学習障害 口コミ,qqキッズ 学習障害 口コミ,値あり,
QQキッズ,qqキッズ,発達特性×口コミ,境界知能 口コミ,qqキッズ 境界知能 口コミ,値あり,
QQキッズ,qqキッズ,発達特性×口コミ,不登校 口コミ,qqキッズ 不登校 口コミ,値あり,
QQキッズ,qqキッズ,発達特性×評判,発達障害 評判,qqキッズ 発達障害 評判,値あり,
QQキッズ,qqキッズ,発達特性×評判,発達障がい 評判,qqキッズ 発達障がい 評判,値あり,
QQキッズ,qqキッズ,発達特性×評判,グレーゾーン 評判,qqキッズ グレーゾーン 評判,値あり,
QQキッズ,qqキッズ,発達特性×評判,ADHD 評判,qqキッズ ADHD 評判,値あり,
QQキッズ,qqキッズ,発達特性×評判,ASD 評判,qqキッズ ASD 評判,値あり,
QQキッズ,qqキッズ,発達特性×評判,自閉症 評判,qqキッズ 自閉症 評判,値あり,
QQキッズ,qqキッズ,発達特性×評判,LD 評判,qqキッズ LD 評判,値あり,
QQキッズ,qqキッズ,発達特性×評判,学習障害 評判,qqキッズ 学習障害 評判,値あり,
QQキッズ,qqキッズ,発達特性×評判,境界知能 評判,qqキッズ 境界知能 評判,値あり,
QQキッズ,qqキッズ,発達特性×評判,不登校 評判,qqキッズ 不登校 評判,値あり,
QQキッズ,qqキッズ,発達特性×料金,発達障害 料金,qqキッズ 発達障害 料金,値あり,
QQキッズ,qqキッズ,発達特性×料金,発達障がい 料金,qqキッズ 発達障がい 料金,値あり,
QQキッズ,qqキッズ,発達特性×料金,グレーゾーン 料金,qqキッズ グレーゾーン 料金,値あり,
QQキッズ,qqキッズ,発達特性×料金,ADHD 料金,qqキッズ ADHD 料金,値あり,
QQキッズ,qqキッズ,発達特性×料金,ASD 料金,qqキッズ ASD 料金,値あり,
QQキッズ,qqキッズ,発達特性×料金,自閉症 料金,qqキッズ 自閉症 料金,値あり,
QQキッズ,qqキッズ,発達特性×料金,LD 料金,qqキッズ LD 料金,値あり,
QQキッズ,qqキッズ,発達特性×料金,学習障害 料金,qqキッズ 学習障害 料金,値あり,
QQキッズ,qqキッズ,発達特性×料金,境界知能 料金,qqキッズ 境界知能 料金,値あり,
QQキッズ,qqキッズ,発達特性×料金,不登校 料金,qqキッズ 不登校 料金,値あり,
QQキッズ,QQ English キッズ,評判・第三者評価,口コミ,QQ English キッズ 口コミ,値あり,
QQキッズ,QQ English キッズ,評判・第三者評価,評判,QQ English キッズ 評判,値あり,
QQキッズ,QQ English キッズ,評判・第三者評価,レビュー,QQ English キッズ レビュー,値あり,
QQキッズ,QQ English キッズ,評判・第三者評価,体験談,QQ English キッズ 体験談,値あり,
QQキッズ,QQ English キッズ,評判・第三者評価,感想,QQ English キッズ 感想,値あり,
QQキッズ,QQ English キッズ,評判・第三者評価,評価,QQ English キッズ 評価,値あり,
QQキッズ,QQ English キッズ,料金・契約,料金,QQ English キッズ 料金,値あり,
QQキッズ,QQ English キッズ,料金・契約,費用,QQ English キッズ 費用,値あり,
QQキッズ,QQ English キッズ,料金・契約,月謝,QQ English キッズ 月謝,値あり,
QQキッズ,QQ English キッズ,料金・契約,値段,QQ English キッズ 値段,値あり,
QQキッズ,QQ English キッズ,料金・契約,価格,QQ English キッズ 価格,値あり,
QQキッズ,QQ English キッズ,料金・契約,入会金,QQ English キッズ 入会金,値あり,
QQキッズ,QQ English キッズ,料金・契約,教材費,QQ English キッズ 教材費,値あり,
QQキッズ,QQ English キッズ,料金・契約,高い,QQ English キッズ 高い,値あり,
QQキッズ,QQ English キッズ,料金・契約,安い,QQ English キッズ 安い,値あり,
QQキッズ,QQ English キッズ,比較・選択,比較,QQ English キッズ 比較,値あり,
QQキッズ,QQ English キッズ,比較・選択,違い,QQ English キッズ 違い,値あり,
QQキッズ,QQ English キッズ,比較・選択,どっち,QQ English キッズ どっち,値あり,
QQキッズ,QQ English キッズ,比較・選択,おすすめ,QQ English キッズ おすすめ,値あり,
QQキッズ,QQ English キッズ,比較・選択,他社,QQ English キッズ 他社,値あり,
QQキッズ,QQ English キッズ,比較・選択,ランキング,QQ English キッズ ランキング,値あり,
QQキッズ,QQ English キッズ,不安・ネガティブ確認,デメリット,QQ English キッズ デメリット,値あり,
QQキッズ,QQ English キッズ,不安・ネガティブ確認,メリット,QQ English キッズ メリット,値あり,
QQキッズ,QQ English キッズ,不安・ネガティブ確認,怪しい,QQ English キッズ 怪しい,値あり,
QQキッズ,QQ English キッズ,不安・ネガティブ確認,最悪,QQ English キッズ 最悪,値あり,
QQキッズ,QQ English キッズ,不安・ネガティブ確認,失敗,QQ English キッズ 失敗,値あり,
QQキッズ,QQ English キッズ,不安・ネガティブ確認,後悔,QQ English キッズ 後悔,値あり,
QQキッズ,QQ English キッズ,不安・ネガティブ確認,合わない,QQ English キッズ 合わない,値あり,
QQキッズ,QQ English キッズ,不安・ネガティブ確認,向いてない,QQ English キッズ 向いてない,値あり,
QQキッズ,QQ English キッズ,不安・ネガティブ確認,やめたい,QQ English キッズ やめたい,値あり,
QQキッズ,QQ English キッズ,不安・ネガティブ確認,辞めたい,QQ English キッズ 辞めたい,値あり,
QQキッズ,QQ English キッズ,不安・ネガティブ確認,退会,QQ English キッズ 退会,値あり,
QQキッズ,QQ English キッズ,不安・ネガティブ確認,解約,QQ English キッズ 解約,値あり,
QQキッズ,QQ English キッズ,申込直前,無料体験,QQ English キッズ 無料体験,値あり,
QQキッズ,QQ English キッズ,申込直前,体験,QQ English キッズ 体験,値あり,
QQキッズ,QQ English キッズ,申込直前,体験授業,QQ English キッズ 体験授業,値あり,
QQキッズ,QQ English キッズ,申込直前,無料相談,QQ English キッズ 無料相談,値あり,
QQキッズ,QQ English キッズ,申込直前,資料請求,QQ English キッズ 資料請求,値あり,
QQキッズ,QQ English キッズ,申込直前,申し込み,QQ English キッズ 申し込み,値あり,
QQキッズ,QQ English キッズ,申込直前,入会,QQ English キッズ 入会,値あり,
QQキッズ,QQ English キッズ,発達特性との相性,発達障害,QQ English キッズ 発達障害,値あり,
QQキッズ,QQ English キッズ,発達特性との相性,発達障がい,QQ English キッズ 発達障がい,値あり,
QQキッズ,QQ English キッズ,発達特性との相性,グレーゾーン,QQ English キッズ グレーゾーン,値あり,
QQキッズ,QQ English キッズ,発達特性との相性,ADHD,QQ English キッズ ADHD,値あり,
QQキッズ,QQ English キッズ,発達特性との相性,ASD,QQ English キッズ ASD,値あり,
QQキッズ,QQ English キッズ,発達特性との相性,自閉症,QQ English キッズ 自閉症,値あり,
QQキッズ,QQ English キッズ,発達特性との相性,LD,QQ English キッズ LD,値あり,
QQキッズ,QQ English キッズ,発達特性との相性,学習障害,QQ English キッズ 学習障害,値あり,
QQキッズ,QQ English キッズ,発達特性との相性,境界知能,QQ English キッズ 境界知能,値あり,
QQキッズ,QQ English キッズ,発達特性との相性,不登校,QQ English キッズ 不登校,値あり,
QQキッズ,QQ English キッズ,対象・用途,小学生,QQ English キッズ 小学生,値あり,
QQキッズ,QQ English キッズ,対象・用途,中学生,QQ English キッズ 中学生,値あり,
QQキッズ,QQ English キッズ,対象・用途,高校生,QQ English キッズ 高校生,値あり,
QQキッズ,QQ English キッズ,対象・用途,高校受験,QQ English キッズ 高校受験,値あり,
QQキッズ,QQ English キッズ,対象・用途,中学受験,QQ English キッズ 中学受験,値あり,
QQキッズ,QQ English キッズ,対象・用途,大学受験,QQ English キッズ 大学受験,値あり,
QQキッズ,QQ English キッズ,追加：SERP・サジェスト由来,評判 悪い,QQ English キッズ 評判 悪い,値あり,
QQキッズ,QQ English キッズ,追加：SERP・サジェスト由来,やばい,QQ English キッズ やばい,値あり,
QQキッズ,QQ English キッズ,追加：SERP・サジェスト由来,知恵袋,QQ English キッズ 知恵袋,値あり,
QQキッズ,QQ English キッズ,追加：SERP・サジェスト由来,2ch,QQ English キッズ 2ch,値あり,
QQキッズ,QQ English キッズ,追加：SERP・サジェスト由来,料金表,QQ English キッズ 料金表,値あり,
QQキッズ,QQ English キッズ,追加：SERP・サジェスト由来,授業料,QQ English キッズ 授業料,値あり,
QQキッズ,QQ English キッズ,追加：SERP・サジェスト由来,夏期講習,QQ English キッズ 夏期講習,値あり,
QQキッズ,QQ English キッズ,追加：SERP・サジェスト由来,意味ない,QQ English キッズ 意味ない,値あり,
QQキッズ,QQ English キッズ,追加：SERP・サジェスト由来,バイト,QQ English キッズ バイト,値あり,
QQキッズ,QQ English キッズ,追加：SERP・サジェスト由来,求人,QQ English キッズ 求人,値あり,
QQキッズ,QQ English キッズ,追加：KWP KeywordSeed由来,クチコミ,QQ English キッズ クチコミ,値あり,
QQキッズ,QQ English キッズ,追加：KWP KeywordSeed由来,やめとけ,QQ English キッズ やめとけ,値あり,
QQキッズ,QQ English キッズ,追加：KWP KeywordSeed由来,合格実績,QQ English キッズ 合格実績,値あり,
QQキッズ,QQ English キッズ,追加：KWP KeywordSeed由来,時間割,QQ English キッズ 時間割,値あり,
QQキッズ,QQ English キッズ,追加：KWP KeywordSeed由来,キャンペーン,QQ English キッズ キャンペーン,値あり,
QQキッズ,QQ English キッズ,追加：KWP KeywordSeed由来,割引,QQ English キッズ 割引,値あり,
QQキッズ,QQ English キッズ,追加：KWP KeywordSeed由来,コース,QQ English キッズ コース,値あり,
QQキッズ,QQ English キッズ,追加：KWP KeywordSeed由来,春期講習,QQ English キッズ 春期講習,値あり,
QQキッズ,QQ English キッズ,追加：KWP KeywordSeed由来,冬期講習,QQ English キッズ 冬期講習,値あり,
QQキッズ,QQ English キッズ,追加：KWP KeywordSeed由来,電話番号,QQ English キッズ 電話番号,値あり,
QQキッズ,QQ English キッズ,追加：KWP KeywordSeed由来,ホームページ,QQ English キッズ ホームページ,値あり,
QQキッズ,QQ English キッズ,追加：KWP KeywordSeed由来,株式会社,QQ English キッズ 株式会社,値あり,
QQキッズ,QQ English キッズ,追加：KWP KeywordSeed由来,講師,QQ English キッズ 講師,値あり,
QQキッズ,QQ English キッズ,追加：KWP KeywordSeed由来,とは,QQ English キッズ とは,値あり,
